Rk,Player,Age,Tm,G,GS,MP,FG,FGA,FG%,3P,3PA,3P%,FT,FTA,FT%,ORB,DRB,TRB,AST,STL,BLK,TOV,PF,PTS
1,Kareem Abdul-Jabbar*,36,LAL,80,80,2622,716,1238,.578,0,1,.000,285,394,.723,169,418,587,211,55,143,221,211,1717
2,Alvan Adams,29,PHO,70,13,1452,269,582,.462,0,4,.000,132,160,.825,118,201,319,219,73,31,117,195,670
3,Mark Aguirre,24,DAL,79,79,2900,925,1765,.524,15,56,.268,465,621,.749,161,308,469,358,80,22,285,246,2330
4,Danny Ainge,24,BOS,71,3,1154,166,361,.460,6,22,.273,46,56,.821,29,87,116,162,41,4,70,143,384
5,J.J. Anderson,23,UTA,48,0,311,55,130,.423,0,3,.000,12,29,.414,38,25,63,22,15,9,20,28,122
6,Richard Anderson,23,DEN,78,17,1380,272,638,.426,3,19,.158,116,150,.773,136,270,406,193,46,28,109,183,663
7,Tiny Archibald*,35,MIL,46,46,1038,136,279,.487,4,18,.222,64,101,.634,16,60,76,160,33,0,78,78,340
8,Ken Austin,22,DET,7,0,28,6,13,.462,0,0,,0,0,,2,1,3,1,1,1,3,7,12
9,John Bagley,23,CLE,76,19,1712,257,607,.423,2,17,.118,157,198,.793,49,107,156,333,78,4,170,113,673
10,James Bailey,26,HOU,73,0,1174,254,517,.491,0,1,.000,138,192,.719,104,190,294,79,33,40,101,197,646
11,Thurl Bailey,22,UTA,81,54,2009,302,590,.512,0,0,,88,117,.752,115,349,464,129,38,122,105,193,692
12,Greg Ballard,29,WSB,82,82,2701,510,1061,.481,2,15,.133,166,208,.798,140,348,488,290,94,35,142,214,1188
13,Gene Banks,24,SAS,80,66,2600,424,747,.568,1,6,.167,200,270,.741,204,378,582,254,105,23,166,256,1049
14,Dave Batton,27,SAS,4,0,31,5,10,.500,0,0,,0,0,,1,3,4,3,0,3,4,5,10
15,Kent Benson,29,DET,82,58,1734,248,451,.550,0,1,.000,83,101,.822,117,292,409,130,71,53,79,230,579
16,Larry Bird*,27,BOS,79,77,3028,758,1542,.492,18,73,.247,374,421,.888,181,615,796,520,144,69,237,197,1908
17,Otis Birdsong,28,NJN,69,57,2168,583,1147,.508,5,20,.250,194,319,.608,74,96,170,266,86,17,170,180,1365
18,Rolando Blackman,24,DAL,81,81,3025,721,1320,.546,1,11,.091,372,458,.812,124,249,373,288,56,37,169,127,1815
19,Tom Boswell,30,UTA,38,0,261,28,52,.538,1,1,1.000,16,21,.762,28,36,64,16,9,0,13,58,73
20,Charles Bradley,24,SEA,8,0,39,3,7,.429,0,0,,5,7,.714,0,3,3,5,0,1,8,6,11
Rk,Player,Age,Tm,G,GS,MP,FG,FGA,FG%,3P,3PA,3P%,FT,FTA,FT%,ORB,DRB,TRB,AST,STL,BLK,TOV,PF,PTS
21,Mike Bratz,28,GSW,82,0,1428,213,521,.409,15,51,.294,120,137,.876,41,102,143,252,84,6,109,155,561
22,Randy Breuer,23,MIL,57,8,472,68,177,.384,0,0,,32,46,.696,48,61,109,17,11,38,35,98,168
23,Ron Brewer,28,TOT,53,8,992,179,403,.444,3,14,.214,52,67,.776,22,41,63,50,24,21,40,64,413
23,Ron Brewer,28,GSW,13,3,210,27,58,.466,0,1,.000,11,17,.647,5,8,13,6,6,5,7,10,65
23,Ron Brewer,28,SAS,40,5,782,152,345,.441,3,13,.231,41,50,.820,17,33,50,44,18,16,33,54,348
24,Junior Bridgeman,30,MIL,81,10,2431,509,1094,.465,6,31,.194,196,243,.807,80,252,332,265,53,14,148,224,1220
25,Michael Brooks,25,SDC,47,30,1405,213,445,.479,0,5,.000,104,151,.689,142,200,342,88,50,14,78,125,530
26,Fred Brown,35,SEA,71,1,1129,258,506,.510,9,34,.265,77,86,.895,14,48,62,194,49,2,70,84,602
27,Rickey Brown,25,ATL,68,3,785,94,201,.468,0,0,,48,65,.738,67,114,181,29,18,23,53,161,236
28,Wallace Bryant,24,CHI,29,0,317,52,133,.391,0,0,,14,33,.424,37,43,80,13,9,11,16,48,118
29,Quinn Buckner,29,BOS,79,0,1249,138,323,.427,0,6,.000,48,74,.649,41,96,137,214,84,3,100,187,324
30,Don Buse,33,KCK,76,10,1327,150,352,.426,18,59,.305,63,80,.788,29,87,116,303,86,1,87,62,381
31,Kenny Carr,28,POR,82,57,2455,518,923,.561,0,5,.000,247,367,.673,208,434,642,157,68,33,202,274,1283
32,M.L. Carr,33,BOS,60,1,585,70,171,.409,3,15,.200,42,48,.875,26,49,75,49,17,4,46,67,185
33,Joe Barry Carroll,25,GSW,80,80,2962,663,1390,.477,0,1,.000,313,433,.723,235,401,636,198,103,142,268,244,1639
34,Butch Carter,25,IND,73,54,2045,413,862,.479,15,46,.326,136,178,.764,70,83,153,206,128,13,141,211,977
35,Howard Carter,22,DEN,55,5,688,145,316,.459,5,19,.263,47,61,.770,38,48,86,71,19,4,42,81,342
36,Bill Cartwright,26,NYK,77,77,2487,453,808,.561,0,1,.000,404,502,.805,195,454,649,107,44,97,200,262,1310
37,Harvey Catchings,32,MIL,69,3,1156,61,153,.399,0,1,.000,22,42,.524,89,182,271,43,25,81,57,172,144
38,Tom Chambers,24,SEA,82,44,2570,554,1110,.499,0,12,.000,375,469,.800,219,313,532,133,47,51,192,309,1483
39,Maurice Cheeks,27,PHI,75,75,2494,386,702,.550,8,20,.400,170,232,.733,44,161,205,478,171,20,182,196,950
40,Carlos Clark,23,BOS,31,0,127,19,52,.365,0,2,.000,16,18,.889,7,10,17,17,8,1,12,13,54
Rk,Player,Age,Tm,G,GS,MP,FG,FGA,FG%,3P,3PA,3P%,FT,FTA,FT%,ORB,DRB,TRB,AST,STL,BLK,TOV,PF,PTS
41,Don Collins,25,GSW,61,6,957,187,387,.483,1,5,.200,65,89,.730,62,67,129,67,43,14,80,119,440
42,Leroy Combs,23,IND,48,0,446,81,163,.497,0,3,.000,56,91,.615,19,37,56,38,23,18,46,49,218
43,Lester Conner,24,GSW,82,82,2573,360,730,.493,1,6,.167,186,259,.718,132,173,305,401,162,12,143,176,907
44,Darwin Cook,25,NJN,82,31,1870,304,687,.443,11,46,.239,95,126,.754,51,105,156,356,164,36,142,184,714
45,Jeff Cook,27,CLE,81,21,1950,188,387,.486,1,2,.500,94,130,.723,174,310,484,123,68,47,91,282,471
46,Michael Cooper,27,LAL,82,9,2387,273,549,.497,38,121,.314,155,185,.838,53,209,262,482,113,67,148,267,739
47,Wayne Cooper,27,POR,81,38,1662,304,663,.459,0,7,.000,185,230,.804,176,300,476,76,26,106,110,247,793
48,Dave Corzine,27,CHI,82,82,2674,385,824,.467,3,9,.333,231,275,.840,169,406,575,202,58,120,175,227,1004
49,Charlie Criss,35,TOT,15,0,215,20,52,.385,1,6,.167,12,16,.750,5,15,20,38,8,0,10,11,53
49,Charlie Criss,35,MIL,6,0,107,11,30,.367,1,6,.167,7,11,.636,2,7,9,17,5,0,4,7,30
49,Charlie Criss,35,ATL,9,0,108,9,22,.409,0,0,,5,5,1.000,3,8,11,21,3,0,6,4,23
50,Geoff Crompton,28,CLE,7,0,23,1,8,.125,0,0,,3,6,.500,6,3,9,1,1,1,4,4,5
51,Russell Cross,22,GSW,45,0,354,64,112,.571,0,0,,38,91,.418,35,47,82,22,12,7,19,58,166
52,Pat Cummings,27,DAL,80,80,2492,452,915,.494,0,2,.000,141,190,.742,151,507,658,158,64,23,146,282,1045
53,Terry Cummings,22,SDC,81,80,2907,737,1491,.494,0,3,.000,380,528,.720,323,454,777,139,92,57,218,298,1854
54,Earl Cureton,26,DET,73,0,907,81,177,.458,0,1,.000,31,59,.525,86,201,287,36,24,31,55,143,193
55,Quintin Dailey,23,CHI,82,42,2449,583,1229,.474,4,32,.125,321,396,.811,61,174,235,254,109,11,220,218,1491
56,Adrian Dantley*,27,UTA,79,79,2984,802,1438,.558,1,4,.250,813,946,.859,179,269,448,310,61,4,263,201,2418
57,Brad Davis,28,DAL,81,81,2665,345,651,.530,7,38,.184,199,238,.836,41,146,187,561,94,13,166,218,896
58,Charles Davis,25,WSB,46,0,467,103,218,.472,1,9,.111,24,39,.615,34,69,103,30,14,10,36,58,231
59,Johnny Davis,28,ATL,75,72,2079,354,800,.443,0,8,.000,217,256,.848,53,86,139,326,62,6,134,146,925
60,Walter Davis,29,PHO,78,70,2546,652,1274,.512,20,87,.230,233,270,.863,38,164,202,429,107,12,213,202,1557
Rk,Player,Age,Tm,G,GS,MP,FG,FGA,FG%,3P,3PA,3P%,FT,FTA,FT%,ORB,DRB,TRB,AST,STL,BLK,TOV,PF,PTS
61,Darryl Dawkins,27,NJN,81,80,2417,507,855,.593,2,5,.400,341,464,.735,159,382,541,123,60,136,231,386,1357
62,Darren Daye,23,WSB,75,0,1174,180,408,.441,0,6,.000,95,133,.714,90,98,188,176,38,12,96,154,455
63,Kenny Dennard,25,DEN,43,0,413,36,99,.364,3,10,.300,15,24,.625,37,64,101,45,23,8,29,83,90
64,James Donaldson,26,SDC,82,67,2525,360,604,.596,0,0,,249,327,.761,165,484,649,90,40,139,171,214,969
65,John Drew,29,UTA,81,4,1797,511,1067,.479,6,22,.273,402,517,.778,146,192,338,135,88,2,192,208,1430
66,Larry Drew,25,KCK,73,73,2363,474,1026,.462,3,10,.300,243,313,.776,33,113,146,558,121,10,194,170,1194
67,Clyde Drexler*,21,POR,82,3,1408,252,559,.451,1,4,.250,123,169,.728,112,123,235,153,107,29,123,209,628
68,Mike Dunleavy,29,MIL,17,12,404,70,127,.551,19,45,.422,32,40,.800,6,22,28,78,12,1,36,51,191
69,T.R. Dunn,28,DEN,80,74,2705,174,370,.470,0,1,.000,106,145,.731,195,379,574,228,173,32,97,233,454
70,Mark Eaton,27,UTA,82,78,2139,194,416,.466,0,1,.000,73,123,.593,148,447,595,113,25,351,98,303,461
71,Jerry Eaves,24,UTA,80,1,1034,132,293,.451,0,6,.000,92,132,.697,29,56,85,200,33,5,93,90,356
72,Keith Edmonson,23,TOT,55,0,622,158,321,.492,0,0,,94,126,.746,46,42,88,34,26,7,61,83,410
72,Keith Edmonson,23,SAS,40,0,521,135,274,.493,0,0,,76,101,.752,40,30,70,27,22,6,45,67,346
72,Keith Edmonson,23,DEN,15,0,101,23,47,.489,0,0,,18,25,.720,6,12,18,7,4,1,16,16,64
73,Franklin Edwards,24,PHI,60,0,654,84,221,.380,0,1,.000,34,48,.708,12,47,59,90,31,5,46,78,202
74,James Edwards,28,PHO,72,67,1897,438,817,.536,0,1,.000,183,254,.720,108,240,348,184,23,30,140,254,1059
75,Craig Ehlo,22,HOU,7,0,63,11,27,.407,0,0,,1,1,1.000,4,5,9,6,3,0,3,13,23
76,Dale Ellis,23,DAL,67,2,1059,225,493,.456,12,29,.414,87,121,.719,106,144,250,56,41,9,78,118,549
77,Len Elmore,31,NYK,65,5,832,64,157,.408,0,0,,27,38,.711,62,103,165,30,29,30,46,153,155
78,Chris Engler,24,GSW,46,1,360,33,83,.398,0,0,,14,23,.609,27,70,97,11,9,3,24,68,80
79,Alex English*,30,DEN,82,77,2870,907,1714,.529,1,7,.143,352,427,.824,216,248,464,406,83,95,222,252,2167
80,Julius Erving*,33,PHI,77,77,2683,678,1324,.512,7,21,.333,364,483,.754,190,342,532,309,141,139,230,217,1727
Rk,Player,Age,Tm,G,GS,MP,FG,FGA,FG%,3P,3PA,3P%,FT,FTA,FT%,ORB,DRB,TRB,AST,STL,BLK,TOV,PF,PTS
81,Mike Evans,28,DEN,78,5,1687,243,564,.431,32,89,.360,111,131,.847,23,115,138,288,61,4,117,175,629
82,Eric Fernsten,30,NYK,32,0,402,29,52,.558,0,0,,25,34,.735,29,57,86,11,16,8,19,49,83
83,Sleepy Floyd,23,GSW,77,73,2555,484,1045,.463,8,45,.178,315,386,.816,87,184,271,269,103,31,196,216,1291
84,Phil Ford,27,HOU,81,55,2020,236,470,.502,2,15,.133,98,117,.838,28,109,137,410,59,8,135,243,572
85,Rod Foster,23,PHO,80,34,1424,260,580,.448,22,84,.262,122,155,.787,39,81,120,172,54,9,108,193,664
86,World B. Free,30,CLE,75,71,2375,626,1407,.445,22,69,.319,395,504,.784,89,128,217,226,94,8,154,214,1669
87,Bill Garnett,23,DAL,80,34,1529,141,299,.472,0,2,.000,129,176,.733,123,208,331,128,44,66,68,217,411
88,Calvin Garrett,27,LAL,41,0,478,78,152,.513,2,6,.333,30,39,.769,24,47,71,31,12,2,34,62,188
89,John Garris,24,CLE,33,1,267,52,102,.510,0,0,,27,34,.794,35,42,77,10,8,6,11,40,131
90,George Gervin*,31,SAS,76,76,2584,765,1561,.490,10,24,.417,427,507,.842,106,207,313,220,79,47,224,219,1967
91,Mike Gibson,23,WSB,32,0,229,21,55,.382,0,0,,11,17,.647,29,37,66,9,5,7,14,30,53
92,Artis Gilmore*,34,SAS,64,59,2034,351,556,.631,0,3,.000,280,390,.718,213,449,662,70,36,132,149,229,982
93,Mike Glenn,28,ATL,81,0,1503,312,554,.563,1,2,.500,56,70,.800,17,87,104,171,46,5,63,146,681
94,Mike Gminski,24,NJN,82,2,1655,237,462,.513,0,3,.000,147,184,.799,161,272,433,92,37,70,120,162,621
95,Stewart Granger,22,CLE,56,13,738,97,226,.429,4,13,.308,53,70,.757,8,47,55,134,24,0,57,97,251
96,Rickey Green,29,UTA,81,81,2768,439,904,.486,2,17,.118,192,234,.821,56,174,230,748,215,13,172,155,1072
97,Sidney Green,23,CHI,49,0,667,100,228,.439,0,0,,55,77,.714,58,116,174,25,18,17,60,128,255
98,Dave Greenwood,26,CHI,78,76,2718,369,753,.490,0,1,.000,213,289,.737,214,572,786,139,67,72,149,265,951
99,Kevin Grevey,30,MIL,64,3,923,178,395,.451,15,53,.283,75,84,.893,30,51,81,75,27,4,45,95,446
100,Darrell Griffith,25,UTA,82,82,2650,697,1423,.490,91,252,.361,151,217,.696,95,243,338,283,114,23,243,202,1636
Rk,Player,Age,Tm,G,GS,MP,FG,FGA,FG%,3P,3PA,3P%,FT,FTA,FT%,ORB,DRB,TRB,AST,STL,BLK,TOV,PF,PTS
101,Ernie Grunfeld,28,NYK,76,6,1119,166,362,.459,2,9,.222,64,83,.771,24,97,121,108,43,7,71,151,398
102,Bob Hansen,23,UTA,55,0,419,65,145,.448,0,8,.000,18,28,.643,13,35,48,44,15,4,35,62,148
103,Bill Hanzlik,26,DEN,80,14,1469,132,306,.431,3,12,.250,167,207,.807,66,139,205,252,68,19,109,255,434
104,Derek Harper,22,DAL,82,1,1712,200,451,.443,3,26,.115,66,98,.673,53,119,172,239,95,21,111,143,469
105,Scott Hastings,23,ATL,68,8,1135,111,237,.468,1,4,.250,82,104,.788,96,174,270,46,40,36,66,220,305
106,Steve Hawes,33,SEA,79,0,1153,114,237,.481,1,4,.250,61,78,.782,50,170,220,99,24,16,52,144,290
107,Elvin Hayes*,38,HOU,81,4,994,158,389,.406,0,2,.000,86,132,.652,87,173,260,71,16,28,82,123,402
108,Steve Hayes,28,SEA,43,0,253,26,50,.520,0,0,,5,14,.357,19,43,62,13,5,18,13,52,57
109,Gerald Henderson,28,BOS,78,78,2088,376,718,.524,20,57,.351,136,177,.768,68,79,147,300,117,14,161,209,908
110,Rod Higgins,24,CHI,78,6,1577,193,432,.447,1,22,.045,113,156,.724,87,119,206,116,49,29,76,161,500
111,Johnny High,26,PHO,29,9,512,18,52,.346,0,2,.000,10,29,.345,16,50,66,51,40,11,38,84,46
112,Armond Hill,30,ATL,15,2,181,14,46,.304,0,0,,17,21,.810,2,8,10,35,7,0,14,30,45
113,Roy Hinson,22,CLE,80,61,1858,184,371,.496,0,0,,69,117,.590,175,324,499,69,31,145,109,306,437
114,Craig Hodges,23,SDC,76,28,1571,258,573,.450,10,46,.217,66,88,.750,22,64,86,116,58,1,85,166,592
115,Lionel Hollins,30,DET,32,0,216,24,63,.381,0,2,.000,11,13,.846,4,18,22,62,13,1,24,26,59
116,Phil Hubbard,27,CLE,80,6,1799,321,628,.511,0,1,.000,221,299,.739,172,208,380,86,71,6,115,244,863
117,Geoff Huston,26,CLE,77,56,2041,348,699,.498,2,11,.182,110,154,.714,32,64,96,413,38,1,145,126,808
118,Marc Iavaroni,27,PHI,78,71,1532,149,322,.463,0,2,.000,97,131,.740,91,219,310,95,36,55,124,222,395
119,Dan Issel*,35,DEN,76,66,2076,569,1153,.493,4,19,.211,364,428,.850,112,401,513,173,60,44,122,182,1506
120,Tracy Jackson,24,IND,2,0,10,1,4,.250,0,0,,4,4,1.000,1,0,1,0,0,0,1,3,6
Rk,Player,Age,Tm,G,GS,MP,FG,FGA,FG%,3P,3PA,3P%,FT,FTA,FT%,ORB,DRB,TRB,AST,STL,BLK,TOV,PF,PTS
121,Clay Johnson,27,SEA,25,0,176,20,50,.400,1,1,1.000,14,22,.636,6,6,12,14,8,2,12,24,55
122,Clemon Johnson,27,PHI,80,10,1721,193,412,.468,0,0,,69,113,.611,131,267,398,55,35,65,95,205,455
123,Dennis Johnson*,29,BOS,80,78,2665,384,878,.437,4,32,.125,281,330,.852,87,193,280,338,93,57,172,251,1053
124,Eddie Johnson,24,KCK,82,82,2920,753,1552,.485,20,64,.313,268,331,.810,165,290,455,296,76,21,213,266,1794
125,Eddie Johnson,28,ATL,67,43,1893,353,798,.442,16,43,.372,164,213,.770,31,115,146,374,58,7,173,155,886
126,Frank Johnson,25,WSB,82,81,2686,392,840,.467,11,43,.256,187,252,.742,58,126,184,567,96,6,191,174,982
127,George Johnson,27,IND,81,20,2073,411,884,.465,11,47,.234,223,270,.826,139,321,460,195,82,49,186,256,1056
128,Magic Johnson*,24,LAL,67,66,2567,441,780,.565,6,29,.207,290,358,.810,99,392,491,875,150,49,306,169,1178
129,Marques Johnson,27,MIL,74,74,2715,646,1288,.502,2,13,.154,241,340,.709,173,307,480,315,115,45,180,194,1535
130,Mickey Johnson,31,GSW,78,25,2122,359,852,.421,5,29,.172,339,432,.785,198,320,518,219,101,30,216,290,1062
131,Reggie Johnson,26,NJN,72,4,818,127,256,.496,0,1,.000,92,126,.730,53,85,138,40,24,18,59,141,346
132,Steve Johnson,26,TOT,81,21,1487,302,540,.559,0,0,,165,287,.575,162,256,418,81,37,69,164,307,769
132,Steve Johnson,26,KCK,50,12,893,189,342,.553,0,0,,101,177,.571,94,158,252,63,22,48,105,188,479
132,Steve Johnson,26,CHI,31,9,594,113,198,.571,0,0,,64,110,.582,68,98,166,18,15,21,59,119,290
133,Vinnie Johnson,27,DET,82,0,1909,426,901,.473,4,19,.211,207,275,.753,130,107,237,271,44,19,135,196,1063
134,Bobby Jones,32,PHI,75,0,1761,226,432,.523,0,1,.000,167,213,.784,92,231,323,187,107,103,101,199,619
135,Caldwell Jones,33,HOU,81,73,2506,318,633,.502,1,3,.333,164,196,.837,168,414,582,156,46,80,158,335,801
136,Charles Jones,26,PHI,1,0,3,0,1,.000,0,0,,1,4,.250,0,0,0,0,0,0,0,1,1
137,Edgar Jones,27,SAS,81,33,1770,322,644,.500,6,19,.316,176,242,.727,143,306,449,85,64,107,125,298,826
138,Hutch Jones,24,SDC,4,0,18,0,3,.000,0,0,,1,4,.250,0,0,0,0,1,0,2,0,1
139,Major Jones,30,HOU,57,5,473,70,130,.538,0,0,,30,49,.612,33,82,115,28,14,14,30,63,170
140,Mark Jones,22,NJN,6,0,16,3,6,.500,0,1,.000,1,2,.500,2,0,2,5,0,0,2,2,7
Rk,Player,Age,Tm,G,GS,MP,FG,FGA,FG%,3P,3PA,3P%,FT,FTA,FT%,ORB,DRB,TRB,AST,STL,BLK,TOV,PF,PTS
141,Eddie Jordan,29,TOT,16,0,210,17,49,.347,0,3,.000,8,12,.667,3,14,17,44,25,0,26,37,42
141,Eddie Jordan,29,POR,13,0,183,13,41,.317,0,3,.000,7,10,.700,3,10,13,39,21,0,18,32,33
141,Eddie Jordan,29,LAL,3,0,27,4,8,.500,0,0,,1,2,.500,0,4,4,5,4,0,8,5,9
142,Rich Kelley,30,UTA,75,30,1674,132,264,.500,0,0,,124,162,.765,140,350,490,157,55,29,148,273,388
143,Clark Kellogg,22,IND,79,79,2676,619,1193,.519,7,21,.333,261,340,.768,230,489,719,234,121,28,218,242,1506
144,Greg Kelser,26,SDC,80,21,1783,313,603,.519,2,6,.333,250,356,.702,188,203,391,91,68,31,195,249,878
145,Albert King,24,NJN,79,53,2103,465,946,.492,3,22,.136,232,295,.786,125,263,388,203,91,33,208,258,1165
146,Bernard King,27,NYK,77,76,2667,795,1391,.572,0,4,.000,437,561,.779,123,271,394,164,75,17,197,273,2027
147,Reggie King,26,SEA,77,42,2086,233,448,.520,0,2,.000,136,206,.660,134,336,470,179,54,24,127,159,602
148,Greg Kite,22,BOS,35,1,197,30,66,.455,0,0,,5,16,.313,27,35,62,7,1,5,20,42,65
149,Billy Knight,31,KCK,75,39,1885,358,729,.491,4,14,.286,243,283,.859,89,166,255,160,54,6,155,122,963
150,Joe Kopicki,23,WSB,59,2,678,64,132,.485,1,7,.143,91,112,.813,64,102,166,46,15,5,39,71,220
151,Bruce Kuczenski,22,TOT,15,2,119,10,37,.270,0,0,,8,12,.667,7,16,23,8,1,1,15,18,28
151,Bruce Kuczenski,22,NJN,7,0,28,4,12,.333,0,0,,3,6,.500,3,5,8,4,0,0,2,3,11
151,Bruce Kuczenski,22,PHI,3,2,40,1,8,.125,0,0,,1,2,.500,1,5,6,2,1,1,5,7,3
151,Bruce Kuczenski,22,IND,5,0,51,5,17,.294,0,0,,4,4,1.000,3,6,9,2,0,0,8,8,14
152,Mitch Kupchak,29,LAL,34,3,324,41,108,.380,0,1,.000,22,34,.647,35,52,87,7,4,6,22,46,104
153,Bill Laimbeer,26,DET,82,82,2864,553,1044,.530,0,11,.000,316,365,.866,329,674,1003,149,49,84,151,273,1422
154,Jeff Lamp,24,POR,64,0,660,128,261,.490,2,13,.154,60,67,.896,23,40,63,51,22,4,52,67,318
155,Mark Landsberger,28,ATL,35,0,335,19,51,.373,0,0,,15,26,.577,42,77,119,10,6,3,21,32,53
156,Bob Lanier*,35,MIL,72,72,2007,392,685,.572,0,3,.000,194,274,.708,141,314,455,186,58,51,163,228,978
157,Allen Leavell,26,HOU,82,27,2009,349,731,.477,11,71,.155,238,286,.832,31,86,117,459,107,12,184,199,947
158,Ronnie Lester,25,CHI,43,3,687,78,188,.415,1,5,.200,75,87,.862,20,26,46,168,30,6,72,59,232
159,Fat Lever,23,POR,81,22,2010,313,701,.447,3,15,.200,159,214,.743,96,122,218,372,135,31,125,178,788
160,Cliff Levingston,23,DET,80,24,1746,229,436,.525,0,3,.000,125,186,.672,234,311,545,109,44,78,77,281,583
Rk,Player,Age,Tm,G,GS,MP,FG,FGA,FG%,3P,3PA,3P%,FT,FTA,FT%,ORB,DRB,TRB,AST,STL,BLK,TOV,PF,PTS
161,Steve Lingenfelter,25,SAS,3,0,14,1,1,1.000,0,0,,0,2,.000,3,1,4,1,0,0,1,6,2
162,Alton Lister,25,MIL,82,72,1955,256,512,.500,0,0,,114,182,.626,156,447,603,110,41,140,153,327,626
163,Lewis Lloyd,24,HOU,82,82,2578,610,1182,.516,3,13,.231,235,298,.789,128,167,295,321,102,44,245,211,1458
164,Darrell Lockhart,23,SAS,2,0,14,2,2,1.000,0,0,,0,0,,0,3,3,0,0,0,2,5,4
165,Kevin Loder,24,TOT,11,0,137,19,43,.442,1,3,.333,9,13,.692,7,11,18,14,3,5,11,16,48
165,Kevin Loder,24,KCK,10,0,133,19,43,.442,1,3,.333,9,13,.692,7,11,18,14,3,5,11,15,48
165,Kevin Loder,24,SDC,1,0,4,0,0,,0,0,,0,0,,0,0,0,0,0,0,0,1,0
166,John Long,27,DET,82,82,2514,545,1155,.472,1,5,.200,243,275,.884,139,150,289,205,93,18,143,199,1334
167,Sidney Lowe,24,IND,78,2,1238,107,259,.413,2,18,.111,108,139,.777,30,92,122,269,93,5,106,112,324
168,John Lucas,30,SAS,63,39,1807,275,595,.462,19,69,.275,120,157,.764,23,157,180,673,92,5,147,123,689
169,Maurice Lucas,31,PHO,75,69,2309,451,908,.497,0,5,.000,293,383,.765,208,517,725,203,55,39,177,235,1195
170,Rudy Macklin,25,NYK,8,0,65,12,30,.400,0,0,,11,13,.846,5,6,11,3,1,0,6,17,35
171,Kyle Macy,26,PHO,82,45,2402,357,713,.501,23,70,.329,95,114,.833,49,137,186,353,123,6,116,181,832
172,Rick Mahorn,25,WSB,82,82,2701,307,605,.507,0,0,,125,192,.651,169,569,738,131,62,123,142,358,739
173,Jeff Malone,22,WSB,81,2,1976,408,918,.444,24,74,.324,142,172,.826,57,98,155,151,23,13,110,162,982
174,Moses Malone*,28,PHI,71,71,2613,532,1101,.483,0,4,.000,545,727,.750,352,598,950,96,71,110,250,188,1609
175,Pace Mannion,23,GSW,57,0,469,50,126,.397,3,13,.231,18,23,.783,23,36,59,47,25,2,23,63,121
176,Wes Matthews,24,TOT,20,5,388,61,131,.466,1,8,.125,27,36,.750,7,20,27,83,16,3,40,45,150
176,Wes Matthews,24,ATL,6,0,96,16,30,.533,0,1,.000,18,22,.818,1,3,4,21,5,1,10,13,50
176,Wes Matthews,24,PHI,14,5,292,45,101,.446,1,7,.143,9,14,.643,6,17,23,62,11,2,30,32,100
177,Cedric Maxwell,28,BOS,80,78,2502,317,596,.532,1,6,.167,320,425,.753,201,260,461,205,63,24,203,224,955
178,Bob McAdoo*,32,LAL,70,0,1456,352,748,.471,0,5,.000,212,264,.803,82,207,289,74,42,50,127,182,916
179,Rodney McCray,22,HOU,79,36,2081,335,672,.499,1,4,.250,182,249,.731,173,277,450,176,53,54,120,205,853
180,Scooter McCray,23,SEA,47,6,520,47,121,.388,0,0,,35,50,.700,45,70,115,44,11,19,34,73,129
Rk,Player,Age,Tm,G,GS,MP,FG,FGA,FG%,3P,3PA,3P%,FT,FTA,FT%,ORB,DRB,TRB,AST,STL,BLK,TOV,PF,PTS
181,Hank McDowell,24,SDC,57,0,611,85,197,.431,0,3,.000,38,56,.679,63,92,155,37,14,2,49,77,208
182,Mike McGee,24,LAL,77,45,1425,347,584,.594,2,12,.167,61,113,.540,117,76,193,81,49,6,111,176,757
183,Kevin McHale*,26,BOS,82,10,2577,587,1055,.556,1,3,.333,336,439,.765,208,402,610,104,23,126,150,243,1511
184,Kevin McKenna,25,IND,61,13,923,152,371,.410,3,17,.176,80,98,.816,30,65,95,114,46,5,62,133,387
185,Billy McKinney,28,SDC,80,0,843,136,305,.446,0,2,.000,39,46,.848,7,47,54,161,27,0,48,84,311
186,Tom McMillen,31,WSB,62,5,1294,222,447,.497,1,6,.167,127,156,.814,64,135,199,73,14,17,70,162,572
187,Mark McNamara,24,SAS,70,3,1037,157,253,.621,0,0,,74,157,.471,137,180,317,31,14,12,89,138,388
188,Joe Meriweather,30,KCK,73,31,1501,193,363,.532,0,0,,94,123,.764,111,242,353,51,35,61,83,247,480
189,Larry Micheaux,23,KCK,39,0,332,49,90,.544,0,0,,21,39,.538,40,73,113,19,21,11,21,46,119
190,Bob Miller,27,SAS,2,0,8,2,3,.667,0,0,,0,0,,2,3,5,1,0,1,0,5,4
191,Mike Mitchell,28,SAS,79,79,2853,779,1597,.488,6,14,.429,275,353,.779,188,382,570,93,62,73,141,251,1839
192,Paul Mokeski,27,MIL,68,4,838,102,213,.479,1,3,.333,50,72,.694,51,115,166,44,11,29,44,168,255
193,Sidney Moncrief,26,MIL,79,79,3075,560,1125,.498,5,18,.278,529,624,.848,215,313,528,358,108,27,217,204,1654
194,Johnny Moore,25,SAS,59,42,1650,231,518,.446,28,87,.322,105,139,.755,37,141,178,566,123,20,143,168,595
195,Larry Nance,24,PHO,82,82,2899,601,1044,.576,0,7,.000,249,352,.707,227,451,678,214,86,174,177,274,1451
196,Swen Nater,34,LAL,69,0,829,124,253,.490,0,1,.000,63,91,.692,81,183,264,27,25,7,68,150,311
197,Calvin Natt,27,POR,79,74,2638,500,857,.583,2,17,.118,275,345,.797,166,310,476,179,69,22,166,218,1277
198,Ed Nealy,23,KCK,71,1,960,63,126,.500,0,0,,48,60,.800,73,149,222,50,41,9,33,138,174
199,Kurt Nimphius,25,DAL,82,46,2284,272,523,.520,1,4,.250,101,162,.623,182,331,513,176,41,144,98,283,646
200,Norm Nixon,28,SDC,82,82,3053,587,1270,.462,11,46,.239,206,271,.760,56,147,203,914,94,4,257,180,1391
Rk,Player,Age,Tm,G,GS,MP,FG,FGA,FG%,3P,3PA,3P%,FT,FTA,FT%,ORB,DRB,TRB,AST,STL,BLK,TOV,PF,PTS
201,Audie Norris,23,POR,79,1,1157,124,246,.504,0,0,,104,149,.698,82,175,257,76,30,34,114,231,352
202,Mike O'Koren,25,NJN,73,25,1191,186,385,.483,5,28,.179,53,87,.609,71,104,175,95,34,11,75,148,430
203,Mark Olberding,27,KCK,81,81,2160,249,504,.494,0,1,.000,261,318,.821,119,326,445,192,50,28,166,291,759
204,Jawann Oldham,26,CHI,64,0,870,110,218,.505,0,0,,39,66,.591,75,158,233,33,15,76,83,139,259
205,Louis Orr,25,NYK,78,20,1640,262,572,.458,0,0,,173,211,.820,101,127,228,61,66,17,95,142,697
206,Robert Parish*,30,BOS,80,79,2867,623,1140,.546,0,0,,274,368,.745,243,614,857,139,55,116,184,266,1520
207,Billy Paultz,35,ATL,40,4,486,36,88,.409,0,0,,17,33,.515,35,78,113,18,8,7,22,57,89
208,Jim Paxson,26,POR,81,81,2686,680,1322,.514,17,59,.288,345,410,.841,68,105,173,251,122,10,142,165,1722
209,John Paxson,23,SAS,49,0,458,61,137,.445,4,22,.182,16,26,.615,4,29,33,149,10,2,32,47,142
210,Roger Phegley,27,TOT,13,0,87,11,35,.314,2,5,.400,4,4,1.000,2,9,11,11,1,0,6,11,28
210,Roger Phegley,27,SAS,3,0,11,2,4,.500,1,1,1.000,2,2,1.000,0,2,2,2,0,0,1,1,7
210,Roger Phegley,27,DAL,10,0,76,9,31,.290,1,4,.250,2,2,1.000,2,7,9,9,1,0,5,10,21
211,Ricky Pierce,24,SDC,69,35,1280,268,570,.470,0,9,.000,149,173,.861,59,76,135,60,27,13,81,143,685
212,John Pinone,22,ATL,7,0,65,7,13,.538,0,0,,6,10,.600,0,10,10,3,2,1,5,11,20
213,Tom Piotrowski,23,POR,18,0,78,12,26,.462,0,0,,6,6,1.000,6,10,16,5,1,3,6,22,30
214,Charles Pittman,25,PHO,69,8,989,126,209,.603,0,2,.000,69,101,.683,76,138,214,70,16,22,81,129,321
215,Ben Poquette,28,CLE,51,4,858,75,171,.439,1,5,.200,34,43,.791,57,125,182,49,20,33,28,114,185
216,Paul Pressey,25,MIL,81,18,1730,276,528,.523,2,9,.222,120,200,.600,102,180,282,252,86,50,157,241,674
217,Kurt Rambis,25,LAL,47,31,743,63,113,.558,0,0,,42,66,.636,82,184,266,34,30,14,56,108,168
218,Kelvin Ransey,25,NJN,80,50,1937,304,700,.434,7,32,.219,145,183,.792,28,99,127,483,91,6,141,182,760
219,Leo Rautins,23,PHI,28,3,196,21,58,.362,0,0,,6,10,.600,9,24,33,29,9,2,19,31,48
220,Robert Reid,28,HOU,64,28,1936,406,857,.474,2,8,.250,81,123,.659,97,244,341,217,88,30,92,243,895
Rk,Player,Age,Tm,G,GS,MP,FG,FGA,FG%,3P,3PA,3P%,FT,FTA,FT%,ORB,DRB,TRB,AST,STL,BLK,TOV,PF,PTS
221,Clint Richardson,27,PHI,69,12,1571,221,473,.467,0,4,.000,79,103,.767,62,103,165,155,49,23,100,145,521
222,Micheal Ray Richardson,28,NJN,48,25,1285,243,528,.460,14,58,.241,76,108,.704,56,116,172,214,103,20,118,156,576
223,Doc Rivers,22,ATL,81,47,1938,250,541,.462,2,12,.167,255,325,.785,72,148,220,314,127,30,174,286,757
224,Anthony Roberts,28,DEN,19,0,197,34,91,.374,0,0,,13,18,.722,20,31,51,13,5,1,17,43,81
225,Fred Roberts,23,SAS,79,8,1531,214,399,.536,1,4,.250,144,172,.837,102,202,304,98,52,38,100,219,573
226,Rick Robey,28,PHO,61,4,856,140,257,.545,1,1,1.000,61,88,.693,80,118,198,65,20,14,77,120,342
227,Cliff Robinson,23,CLE,73,70,2402,533,1185,.450,1,2,.500,234,334,.701,156,597,753,185,51,32,187,195,1301
228,Truck Robinson,32,NYK,65,63,2135,284,581,.489,0,0,,133,206,.646,171,374,545,94,43,27,160,217,701
229,Dave Robisch,34,TOT,31,0,340,35,96,.365,0,0,,22,26,.846,15,43,58,20,3,2,12,36,92
229,Dave Robisch,34,DEN,19,0,141,13,40,.325,0,0,,11,13,.846,1,20,21,13,0,1,11,13,37
229,Dave Robisch,34,SAS,4,0,37,4,8,.500,0,0,,0,0,,2,6,8,1,0,0,1,8,8
229,Dave Robisch,34,KCK,8,0,162,18,48,.375,0,0,,11,13,.846,12,17,29,6,3,1,0,15,47
230,Tree Rollins,28,ATL,77,76,2351,274,529,.518,0,0,,118,190,.621,200,393,593,62,35,277,101,297,666
231,Lorenzo Romar,25,TOT,68,9,1022,161,351,.459,4,33,.121,67,94,.713,21,72,93,193,55,8,63,77,393
231,Lorenzo Romar,25,GSW,3,0,15,2,5,.400,0,1,.000,2,4,.500,0,1,1,1,0,0,0,1,6
231,Lorenzo Romar,25,MIL,65,9,1007,159,346,.460,4,32,.125,65,90,.722,21,71,92,192,55,8,63,76,387
232,Dan Roundfield,30,ATL,73,72,2610,503,1038,.485,0,11,.000,374,486,.770,206,515,721,184,61,74,205,221,1380
233,Jeff Ruland,25,WSB,75,75,3082,599,1035,.579,1,7,.143,466,636,.733,265,657,922,296,68,72,342,285,1665
234,Walker Russell,23,DET,16,0,119,14,42,.333,1,2,.500,12,13,.923,6,13,19,22,4,0,9,25,41
235,Ralph Sampson*,23,HOU,82,82,2693,716,1369,.523,1,4,.250,287,434,.661,293,620,913,163,70,197,294,339,1720
236,Mike Sanders,23,PHO,50,0,586,97,203,.478,0,0,,29,42,.690,40,63,103,44,23,12,44,101,223
237,DeWayne Scales,25,WSB,2,0,13,3,5,.600,0,0,,0,2,.000,0,3,3,0,1,0,2,1,6
238,Danny Schayes,24,DEN,82,15,1420,183,371,.493,0,2,.000,215,272,.790,145,288,433,91,32,60,119,308,581
239,Alvin Scott,28,PHO,65,5,735,55,124,.444,1,2,.500,56,72,.778,29,71,100,48,19,20,42,85,167
240,Byron Scott,22,LAL,74,49,1637,334,690,.484,8,34,.235,112,139,.806,50,114,164,177,81,19,116,174,788
Rk,Player,Age,Tm,G,GS,MP,FG,FGA,FG%,3P,3PA,3P%,FT,FTA,FT%,ORB,DRB,TRB,AST,STL,BLK,TOV,PF,PTS
241,Lonnie Shelton,28,CLE,79,78,2101,371,779,.476,1,5,.200,107,140,.764,140,241,381,179,76,55,165,279,850
242,Purvis Short,26,GSW,79,76,2945,714,1509,.473,22,72,.306,353,445,.793,184,254,438,246,103,11,228,252,1803
243,Jerry Sichting,27,IND,80,80,2497,397,746,.532,6,20,.300,117,135,.867,44,127,171,457,90,8,144,179,917
244,Jack Sikma,28,SEA,82,82,2993,576,1155,.499,0,2,.000,411,480,.856,225,686,911,327,95,92,236,301,1563
245,Derek Smith,22,SDC,61,20,1297,238,436,.546,1,6,.167,123,163,.755,54,116,170,82,33,22,78,165,600
246,Larry Smith,26,GSW,75,63,2091,244,436,.560,0,0,,94,168,.560,282,390,672,72,61,22,124,274,582
247,Ricky Sobers,31,WSB,81,81,2624,508,1115,.456,29,111,.261,221,264,.837,51,128,179,377,117,17,222,278,1266
248,Jim Spanarkel,26,DAL,7,0,54,7,16,.438,1,2,.500,9,13,.692,5,2,7,5,6,0,4,8,24
249,Rory Sparrow,25,NYK,79,74,2436,350,738,.474,10,39,.256,108,131,.824,48,141,189,539,100,8,210,230,818
250,Larry Spriggs,24,LAL,38,0,363,44,82,.537,0,2,.000,36,50,.720,16,45,61,30,12,4,34,55,124
251,Brook Steppe,24,IND,61,13,857,148,314,.471,0,3,.000,134,161,.832,43,79,122,79,34,6,83,93,430
252,Steve Stipanovich,23,IND,81,73,2426,392,816,.480,3,16,.188,183,243,.753,116,446,562,170,73,67,161,303,970
253,Jon Sundvold,22,SEA,73,2,1284,217,488,.445,9,37,.243,64,72,.889,23,68,91,239,29,1,81,81,507
254,Dane Suttle,22,KCK,40,1,469,109,214,.509,0,3,.000,40,47,.851,21,25,46,46,20,0,32,46,258
255,Terry Teagle,23,HOU,68,0,616,148,315,.470,7,27,.259,37,44,.841,28,50,78,63,13,4,62,81,340
256,Reggie Theus,26,TOT,61,35,1498,262,625,.419,7,42,.167,214,281,.762,50,79,129,352,50,12,156,171,745
256,Reggie Theus,26,CHI,31,5,601,92,237,.388,3,15,.200,84,108,.778,21,25,46,142,21,3,59,78,271
256,Reggie Theus,26,KCK,30,30,897,170,388,.438,4,27,.148,130,173,.751,29,54,83,210,29,9,97,93,474
257,David Thirdkill,23,DET,46,0,291,31,72,.431,0,1,.000,15,31,.484,9,22,31,27,10,3,19,44,77
258,Isiah Thomas*,22,DET,82,82,3007,669,1448,.462,22,65,.338,388,529,.733,103,224,327,914,204,33,307,324,1748
259,Jim Thomas,23,IND,72,15,1219,187,403,.464,1,11,.091,80,110,.727,59,90,149,130,60,6,69,115,455
260,David Thompson*,29,SEA,19,0,349,89,165,.539,0,1,.000,62,73,.849,18,26,44,13,10,13,27,30,240
Rk,Player,Age,Tm,G,GS,MP,FG,FGA,FG%,3P,3PA,3P%,FT,FTA,FT%,ORB,DRB,TRB,AST,STL,BLK,TOV,PF,PTS
261,LaSalle Thompson,22,KCK,80,38,1915,333,637,.523,0,0,,160,223,.717,260,449,709,86,71,145,168,327,826
262,Mychal Thompson,29,POR,79,74,2648,487,929,.524,0,2,.000,266,399,.667,235,453,688,308,84,108,235,237,1240
263,Paul Thompson,22,CLE,82,10,1731,309,662,.467,9,39,.231,115,149,.772,120,192,312,122,70,37,73,192,742
264,Sedale Threatt,22,PHI,45,0,464,62,148,.419,1,8,.125,23,28,.821,17,23,40,41,13,2,33,65,148
265,Darren Tillis,23,GSW,72,1,730,108,254,.425,0,2,.000,41,63,.651,75,109,184,24,12,60,51,176,257
266,Ray Tolbert,25,DET,49,0,475,64,121,.529,0,1,.000,23,45,.511,45,53,98,26,12,20,26,88,151
267,Andrew Toney,26,PHI,78,72,2556,593,1125,.527,12,38,.316,390,465,.839,57,136,193,373,70,23,297,251,1588
268,Linton Townes,24,TOT,4,0,19,4,8,.500,0,0,,0,0,,0,1,1,1,1,2,1,4,8
268,Linton Townes,24,MIL,2,0,2,1,1,1.000,0,0,,0,0,,0,0,0,0,0,0,0,1,2
268,Linton Townes,24,SDC,2,0,17,3,7,.429,0,0,,0,0,,0,1,1,1,1,2,1,3,6
269,Kelly Tripucka,24,DET,76,75,2493,595,1296,.459,2,17,.118,426,523,.815,119,187,306,228,65,17,190,190,1618
270,Trent Tucker,24,NYK,63,21,1228,225,450,.500,6,16,.375,25,33,.758,43,87,130,138,63,8,54,124,481
271,Elston Turner,24,DAL,47,1,536,54,150,.360,1,9,.111,28,34,.824,42,51,93,59,26,0,29,40,137
272,Terry Tyler,27,DET,82,7,1602,313,691,.453,2,13,.154,94,132,.712,104,181,285,76,63,59,78,151,722
273,Darnell Valentine,24,POR,68,60,1893,251,561,.447,0,3,.000,194,246,.789,49,78,127,395,107,6,149,179,696
274,Kiki Vandeweghe,25,DEN,78,71,2734,895,1603,.558,11,30,.367,494,580,.852,84,289,373,238,53,50,156,187,2295
275,Pete Verhoeven,24,POR,43,0,327,50,100,.500,0,1,.000,17,25,.680,27,34,61,20,22,11,21,75,117
276,Jay Vincent,24,DAL,61,5,1421,252,579,.435,0,1,.000,168,215,.781,81,166,247,114,30,10,113,159,672
277,Danny Vranes,25,SEA,80,72,2174,258,495,.521,0,1,.000,153,236,.648,150,245,395,132,51,54,121,263,669
278,Granville Waiters,23,IND,78,8,1040,123,238,.517,0,1,.000,31,51,.608,64,163,227,60,24,85,65,164,277
279,Darrell Walker,22,NYK,82,0,1324,216,518,.417,4,15,.267,208,263,.791,74,93,167,284,127,15,194,202,644
280,Foots Walker,32,NJN,34,0,378,32,90,.356,2,5,.400,24,27,.889,8,23,31,81,20,3,31,37,90
Rk,Player,Age,Tm,G,GS,MP,FG,FGA,FG%,3P,3PA,3P%,FT,FTA,FT%,ORB,DRB,TRB,AST,STL,BLK,TOV,PF,PTS
281,Wally Walker,29,HOU,58,18,612,118,241,.490,2,6,.333,6,18,.333,26,66,92,55,17,4,33,65,244
282,Bill Walton*,31,SDC,55,46,1476,288,518,.556,0,2,.000,92,154,.597,132,345,477,183,45,88,177,153,668
283,Bryan Warrick,24,WSB,32,0,254,27,66,.409,1,3,.333,8,16,.500,5,17,22,43,9,3,20,37,63
284,Marvin Webster,31,NYK,76,5,1290,112,239,.469,0,0,,66,117,.564,146,220,366,53,34,100,85,187,290
285,Scott Wedman,31,BOS,68,5,916,148,333,.444,2,13,.154,29,35,.829,41,98,139,67,27,7,43,107,327
286,Brant Weidner,23,SAS,8,0,38,2,9,.222,0,0,,4,4,1.000,4,7,11,0,0,2,2,5,8
287,Mark West,23,DAL,34,0,202,15,42,.357,0,0,,7,22,.318,19,27,46,13,1,15,12,55,37
288,Paul Westphal,33,PHO,59,2,865,144,313,.460,7,26,.269,117,142,.824,8,35,43,148,41,6,77,69,412
289,Ennis Whatley,21,CHI,80,73,2159,261,556,.469,0,2,.000,146,200,.730,63,134,197,662,119,17,268,223,668
290,Rory White,24,TOT,36,2,372,80,170,.471,0,0,,26,47,.553,37,37,74,15,15,3,24,31,186
290,Rory White,24,PHO,22,2,308,69,144,.479,0,0,,24,42,.571,30,32,62,14,13,2,18,25,162
290,Rory White,24,MIL,8,0,45,7,17,.412,0,0,,2,5,.400,5,3,8,1,2,1,5,3,16
290,Rory White,24,SDC,6,0,19,4,9,.444,0,0,,0,0,,2,2,4,0,0,0,1,3,8
291,Jerome Whitehead,27,SDC,70,1,921,144,294,.490,0,0,,88,107,.822,94,151,245,19,17,12,59,159,376
292,Mitchell Wiggins,24,CHI,82,40,2123,399,890,.448,7,29,.241,213,287,.742,138,190,328,187,106,11,139,278,1018
293,Jamaal Wilkes*,30,LAL,75,74,2507,542,1055,.514,2,8,.250,208,280,.743,130,210,340,214,72,41,137,205,1294
294,Dominique Wilkins*,24,ATL,81,81,2961,684,1429,.479,0,11,.000,382,496,.770,254,328,582,126,117,87,215,197,1750
295,Jeff Wilkins,28,UTA,81,1,1734,249,520,.479,0,3,.000,134,182,.736,109,346,455,73,27,42,109,205,632
296,Buck Williams,23,NJN,81,81,3003,495,926,.535,0,4,.000,284,498,.570,355,645,1000,130,81,125,237,298,1274
297,Gus Williams,30,SEA,80,80,2818,598,1306,.458,4,25,.160,297,396,.750,67,137,204,675,189,25,232,151,1497
298,Herb Williams,25,IND,69,53,2279,411,860,.478,0,4,.000,207,295,.702,154,400,554,215,60,108,207,193,1029
299,Kevin Williams,22,SAS,19,0,200,25,58,.431,0,1,.000,25,32,.781,4,9,13,43,8,4,22,42,75
300,Ray Williams,29,NYK,76,63,2230,418,939,.445,25,81,.309,263,318,.827,67,200,267,449,162,26,219,274,1124
Rk,Player,Age,Tm,G,GS,MP,FG,FGA,FG%,3P,3PA,3P%,FT,FTA,FT%,ORB,DRB,TRB,AST,STL,BLK,TOV,PF,PTS
301,Rob Williams,22,DEN,79,66,1924,309,671,.461,15,47,.319,171,209,.818,54,140,194,464,84,5,169,268,804
302,Sam Williams,24,TOT,77,12,1434,204,431,.473,0,1,.000,92,140,.657,121,218,339,62,68,106,99,209,500
302,Sam Williams,24,GSW,7,0,59,11,26,.423,0,0,,6,7,.857,4,9,13,2,6,3,3,6,28
302,Sam Williams,24,PHI,70,12,1375,193,405,.477,0,1,.000,86,133,.647,117,209,326,60,62,103,96,203,472
303,Sly Williams,26,ATL,13,1,258,34,114,.298,1,9,.111,36,46,.783,19,31,50,16,14,1,18,33,105
304,Bill Willoughby,26,NJN,67,2,936,124,258,.481,0,7,.000,55,63,.873,75,118,193,56,23,24,53,106,303
305,Michael Wilson,24,WSB,6,0,26,0,2,.000,0,1,.000,1,2,.500,1,0,1,3,0,0,3,5,1
306,Randy Wittman,24,ATL,78,1,1071,160,318,.503,2,5,.400,28,46,.609,14,57,71,71,17,0,32,82,350
307,Al Wood,25,SEA,81,81,2236,467,945,.494,3,21,.143,223,271,.823,94,181,275,166,64,32,126,207,1160
308,Mike Woodson,25,KCK,71,12,1838,389,816,.477,2,8,.250,247,302,.818,62,113,175,175,83,28,115,174,1027
309,Orlando Woolridge,24,CHI,75,74,2544,570,1086,.525,1,2,.500,303,424,.715,130,239,369,136,71,60,188,253,1444
310,James Worthy*,22,LAL,82,53,2415,495,890,.556,0,6,.000,195,257,.759,157,358,515,207,77,70,181,244,1185