Rk,Player,Age,Tm,G,GS,MP,FG,FGA,FG%,3P,3PA,3P%,FT,FTA,FT%,ORB,DRB,TRB,AST,STL,BLK,TOV,PF,PTS
1,Mark Acres,27,ORL,80,50,1691,138,285,.484,3,4,.750,83,120,.692,154,277,431,67,36,25,70,248,362
2,Michael Adams,27,DEN,79,74,2690,398,989,.402,158,432,.366,267,314,.850,49,176,225,495,121,3,141,133,1221
3,Mark Aguirre,30,DET,78,40,2005,438,898,.488,31,93,.333,192,254,.756,117,188,305,145,34,19,121,201,1099
4,Danny Ainge,30,SAC,75,68,2727,506,1154,.438,108,289,.374,222,267,.831,69,257,326,453,113,18,185,238,1342
5,Mark Alarie,26,WSB,82,10,1893,371,785,.473,10,49,.204,108,133,.812,151,223,374,142,60,39,101,219,860
6,Steve Alford,25,DAL,41,0,302,63,138,.457,7,22,.318,35,37,.946,2,23,25,39,15,3,16,22,168
7,Randy Allen,25,SAC,63,6,746,106,239,.444,0,7,.000,23,43,.535,49,89,138,23,16,19,28,102,235
8,Greg Anderson,25,MIL,60,28,1291,219,432,.507,0,0,,91,170,.535,112,261,373,24,32,54,80,176,529
9,Nick Anderson,22,ORL,81,9,1785,372,753,.494,1,17,.059,186,264,.705,107,209,316,124,69,34,138,140,931
10,Richard Anderson,29,CHH,54,2,604,88,211,.417,37,100,.370,18,23,.783,33,94,127,55,20,9,26,64,231
11,Ron Anderson,31,PHI,78,3,2089,379,841,.451,3,21,.143,165,197,.838,81,214,295,143,72,13,78,143,926
12,Willie Anderson,23,SAS,82,81,2788,532,1082,.492,7,26,.269,217,290,.748,115,257,372,364,111,58,198,252,1288
13,Michael Ansley,22,ORL,72,5,1221,231,465,.497,0,0,,164,227,.722,187,175,362,40,24,17,50,152,626
14,B.J. Armstrong,22,CHI,81,0,1291,190,392,.485,3,6,.500,69,78,.885,19,83,102,199,46,6,83,105,452
15,John Bagley,29,BOS,54,17,1095,100,218,.459,1,18,.056,29,39,.744,26,63,89,296,40,4,90,77,230
16,Thurl Bailey,28,UTA,82,33,2583,470,977,.481,0,8,.000,222,285,.779,116,294,410,137,32,100,139,175,1162
17,Ken Bannister,29,LAC,52,1,589,77,161,.478,0,1,.000,52,110,.473,39,73,112,18,17,7,44,92,206
18,Charles Barkley*,26,PHI,79,79,3085,706,1177,.600,20,92,.217,557,744,.749,361,548,909,307,148,50,243,250,1989
19,Dana Barros,22,SEA,81,25,1630,299,738,.405,95,238,.399,89,110,.809,35,97,132,205,53,1,123,97,782
20,John Battle,27,ATL,60,48,1477,275,544,.506,2,13,.154,102,135,.756,27,72,99,154,28,3,89,115,654
Rk,Player,Age,Tm,G,GS,MP,FG,FGA,FG%,3P,3PA,3P%,FT,FTA,FT%,ORB,DRB,TRB,AST,STL,BLK,TOV,PF,PTS
21,Kenny Battle,25,PHO,59,8,729,93,170,.547,1,4,.250,55,82,.671,44,80,124,38,35,11,32,94,242
22,William Bedford,26,DET,42,0,246,54,125,.432,1,6,.167,9,22,.409,15,43,58,4,3,17,21,39,118
23,Benoit Benjamin,25,LAC,71,58,2313,362,688,.526,0,1,.000,235,321,.732,156,501,657,159,59,187,187,217,959
24,Winston Bennett,24,CLE,55,34,990,137,286,.479,0,0,,64,96,.667,84,104,188,54,23,10,62,133,338
25,Larry Bird*,33,BOS,75,75,2944,718,1517,.473,65,195,.333,319,343,.930,90,622,712,562,106,61,243,173,1820
26,Uwe Blab,27,TOT,47,33,531,39,98,.398,0,0,,20,37,.541,29,79,108,25,1,22,35,102,98
26,Uwe Blab,27,GSW,40,33,481,33,87,.379,0,0,,17,31,.548,28,71,99,24,1,22,30,93,83
26,Uwe Blab,27,SAS,7,0,50,6,11,.545,0,0,,3,6,.500,1,8,9,1,0,0,5,9,15
27,Rolando Blackman,30,DAL,80,80,2934,626,1256,.498,13,43,.302,287,340,.844,88,192,280,289,77,21,174,128,1552
28,Mookie Blaylock,22,NJN,50,17,1267,212,571,.371,18,80,.225,63,81,.778,42,98,140,210,82,14,111,110,505
29,Muggsy Bogues,25,CHH,81,65,2743,326,664,.491,5,26,.192,106,134,.791,48,159,207,867,166,3,146,168,763
30,Manute Bol,27,GSW,75,20,1310,56,169,.331,9,48,.188,25,49,.510,33,243,276,36,13,238,51,194,146
31,Anthony Bowie,26,HOU,66,0,918,119,293,.406,6,21,.286,40,54,.741,36,82,118,96,42,5,59,80,284
32,Sam Bowie,28,NJN,68,54,2207,347,834,.416,10,31,.323,294,379,.776,206,484,690,91,38,121,125,211,998
33,Adrian Branch,26,MIN,11,0,91,25,61,.410,1,1,1.000,14,22,.636,8,12,20,4,6,0,8,14,65
34,Randy Breuer,29,TOT,81,55,1879,298,696,.428,0,1,.000,126,193,.653,154,263,417,97,42,108,101,196,722
34,Randy Breuer,29,MIL,30,8,554,86,186,.462,0,0,,32,51,.627,43,84,127,13,9,33,33,63,204
34,Randy Breuer,29,MIN,51,47,1325,212,510,.416,0,1,.000,94,142,.662,111,179,290,84,33,75,68,133,518
35,Frank Brickowski,30,SAS,78,12,1438,211,387,.545,0,2,.000,95,141,.674,89,238,327,105,66,37,93,226,517
36,Scott Brooks,24,PHI,72,1,975,119,276,.431,31,79,.392,50,57,.877,15,49,64,207,47,0,38,105,319
37,Chucky Brown,21,CLE,75,35,1339,210,447,.470,0,7,.000,125,164,.762,83,148,231,50,33,26,69,148,545
38,Mike Brown,26,UTA,82,0,1397,177,344,.515,1,2,.500,157,199,.789,111,262,373,47,32,28,88,187,512
39,Raymond Brown,24,UTA,16,0,56,8,28,.286,0,0,,0,2,.000,10,5,15,4,0,0,6,11,16
40,Tony Brown,29,MIL,61,10,635,88,206,.427,5,20,.250,38,56,.679,39,33,72,41,32,4,51,79,219
Rk,Player,Age,Tm,G,GS,MP,FG,FGA,FG%,3P,3PA,3P%,FT,FTA,FT%,ORB,DRB,TRB,AST,STL,BLK,TOV,PF,PTS
41,Stanley Brundy,22,NJN,16,0,128,15,30,.500,0,0,,7,18,.389,15,11,26,3,6,5,6,24,37
42,Mark Bryant,24,POR,58,0,562,70,153,.458,0,0,,28,50,.560,54,92,146,13,18,9,25,93,168
43,Torgeir Bryn,25,LAC,3,0,10,0,2,.000,0,0,,4,6,.667,0,2,2,0,2,1,1,5,4
44,Steve Bucknall,23,LAL,18,0,75,9,33,.273,0,1,.000,5,6,.833,5,2,7,10,2,1,11,10,23
45,Greg Butler,23,NYK,13,0,33,3,12,.250,0,0,,0,2,.000,3,6,9,1,0,0,3,8,6
46,Michael Cage,28,SEA,82,82,2595,325,645,.504,0,0,,148,212,.698,306,515,821,70,79,45,94,232,798
47,Adrian Caldwell,23,HOU,51,0,331,42,76,.553,0,0,,13,28,.464,36,73,109,7,11,18,32,69,97
48,Tony Campbell,27,MIN,82,81,3164,723,1581,.457,9,54,.167,448,569,.787,209,242,451,213,111,31,251,260,1903
49,Rick Carlisle,30,NJN,5,0,21,1,7,.143,0,3,.000,0,0,,0,0,0,5,1,1,4,7,2
50,Antoine Carr,28,TOT,77,4,1727,356,721,.494,0,7,.000,237,298,.795,115,207,322,119,30,68,125,247,949
50,Antoine Carr,28,ATL,44,0,803,128,248,.516,0,4,.000,79,102,.775,50,99,149,53,15,34,54,128,335
50,Antoine Carr,28,SAC,33,4,924,228,473,.482,0,3,.000,158,196,.806,65,108,173,66,15,34,71,119,614
51,Joe Barry Carroll,31,TOT,76,47,1721,312,759,.411,0,2,.000,137,177,.774,133,310,443,97,47,115,142,192,761
51,Joe Barry Carroll,31,NJN,46,20,1002,159,405,.393,0,2,.000,85,107,.794,82,168,250,43,19,56,64,122,403
51,Joe Barry Carroll,31,DEN,30,27,719,153,354,.432,0,0,,52,70,.743,51,142,193,54,28,59,78,70,358
52,Bill Cartwright,32,CHI,71,71,2160,292,598,.488,0,0,,227,280,.811,137,328,465,145,38,34,123,243,811
53,Terry Catledge,26,ORL,74,72,2462,546,1152,.474,2,8,.250,341,486,.702,271,292,563,72,36,17,181,201,1435
54,Tom Chambers,30,PHO,81,81,3046,810,1617,.501,24,86,.279,557,647,.861,121,450,571,190,88,47,218,260,2201
55,Rex Chapman,22,CHH,54,52,1762,377,924,.408,47,142,.331,144,192,.750,52,127,179,132,46,6,100,113,945
56,Maurice Cheeks,33,TOT,81,62,2519,307,609,.504,4,16,.250,171,202,.847,50,190,240,453,124,10,121,78,789
56,Maurice Cheeks,33,SAS,50,49,1766,215,450,.478,1,9,.111,114,137,.832,39,128,167,302,82,5,85,46,545
56,Maurice Cheeks,33,NYK,31,13,753,92,159,.579,3,7,.429,57,65,.877,11,62,73,151,42,5,36,32,244
57,Derrick Chievous,22,TOT,55,0,591,105,220,.477,3,9,.333,80,111,.721,35,55,90,31,26,5,45,70,293
57,Derrick Chievous,22,HOU,41,0,492,90,178,.506,3,8,.375,61,87,.701,28,47,75,27,23,4,40,59,244
57,Derrick Chievous,22,CLE,14,0,99,15,42,.357,0,1,.000,19,24,.792,7,8,15,4,3,1,5,11,49
58,Ben Coleman,28,MIL,22,0,305,46,97,.474,0,1,.000,34,41,.829,31,56,87,12,7,7,26,54,126
59,Steve Colter,27,WSB,73,1,977,142,297,.478,0,5,.000,77,95,.811,55,121,176,148,47,10,38,98,361
60,Lester Conner,30,NJN,82,61,2355,237,573,.414,2,13,.154,172,214,.804,90,175,265,385,172,8,138,182,648
Rk,Player,Age,Tm,G,GS,MP,FG,FGA,FG%,3P,3PA,3P%,FT,FTA,FT%,ORB,DRB,TRB,AST,STL,BLK,TOV,PF,PTS
61,Michael Cooper,33,LAL,80,10,1851,191,493,.387,50,157,.318,83,94,.883,59,168,227,215,67,36,91,206,515
62,Wayne Cooper,33,POR,79,0,1176,138,304,.454,0,3,.000,25,39,.641,118,221,339,44,18,95,39,211,301
63,Lanard Copeland,24,PHI,23,0,110,31,68,.456,1,5,.200,11,14,.786,4,6,10,9,1,1,19,12,74
64,Tyrone Corbin,27,MIN,82,80,3011,521,1083,.481,0,11,.000,161,209,.770,219,385,604,216,175,41,143,288,1203
65,Dave Corzine,33,ORL,6,3,79,11,29,.379,0,0,,0,2,.000,7,11,18,2,2,0,8,7,22
66,Pat Cummings,33,MIA,37,1,391,77,159,.484,0,0,,21,37,.568,28,65,93,13,12,4,32,60,175
67,Terry Cummings,28,SAS,81,78,2821,728,1532,.475,19,59,.322,343,440,.780,226,451,677,219,110,52,202,286,1818
68,Dell Curry,25,CHH,67,13,1860,461,990,.466,52,147,.354,96,104,.923,31,137,168,159,98,26,100,148,1070
69,Quintin Dailey,29,SEA,30,2,491,97,240,.404,1,5,.200,52,66,.788,18,33,51,34,12,0,34,63,247
70,Adrian Dantley*,33,DAL,45,45,1300,231,484,.477,0,2,.000,200,254,.787,78,94,172,80,20,7,75,99,662
71,Brad Daugherty,24,CLE,41,40,1438,244,509,.479,0,2,.000,202,287,.704,77,296,373,130,29,22,110,108,690
72,Brad Davis,34,DAL,73,2,1292,179,365,.490,35,104,.337,77,100,.770,12,81,93,242,47,9,86,151,470
73,Charles Davis,31,CHI,53,0,429,58,158,.367,7,25,.280,7,8,.875,25,56,81,18,10,8,20,52,130
74,Terry Davis,22,MIA,63,9,884,122,262,.466,0,1,.000,54,87,.621,93,136,229,25,25,28,68,171,298
75,Walter Davis,35,DEN,69,0,1635,497,1033,.481,6,46,.130,207,227,.912,46,133,179,155,59,9,102,160,1207
76,Johnny Dawkins,26,PHI,81,81,2865,465,950,.489,22,66,.333,210,244,.861,48,199,247,601,121,9,214,159,1162
77,Vinny Del Negro,23,SAC,76,29,1858,297,643,.462,10,32,.313,135,155,.871,39,159,198,250,64,10,111,182,739
78,Byron Dinkins,22,HOU,33,0,362,44,109,.404,1,9,.111,26,30,.867,13,27,40,75,19,2,37,30,115
79,Vlade Divac,21,LAL,82,5,1611,274,549,.499,0,5,.000,153,216,.708,167,345,512,75,79,114,110,240,701
80,James Donaldson,32,DAL,73,73,2265,258,479,.539,0,0,,149,213,.700,155,475,630,57,22,47,119,129,665
Rk,Player,Age,Tm,G,GS,MP,FG,FGA,FG%,3P,3PA,3P%,FT,FTA,FT%,ORB,DRB,TRB,AST,STL,BLK,TOV,PF,PTS
81,Sherman Douglas,23,MIA,81,66,2470,463,938,.494,5,31,.161,224,326,.687,70,136,206,619,145,10,246,187,1155
82,Terry Dozier,23,CHH,9,0,92,9,27,.333,0,1,.000,4,8,.500,7,8,15,3,6,2,7,10,22
83,Greg Dreiling,26,IND,49,0,307,20,53,.377,0,0,,25,34,.735,21,66,87,8,4,14,19,69,65
84,Larry Drew,31,LAL,80,3,1333,170,383,.444,32,81,.395,46,60,.767,12,86,98,217,47,4,95,92,418
85,Clyde Drexler*,27,POR,73,73,2683,670,1357,.494,30,106,.283,333,430,.774,208,299,507,432,145,51,191,222,1703
86,Kevin Duckworth,25,POR,82,82,2462,548,1146,.478,0,0,,231,312,.740,184,325,509,91,36,34,171,271,1327
87,Chris Dudley,24,TOT,64,30,1356,146,355,.411,0,0,,58,182,.319,174,249,423,39,41,72,84,164,350
87,Chris Dudley,24,CLE,37,22,684,79,203,.389,0,0,,26,77,.338,88,115,203,20,19,41,48,83,184
87,Chris Dudley,24,NJN,27,8,672,67,152,.441,0,0,,32,105,.305,86,134,220,19,22,31,36,81,166
88,Joe Dumars*,26,DET,75,71,2578,508,1058,.480,22,55,.400,297,330,.900,60,152,212,368,63,2,145,129,1335
89,Mike Dunleavy,35,MIL,5,0,43,4,14,.286,2,9,.222,7,8,.875,0,2,2,10,1,0,8,7,17
90,T.R. Dunn,34,DEN,65,2,657,44,97,.454,0,2,.000,26,39,.667,56,82,138,43,41,4,19,67,114
91,Ledell Eackles,23,WSB,78,8,1696,413,940,.439,19,59,.322,210,280,.750,74,101,175,182,50,4,143,157,1055
92,Mark Eaton,33,UTA,82,82,2281,158,300,.527,0,0,,79,118,.669,171,430,601,39,33,201,75,238,395
93,Blue Edwards,24,UTA,82,49,1889,286,564,.507,9,30,.300,146,203,.719,69,182,251,145,76,36,152,280,727
94,James Edwards,34,DET,82,70,2283,462,928,.498,0,3,.000,265,354,.749,112,233,345,63,23,37,133,295,1189
95,Jay Edwards,21,LAC,4,0,26,3,7,.429,0,2,.000,1,3,.333,1,1,2,4,1,0,1,4,7
96,Kevin Edwards,24,MIA,78,54,2211,395,959,.412,9,30,.300,139,183,.760,77,205,282,252,125,33,180,149,938
97,Craig Ehlo,28,CLE,81,64,2894,436,940,.464,104,248,.419,126,185,.681,147,292,439,371,126,23,161,226,1102
98,Sean Elliott,21,SAS,81,69,2032,311,647,.481,1,9,.111,187,216,.866,127,170,297,154,45,14,112,172,810
99,Dale Ellis,29,SEA,55,49,2033,502,1011,.497,96,256,.375,193,236,.818,90,148,238,110,59,7,119,124,1293
100,Pervis Ellison,22,SAC,34,22,866,111,251,.442,0,2,.000,49,78,.628,64,132,196,65,16,57,62,132,271
Rk,Player,Age,Tm,G,GS,MP,FG,FGA,FG%,3P,3PA,3P%,FT,FTA,FT%,ORB,DRB,TRB,AST,STL,BLK,TOV,PF,PTS
101,Alex English*,36,DEN,80,80,2211,635,1293,.491,2,5,.400,161,183,.880,119,167,286,225,51,23,93,130,1433
102,Patrick Ewing*,27,NYK,82,82,3165,922,1673,.551,1,4,.250,502,648,.775,235,658,893,182,78,327,278,325,2347
103,Jim Farmer,25,SEA,38,0,400,89,203,.438,8,27,.296,57,80,.713,17,26,43,25,17,1,27,44,243
104,Duane Ferrell,24,ATL,14,0,29,5,14,.357,0,1,.000,2,6,.333,3,4,7,2,1,0,2,3,12
105,Vern Fleming,27,IND,82,82,2876,467,919,.508,12,34,.353,230,294,.782,118,204,322,610,92,10,206,213,1176
106,Sleepy Floyd,29,HOU,82,73,2630,362,803,.451,89,234,.380,187,232,.806,46,152,198,600,94,11,204,159,1000
107,Tellis Frank,24,MIA,77,39,1762,278,607,.458,0,0,,179,234,.765,151,234,385,85,51,27,134,282,735
108,Corey Gaines,24,PHI,9,0,81,4,12,.333,1,2,.500,1,4,.250,1,4,5,26,4,0,10,11,10
109,Kevin Gamble,24,BOS,71,10,990,137,301,.455,3,18,.167,85,107,.794,42,70,112,119,28,8,44,77,362
110,Winston Garland,25,TOT,79,19,1762,230,573,.401,12,36,.333,102,122,.836,51,163,214,303,78,10,158,152,574
110,Winston Garland,25,GSW,51,4,891,108,288,.375,1,10,.100,53,63,.841,31,80,111,157,48,5,81,77,270
110,Winston Garland,25,LAC,28,15,871,122,285,.428,11,26,.423,49,59,.831,20,83,103,146,30,5,77,75,304
111,Tom Garrick,23,LAC,73,22,1721,208,421,.494,4,21,.190,88,114,.772,34,128,162,289,90,7,117,151,508
112,Kenny Gattison,25,CHH,63,2,941,148,269,.550,1,1,1.000,75,110,.682,75,122,197,39,35,31,67,150,372
113,Derrick Gervin,26,NJN,21,0,339,93,197,.472,0,3,.000,65,89,.730,29,36,65,8,20,7,12,47,251
114,Armen Gilliam,25,TOT,76,66,2426,484,940,.515,0,2,.000,303,419,.723,211,388,599,99,69,51,183,212,1271
114,Armen Gilliam,25,PHO,16,7,267,52,121,.430,0,0,,39,56,.696,26,44,70,8,6,5,17,28,143
114,Armen Gilliam,25,CHH,60,59,2159,432,819,.527,0,2,.000,264,363,.727,185,344,529,91,63,46,166,184,1128
115,Mike Gminski,30,PHI,81,81,2659,458,1002,.457,3,17,.176,193,235,.821,196,491,687,128,43,102,98,136,1112
116,Gary Grant,24,LAC,44,44,1529,241,517,.466,5,21,.238,88,113,.779,59,136,195,442,108,5,206,120,575
117,Greg Grant,23,PHO,67,3,678,83,216,.384,3,16,.188,39,59,.661,16,43,59,168,36,1,77,58,208
118,Harvey Grant,24,WSB,81,25,1846,284,601,.473,0,8,.000,96,137,.701,138,204,342,131,52,43,85,194,664
119,Horace Grant,24,CHI,80,80,2753,446,853,.523,0,0,,179,256,.699,236,393,629,227,92,84,110,230,1071
120,Stuart Gray,26,TOT,58,1,560,42,99,.424,0,5,.000,32,47,.681,40,105,145,19,15,26,24,90,116
120,Stuart Gray,26,CHH,39,1,466,38,82,.463,0,2,.000,25,39,.641,38,93,131,17,12,24,19,64,101
120,Stuart Gray,26,NYK,19,0,94,4,17,.235,0,3,.000,7,8,.875,2,12,14,2,3,2,5,26,15
Rk,Player,Age,Tm,G,GS,MP,FG,FGA,FG%,3P,3PA,3P%,FT,FTA,FT%,ORB,DRB,TRB,AST,STL,BLK,TOV,PF,PTS
121,Jeff Grayer,24,MIL,71,40,1427,224,487,.460,1,8,.125,99,152,.651,94,123,217,107,48,10,82,125,548
122,A.C. Green,26,LAL,82,82,2709,385,806,.478,13,46,.283,278,370,.751,262,450,712,90,66,50,116,207,1061
123,Rickey Green,35,IND,69,0,927,100,231,.433,1,11,.091,43,51,.843,9,45,54,182,51,1,62,60,244
124,Sidney Green,29,ORL,73,31,1860,312,667,.468,1,3,.333,136,209,.651,166,422,588,99,50,26,119,231,761
125,Dave Greenwood,32,DET,37,0,205,22,52,.423,0,0,,16,29,.552,24,54,78,12,4,9,16,40,60
126,Darrell Griffith,31,UTA,82,1,1444,301,649,.464,80,215,.372,51,78,.654,43,123,166,63,68,19,75,149,733
127,Scott Haffner,23,MIA,43,6,559,88,217,.406,3,21,.143,17,25,.680,7,44,51,80,13,2,33,53,196
128,Jack Haley,26,TOT,67,26,1084,138,347,.398,0,1,.000,85,125,.680,115,185,300,26,18,12,72,170,361
128,Jack Haley,26,CHI,11,0,58,9,20,.450,0,0,,7,7,1.000,7,11,18,4,0,1,7,7,25
128,Jack Haley,26,NJN,56,26,1026,129,327,.394,0,1,.000,78,118,.661,108,174,282,22,18,11,65,163,336
129,Tom Hammonds,22,WSB,61,8,805,129,295,.437,0,1,.000,63,98,.643,61,107,168,51,11,14,46,98,321
130,Bob Hansen,29,UTA,81,81,2174,265,568,.467,54,154,.351,33,64,.516,66,163,229,149,52,11,79,194,617
131,Bill Hanzlik,32,DEN,81,0,1605,179,396,.452,6,31,.194,136,183,.743,67,140,207,186,78,29,87,249,500
132,Tim Hardaway,23,GSW,79,78,2663,464,985,.471,23,84,.274,211,276,.764,57,253,310,689,165,12,260,232,1162
133,Derek Harper,28,DAL,82,82,3007,567,1161,.488,89,240,.371,250,315,.794,54,190,244,609,187,26,207,224,1473
134,Ron Harper,26,TOT,35,35,1367,301,637,.473,14,51,.275,182,231,.788,74,132,206,182,81,41,100,105,798
134,Ron Harper,26,CLE,7,7,262,61,138,.442,1,5,.200,31,41,.756,19,29,48,49,14,9,18,25,154
134,Ron Harper,26,LAC,28,28,1105,240,499,.481,13,46,.283,151,190,.795,55,103,158,133,67,32,82,80,644
135,Steve Harris,26,LAC,15,0,93,14,40,.350,0,0,,3,4,.750,5,5,10,1,7,1,5,9,31
136,Scott Hastings,29,DET,40,0,166,10,33,.303,3,12,.250,19,22,.864,7,25,32,8,3,3,7,31,42
137,Hersey Hawkins,23,PHI,82,82,2856,522,1136,.460,84,200,.420,387,436,.888,85,219,304,261,130,28,185,217,1515
138,Gerald Henderson,34,TOT,57,0,464,53,109,.486,17,38,.447,12,15,.800,11,32,43,74,16,2,24,50,135
138,Gerald Henderson,34,MIL,11,0,129,11,26,.423,3,7,.429,2,2,1.000,3,9,12,13,8,0,8,14,27
138,Gerald Henderson,34,DET,46,0,335,42,83,.506,14,31,.452,10,13,.769,8,23,31,61,8,2,16,36,108
139,Mike Higgins,22,TOT,11,0,50,3,8,.375,0,0,,8,10,.800,2,2,4,3,2,2,1,5,14
139,Mike Higgins,22,LAL,6,0,18,0,0,,0,0,,1,2,.500,1,0,1,1,1,2,0,4,1
139,Mike Higgins,22,DEN,5,0,32,3,8,.375,0,0,,7,8,.875,1,2,3,2,1,0,1,1,13
140,Rod Higgins,30,GSW,82,22,1993,304,632,.481,67,193,.347,234,285,.821,120,302,422,129,47,53,93,184,909
Rk,Player,Age,Tm,G,GS,MP,FG,FGA,FG%,3P,3PA,3P%,FT,FTA,FT%,ORB,DRB,TRB,AST,STL,BLK,TOV,PF,PTS
141,Roy Hinson,28,NJN,25,19,793,145,286,.507,0,0,,86,99,.869,61,111,172,22,14,27,52,87,376
142,Craig Hodges,29,CHI,63,0,1055,145,331,.438,87,181,.481,30,33,.909,11,42,53,110,30,2,30,87,407
143,Mike Holton,28,CHH,16,0,109,14,26,.538,0,0,,1,2,.500,1,1,2,16,1,0,13,19,29
144,Dave Hoppen,25,CHH,10,2,135,16,41,.390,0,0,,8,10,.800,19,17,36,6,2,1,8,26,40
145,Dennis Hopson,24,NJN,79,64,2551,474,1093,.434,32,101,.317,271,342,.792,113,166,279,151,100,51,168,183,1251
146,Tito Horford,24,MIL,35,0,236,18,62,.290,0,0,,15,24,.625,19,40,59,2,5,16,14,33,51
147,Jeff Hornacek,26,PHO,67,60,2278,483,901,.536,40,98,.408,173,202,.856,86,227,313,337,117,14,125,144,1179
148,Ed Horton,22,WSB,45,10,374,80,162,.494,0,4,.000,42,69,.609,59,49,108,19,9,5,39,63,202
149,Eddie Hughes,29,DEN,60,7,892,83,202,.411,20,49,.408,23,34,.676,15,55,70,116,48,1,39,87,209
150,Jay Humphries,27,MIL,81,81,2818,496,1005,.494,21,70,.300,224,285,.786,80,189,269,472,156,11,151,253,1237
151,Byron Irvin,23,POR,50,2,488,96,203,.473,5,14,.357,61,91,.670,30,44,74,47,28,1,39,40,258
152,Jaren Jackson,22,NJN,28,0,160,25,69,.362,0,3,.000,17,21,.810,16,8,24,13,13,1,18,16,67
153,Mark Jackson,24,NYK,82,69,2428,327,749,.437,35,131,.267,120,165,.727,106,212,318,604,109,4,211,121,809
154,Michael Jackson,25,SAC,17,0,58,3,11,.273,1,2,.500,3,6,.500,2,5,7,8,5,0,4,3,10
155,Avery Johnson,24,SEA,53,10,575,55,142,.387,1,4,.250,29,40,.725,21,22,43,162,26,1,48,55,140
156,Buck Johnson,26,HOU,82,82,2832,504,1019,.495,2,17,.118,205,270,.759,113,268,381,252,104,62,167,321,1215
157,Dennis Johnson*,35,BOS,75,65,2036,206,475,.434,1,24,.042,118,140,.843,48,153,201,485,81,14,117,179,531
158,Eddie Johnson,30,PHO,64,4,1811,411,907,.453,70,184,.380,188,205,.917,69,177,246,107,32,10,108,174,1080
159,Eric Johnson,23,UTA,48,2,272,20,84,.238,1,6,.167,13,17,.765,8,20,28,64,17,2,26,49,54
160,Kevin Johnson,23,PHO,74,74,2782,578,1159,.499,8,41,.195,501,598,.838,42,228,270,846,95,14,263,143,1665
Rk,Player,Age,Tm,G,GS,MP,FG,FGA,FG%,3P,3PA,3P%,FT,FTA,FT%,ORB,DRB,TRB,AST,STL,BLK,TOV,PF,PTS
161,Magic Johnson*,30,LAL,79,79,2937,546,1138,.480,106,276,.384,567,637,.890,128,394,522,907,132,34,289,167,1765
162,Marques Johnson,33,GSW,10,0,99,12,32,.375,2,3,.667,14,17,.824,8,9,17,9,0,1,10,12,40
163,Steve Johnson,32,TOT,25,0,259,48,92,.522,0,0,,21,35,.600,19,34,53,17,3,5,31,56,117
163,Steve Johnson,32,MIN,4,0,17,0,2,.000,0,0,,0,0,,0,3,3,1,0,0,6,4,0
163,Steve Johnson,32,SEA,21,0,242,48,90,.533,0,0,,21,35,.600,19,31,50,16,3,5,25,52,117
164,Vinnie Johnson,33,DET,82,12,1972,334,775,.431,5,34,.147,131,196,.668,108,148,256,255,71,13,123,143,804
165,Nate Johnston,23,TOT,21,0,87,18,48,.375,1,4,.250,9,13,.692,13,10,23,1,3,8,6,11,46
165,Nate Johnston,23,UTA,6,0,13,4,11,.364,1,1,1.000,2,2,1.000,2,0,2,0,0,1,1,0,11
165,Nate Johnston,23,POR,15,0,74,14,37,.378,0,3,.000,7,11,.636,11,10,21,1,3,7,5,11,35
166,Anthony Jones,27,DAL,66,0,650,72,194,.371,4,13,.308,47,69,.681,33,49,82,29,32,16,42,77,195
167,Caldwell Jones,39,SAS,72,2,885,67,144,.465,1,5,.200,38,54,.704,76,154,230,20,20,27,48,146,173
168,Charles Jones,32,WSB,81,81,2240,94,185,.508,0,0,,68,105,.648,145,359,504,139,50,197,76,296,256
169,Michael Jordan*,26,CHI,82,82,3197,1034,1964,.526,92,245,.376,593,699,.848,143,422,565,519,227,54,247,241,2753
170,Shawn Kemp,20,SEA,81,1,1120,203,424,.479,2,12,.167,117,159,.736,146,200,346,26,47,70,107,204,525
171,Tim Kempton,26,DEN,71,14,1061,153,312,.490,0,1,.000,77,114,.675,51,167,218,118,30,9,80,144,383
172,Steve Kerr,24,CLE,78,5,1664,192,432,.444,73,144,.507,63,73,.863,12,86,98,248,45,7,74,59,520
173,Jerome Kersey,27,POR,82,82,2843,519,1085,.478,3,20,.150,269,390,.690,251,439,690,188,121,63,144,304,1310
174,Randolph Keys,23,TOT,80,18,1615,293,678,.432,14,43,.326,101,140,.721,100,153,253,88,68,8,84,224,701
174,Randolph Keys,23,CLE,48,13,892,151,359,.421,2,10,.200,61,82,.744,52,85,137,39,38,2,47,117,365
174,Randolph Keys,23,CHH,32,5,723,142,319,.445,12,33,.364,40,58,.690,48,68,116,49,30,6,37,107,336
175,Stan Kimbrough,23,DET,10,0,50,7,16,.438,0,0,,2,2,1.000,4,3,7,5,4,0,4,4,16
176,Bernard King,33,WSB,82,82,2687,711,1459,.487,3,23,.130,412,513,.803,129,275,404,376,51,7,248,230,1837
177,Stacey King,23,CHI,82,2,1777,267,530,.504,0,1,.000,194,267,.727,169,215,384,87,38,58,119,215,728
178,Greg Kite,28,SAC,71,47,1515,101,234,.432,1,1,1.000,27,54,.500,131,246,377,76,31,51,76,201,230
179,Joe Kleine,28,BOS,81,4,1365,176,367,.480,0,4,.000,83,100,.830,117,238,355,46,15,27,64,170,435
180,Jon Koncak,26,ATL,54,28,977,78,127,.614,0,1,.000,42,79,.532,58,168,226,23,38,34,47,182,198
Rk,Player,Age,Tm,G,GS,MP,FG,FGA,FG%,3P,3PA,3P%,FT,FTA,FT%,ORB,DRB,TRB,AST,STL,BLK,TOV,PF,PTS
181,Frank Kornet,23,MIL,57,0,438,42,114,.368,5,20,.250,24,39,.615,25,46,71,21,14,3,23,54,113
182,Larry Krystkowiak,25,MIL,16,7,381,43,118,.364,0,2,.000,26,33,.788,16,60,76,25,10,2,19,41,112
183,Bill Laimbeer,32,DET,81,81,2675,380,785,.484,57,158,.361,164,192,.854,166,614,780,171,57,84,98,278,981
184,Jerome Lane,23,DEN,67,46,956,145,309,.469,0,5,.000,44,120,.367,144,217,361,105,53,17,85,189,334
185,Andrew Lang,23,PHO,74,0,1011,97,174,.557,0,0,,64,98,.653,83,188,271,21,22,133,41,171,258
186,Jeff Lebo,23,SAS,4,0,32,2,7,.286,0,0,,2,2,1.000,2,2,4,3,2,0,1,7,6
187,Eric Leckner,23,UTA,77,0,764,125,222,.563,0,0,,81,109,.743,48,144,192,19,15,23,63,157,331
188,Tim Legler,23,PHO,11,0,83,11,29,.379,0,1,.000,6,6,1.000,4,4,8,6,2,0,4,12,28
189,Gary Leonard,22,MIN,22,0,127,13,31,.419,0,1,.000,6,14,.429,10,17,27,1,3,9,8,26,32
190,Jim Les,26,TOT,7,0,92,5,14,.357,0,1,.000,13,17,.765,3,4,7,21,3,0,10,9,23
190,Jim Les,26,UTA,1,0,6,0,0,,0,0,,2,4,.500,0,0,0,1,0,0,3,3,2
190,Jim Les,26,LAC,6,0,86,5,14,.357,0,1,.000,11,13,.846,3,4,7,20,3,0,7,6,21
191,Clifford Lett,24,CHI,4,0,28,2,8,.250,0,0,,0,0,,0,0,0,1,0,0,2,8,4
192,Fat Lever,29,DEN,79,79,2832,568,1283,.443,36,87,.414,271,337,.804,230,504,734,517,168,13,156,172,1443
193,Cliff Levingston,29,ATL,75,5,1706,216,424,.509,1,5,.200,83,122,.680,113,206,319,80,55,41,49,216,516
194,Ralph Lewis,26,TOT,7,0,26,4,7,.571,0,0,,2,2,1.000,4,2,6,0,1,0,2,3,10
194,Ralph Lewis,26,DET,4,0,6,0,1,.000,0,0,,0,0,,0,0,0,0,0,0,1,1,0
194,Ralph Lewis,26,CHH,3,0,20,4,6,.667,0,0,,2,2,1.000,4,2,6,0,1,0,1,2,10
195,Reggie Lewis,24,BOS,79,54,2522,540,1089,.496,4,15,.267,256,317,.808,109,238,347,225,88,63,120,216,1340
196,Todd Lichti,23,DEN,79,4,1326,250,514,.486,0,14,.000,130,174,.747,49,102,151,116,55,13,95,145,630
197,Alton Lister,31,GSW,3,0,40,4,8,.500,0,1,.000,4,7,.571,5,3,8,2,1,0,0,8,12
198,Lewis Lloyd,30,TOT,21,0,123,30,53,.566,0,0,,9,16,.563,8,10,18,11,3,0,20,12,69
198,Lewis Lloyd,30,PHI,2,0,10,1,2,.500,0,0,,0,0,,0,0,0,0,0,0,4,3,2
198,Lewis Lloyd,30,HOU,19,0,113,29,51,.569,0,0,,9,16,.563,8,10,18,11,3,0,16,9,67
199,Brad Lohaus,25,TOT,80,41,1943,305,663,.460,47,137,.343,75,103,.728,98,300,398,168,58,88,109,211,732
199,Brad Lohaus,25,MIN,28,24,590,94,202,.465,1,16,.063,21,26,.808,21,89,110,62,14,22,45,66,210
199,Brad Lohaus,25,MIL,52,17,1353,211,461,.458,46,121,.380,54,77,.701,77,211,288,106,44,66,64,145,522
200,Grant Long,23,MIA,81,31,1856,257,532,.483,0,3,.000,172,241,.714,156,246,402,96,91,38,139,300,686
Rk,Player,Age,Tm,G,GS,MP,FG,FGA,FG%,3P,3PA,3P%,FT,FTA,FT%,ORB,DRB,TRB,AST,STL,BLK,TOV,PF,PTS
201,John Long,33,ATL,48,19,1030,174,384,.453,10,29,.345,46,55,.836,26,57,83,85,45,5,75,66,404
202,Sidney Lowe,30,MIN,80,38,1744,73,229,.319,2,9,.222,39,54,.722,41,122,163,337,73,4,63,114,187
203,John Lucas,36,HOU,49,18,938,109,291,.375,26,87,.299,42,55,.764,19,71,90,238,45,2,85,59,286
204,Rick Mahorn,31,PHI,75,66,2271,313,630,.497,2,9,.222,183,256,.715,167,401,568,98,44,103,104,251,811
205,Dan Majerle,24,PHO,73,23,2244,296,698,.424,19,80,.238,198,260,.762,144,286,430,188,100,32,82,177,809
206,Jeff Malone,28,WSB,75,74,2567,781,1592,.491,1,6,.167,257,293,.877,54,152,206,243,48,6,125,116,1820
207,Karl Malone*,26,UTA,82,82,3122,914,1627,.562,16,43,.372,696,913,.762,232,679,911,226,121,50,304,259,2540
208,Moses Malone*,34,ATL,81,81,2735,517,1077,.480,1,9,.111,493,631,.781,364,448,812,130,47,84,232,158,1528
209,Danny Manning,23,LAC,71,42,2269,440,826,.533,0,5,.000,274,370,.741,142,280,422,187,91,39,188,261,1154
210,Roy Marble,23,ATL,24,0,162,16,58,.276,0,2,.000,19,29,.655,15,9,24,11,7,1,14,16,51
211,Sarunas Marciulionis,25,GSW,75,3,1695,289,557,.519,10,39,.256,317,403,.787,84,137,221,121,94,7,137,230,905
212,Jeff Martin,23,LAC,69,23,1351,170,414,.411,2,15,.133,91,129,.705,78,81,159,44,41,16,47,97,433
213,Anthony Mason,23,NJN,21,0,108,14,40,.350,0,0,,9,15,.600,11,23,34,7,2,2,11,20,37
214,Wes Matthews,30,ATL,1,0,13,1,3,.333,0,1,.000,2,2,1.000,0,0,0,5,0,0,0,0,4
215,Vernon Maxwell,24,TOT,79,12,1987,275,627,.439,28,105,.267,136,211,.645,50,178,228,296,84,10,143,148,714
215,Vernon Maxwell,24,SAS,49,2,1118,133,306,.435,15,52,.288,59,95,.621,35,106,141,146,42,5,71,79,340
215,Vernon Maxwell,24,HOU,30,10,869,142,321,.442,13,53,.245,77,116,.664,15,72,87,150,42,5,72,69,374
216,Bob McCann,25,DAL,10,0,62,7,21,.333,0,0,,12,14,.857,4,8,12,6,2,2,6,7,26
217,Mel McCants,22,LAL,13,0,65,8,26,.308,0,0,,6,8,.750,1,5,6,2,3,1,1,11,22
218,George McCloud,22,IND,44,0,413,45,144,.313,13,40,.325,15,19,.789,12,30,42,45,19,3,36,56,118
219,Tim McCormick,27,HOU,18,0,116,10,29,.345,0,0,,10,19,.526,8,19,27,3,3,1,10,24,30
220,Rodney McCray,28,SAC,82,82,3238,537,1043,.515,11,42,.262,273,348,.784,192,477,669,377,60,70,174,176,1358
Rk,Player,Age,Tm,G,GS,MP,FG,FGA,FG%,3P,3PA,3P%,FT,FTA,FT%,ORB,DRB,TRB,AST,STL,BLK,TOV,PF,PTS
221,Xavier McDaniel,26,SEA,69,67,2432,611,1233,.496,5,17,.294,244,333,.733,165,282,447,171,73,36,187,231,1471
222,Mike McGee,30,PHO,14,7,280,42,87,.483,8,23,.348,10,21,.476,11,25,36,16,8,1,14,28,102
223,Kevin McHale*,32,BOS,82,25,2722,648,1181,.549,23,69,.333,393,440,.893,201,476,677,172,30,157,183,250,1712
224,Derrick McKey,23,SEA,80,80,2748,468,949,.493,3,23,.130,315,403,.782,170,319,489,187,87,81,192,247,1254
225,Carlton McKinney,25,LAC,7,0,104,8,32,.250,0,1,.000,2,4,.500,4,8,12,7,6,1,7,15,18
226,Nate McMillan,25,SEA,82,69,2338,207,438,.473,11,31,.355,98,153,.641,127,276,403,598,140,37,187,289,523
227,Mark McNamara,30,LAL,33,1,190,38,86,.442,0,0,,26,40,.650,22,41,63,3,2,1,21,31,102
228,Scott Meents,26,SEA,26,0,148,19,44,.432,0,0,,17,23,.739,7,23,30,7,4,3,9,12,55
229,Reggie Miller*,24,IND,82,82,3192,661,1287,.514,150,362,.414,544,627,.868,95,200,295,311,110,18,222,175,2016
230,Sam Mitchell,26,MIN,80,30,2414,372,834,.446,0,9,.000,268,349,.768,180,282,462,89,66,54,96,301,1012
231,Paul Mokeski,33,CLE,38,1,449,63,150,.420,0,1,.000,25,36,.694,27,72,99,17,8,10,26,76,151
232,Johnny Moore,31,SAS,53,8,516,47,126,.373,8,34,.235,16,27,.593,16,36,52,82,32,3,39,55,118
233,Chris Morris,24,NJN,80,76,2449,449,1065,.422,61,193,.316,228,316,.722,194,228,422,143,130,79,185,219,1187
234,Mike Morrison,22,PHO,36,1,153,23,68,.338,2,7,.286,24,30,.800,7,13,20,11,2,0,23,20,72
235,John Morton,22,CLE,37,3,402,48,161,.298,7,30,.233,43,62,.694,7,25,32,67,18,4,51,30,146
236,Chris Mullin*,26,GSW,78,78,2830,682,1272,.536,87,234,.372,505,568,.889,130,333,463,319,123,45,239,142,1956
237,Tod Murphy,26,MIN,82,59,2493,260,552,.471,16,43,.372,144,203,.709,207,357,564,106,76,60,61,229,680
238,Pete Myers,26,TOT,52,2,751,89,225,.396,0,7,.000,66,100,.660,33,63,96,135,35,11,76,109,244
238,Pete Myers,26,NYK,24,0,208,15,45,.333,0,1,.000,16,31,.516,10,18,28,35,15,2,18,39,46
238,Pete Myers,26,NJN,28,2,543,74,180,.411,0,6,.000,50,69,.725,23,45,68,100,20,9,58,70,198
239,Larry Nance,30,CLE,62,53,2065,412,807,.511,1,1,1.000,186,239,.778,162,354,516,161,54,122,110,185,1011
240,Calvin Natt,33,IND,14,0,164,20,31,.645,0,0,,17,22,.773,10,25,35,9,1,0,5,14,57
Rk,Player,Age,Tm,G,GS,MP,FG,FGA,FG%,3P,3PA,3P%,FT,FTA,FT%,ORB,DRB,TRB,AST,STL,BLK,TOV,PF,PTS
241,Ed Nealy,29,CHI,46,0,503,37,70,.529,0,2,.000,30,41,.732,46,92,138,28,16,4,17,67,104
242,Chuck Nevitt,30,HOU,3,0,9,2,2,1.000,0,0,,0,0,,0,3,3,1,0,1,2,3,4
243,Johnny Newman,26,NYK,80,69,2277,374,786,.476,45,142,.317,239,299,.799,60,131,191,180,95,22,143,254,1032
244,Kurt Nimphius,31,PHI,38,1,314,38,91,.418,0,1,.000,14,30,.467,22,39,61,6,4,18,12,45,90
245,Dyron Nix,22,IND,20,0,109,14,39,.359,0,0,,11,16,.688,8,18,26,5,3,1,7,15,39
246,Ken Norman,25,LAC,70,64,2334,484,949,.510,7,16,.438,153,242,.632,143,327,470,160,78,59,190,196,1128
247,Charles Oakley,26,NYK,61,61,2196,336,641,.524,0,3,.000,217,285,.761,258,469,727,146,64,16,165,220,889
248,Hakeem Olajuwon*,27,HOU,82,82,3124,806,1609,.501,1,6,.167,382,536,.713,299,850,1149,234,174,376,316,314,1995
249,Jawann Oldham,32,TOT,6,0,45,3,6,.500,0,0,,3,7,.429,4,12,16,1,2,3,4,9,9
249,Jawann Oldham,32,ORL,3,0,36,1,3,.333,0,0,,2,5,.400,4,11,15,0,2,3,3,6,4
249,Jawann Oldham,32,LAL,3,0,9,2,3,.667,0,0,,1,2,.500,0,1,1,1,0,0,1,3,5
250,Jose Ortiz,26,UTA,13,0,64,19,42,.452,1,2,.500,3,5,.600,8,7,15,7,2,1,5,15,42
251,Robert Parish*,36,BOS,79,78,2396,505,871,.580,0,0,,233,312,.747,259,537,796,103,38,69,169,189,1243
252,Zarko Paspalj,23,SAS,28,1,181,27,79,.342,0,1,.000,18,22,.818,15,15,30,10,3,7,21,37,72
253,Jim Paxson,32,BOS,72,25,1283,191,422,.453,5,20,.250,73,90,.811,24,53,77,137,33,5,54,115,460
254,John Paxson,29,CHI,82,82,2365,365,708,.516,33,92,.359,56,68,.824,27,92,119,335,83,6,85,176,819
255,Kenny Payne,23,PHI,35,4,216,47,108,.435,4,10,.400,16,18,.889,11,15,26,10,7,6,20,37,114
256,Will Perdue,24,CHI,77,11,884,111,268,.414,0,5,.000,72,104,.692,88,126,214,46,19,26,65,150,294
257,Sam Perkins,28,DAL,76,70,2668,435,883,.493,6,28,.214,330,424,.778,209,363,572,175,88,64,148,225,1206
258,Tim Perry,24,PHO,60,18,612,100,195,.513,1,1,1.000,53,90,.589,79,73,152,17,21,22,47,76,254
259,Chuck Person,25,IND,77,73,2714,605,1242,.487,94,253,.372,211,270,.781,126,319,445,230,53,20,170,217,1515
260,Jim Petersen,27,GSW,43,19,592,60,141,.426,0,1,.000,52,73,.712,49,111,160,23,17,20,36,103,172
Rk,Player,Age,Tm,G,GS,MP,FG,FGA,FG%,3P,3PA,3P%,FT,FTA,FT%,ORB,DRB,TRB,AST,STL,BLK,TOV,PF,PTS
261,Drazen Petrovic*,25,POR,77,0,967,207,427,.485,34,74,.459,135,160,.844,50,61,111,116,23,2,96,134,583
262,Ricky Pierce,30,MIL,59,0,1709,503,987,.510,46,133,.346,307,366,.839,64,103,167,133,50,7,129,158,1359
263,Ed Pinckney,26,BOS,77,50,1082,135,249,.542,0,1,.000,92,119,.773,93,132,225,68,34,42,56,126,362
264,Scottie Pippen*,24,CHI,82,82,3148,562,1150,.489,28,112,.250,199,295,.675,150,397,547,444,211,101,278,298,1351
265,Olden Polynice,25,SEA,79,7,1085,156,289,.540,1,2,.500,47,99,.475,128,172,300,15,25,21,35,187,360
266,Terry Porter,26,POR,80,80,2781,448,969,.462,89,238,.374,421,472,.892,59,213,272,726,151,4,245,150,1406
267,Paul Pressey,31,MIL,57,2,1400,239,506,.472,6,43,.140,144,190,.758,59,113,172,244,71,23,109,149,628
268,Harold Pressley,26,SAC,72,10,1603,240,566,.424,46,148,.311,110,141,.780,94,215,309,149,58,36,88,148,636
269,Mark Price,25,CLE,73,73,2706,489,1066,.459,152,374,.406,300,338,.888,66,185,251,666,114,5,214,89,1430
270,Brian Quinnett,23,NYK,31,0,193,19,58,.328,0,2,.000,2,3,.667,9,19,28,11,3,4,4,27,40
271,Kurt Rambis,31,TOT,74,61,1904,190,373,.509,0,3,.000,82,127,.646,156,369,525,135,100,37,104,208,462
271,Kurt Rambis,31,CHH,16,16,448,58,116,.500,0,1,.000,30,55,.545,48,72,120,28,32,10,29,45,146
271,Kurt Rambis,31,PHO,58,45,1456,132,257,.514,0,2,.000,52,72,.722,108,297,405,107,68,27,75,163,316
272,Blair Rasmussen,27,DEN,81,55,1995,445,895,.497,0,1,.000,111,134,.828,174,420,594,82,40,104,75,300,1001
273,J.R. Reid,21,CHH,82,82,2757,358,814,.440,0,5,.000,192,289,.664,199,492,691,101,92,54,172,292,908
274,Robert Reid,34,TOT,72,28,1202,175,447,.391,10,32,.313,54,86,.628,34,117,151,90,38,16,45,153,414
274,Robert Reid,34,POR,12,1,85,13,33,.394,1,3,.333,4,8,.500,1,7,8,8,2,2,1,17,31
274,Robert Reid,34,CHH,60,27,1117,162,414,.391,9,29,.310,50,78,.641,33,110,143,82,36,14,44,136,383
275,Jerry Reynolds,27,ORL,67,40,1817,309,741,.417,1,14,.071,239,322,.742,91,232,323,180,93,64,139,162,858
276,Glen Rice,22,MIA,77,60,2311,470,1071,.439,17,69,.246,91,124,.734,100,252,352,138,67,27,113,198,1048
277,Pooh Richardson,23,MIN,82,48,2581,426,925,.461,23,83,.277,63,107,.589,55,162,217,554,133,25,141,143,938
278,Mitch Richmond,24,GSW,78,78,2799,640,1287,.497,34,95,.358,406,469,.866,98,262,360,223,98,24,201,210,1720
279,David Rivers,25,LAC,52,11,724,80,197,.406,0,5,.000,59,78,.756,30,55,85,155,31,0,88,53,219
280,Doc Rivers,28,ATL,48,44,1526,218,480,.454,24,66,.364,138,170,.812,47,153,200,264,116,22,98,151,598
Rk,Player,Age,Tm,G,GS,MP,FG,FGA,FG%,3P,3PA,3P%,FT,FTA,FT%,ORB,DRB,TRB,AST,STL,BLK,TOV,PF,PTS
281,Fred Roberts,29,MIL,82,66,2235,330,666,.495,2,11,.182,195,249,.783,107,204,311,147,56,25,130,210,857
282,Alvin Robertson,27,MIL,81,81,2599,476,946,.503,4,26,.154,197,266,.741,230,329,559,445,207,17,217,280,1153
283,Clifford Robinson,23,POR,82,0,1565,298,751,.397,12,44,.273,138,251,.550,110,198,308,72,53,53,129,226,746
284,David Robinson*,24,SAS,82,81,3002,690,1300,.531,0,2,.000,613,837,.732,303,680,983,164,138,319,257,259,1993
285,Dennis Rodman*,28,DET,82,43,2377,288,496,.581,1,9,.111,142,217,.654,336,456,792,72,52,60,90,276,719
286,Tree Rollins,34,CLE,48,19,674,57,125,.456,0,1,.000,11,16,.688,58,95,153,24,13,53,35,83,125
287,Doug Roth,22,WSB,42,0,412,37,86,.430,0,1,.000,7,14,.500,44,76,120,20,8,13,16,70,81
288,Scott Roth,26,MIN,71,3,1061,159,420,.379,18,52,.346,150,201,.746,34,78,112,115,51,6,85,144,486
289,Jim Rowinski,29,MIA,14,0,112,14,32,.438,0,0,,22,26,.846,17,12,29,5,1,2,10,19,50
290,Brian Rowsom,24,CHH,44,2,559,78,179,.436,1,2,.500,68,83,.819,44,87,131,22,18,11,25,58,225
291,Donald Royal,23,MIN,66,0,746,117,255,.459,0,1,.000,153,197,.777,69,68,137,43,32,8,81,107,387
292,Delaney Rudd,27,UTA,77,2,850,111,259,.429,16,56,.286,35,53,.660,12,43,55,177,22,1,88,81,273
293,John Salley,25,DET,82,12,1914,209,408,.512,1,4,.250,174,244,.713,154,285,439,67,51,153,97,282,593
294,Ralph Sampson*,29,SAC,26,7,417,48,129,.372,1,4,.250,12,23,.522,11,73,84,28,14,22,34,66,109
295,Jeff Sanders,24,CHI,31,0,182,13,40,.325,0,0,,2,4,.500,17,22,39,9,4,4,15,27,28
296,Mike Sanders,29,IND,82,13,1531,225,479,.470,5,14,.357,55,75,.733,78,152,230,89,43,23,79,220,510
297,Danny Schayes,30,DEN,53,22,1194,163,330,.494,0,4,.000,225,264,.852,117,225,342,61,41,45,72,200,551
298,Detlef Schrempf,27,IND,78,18,2573,424,822,.516,17,48,.354,402,490,.820,149,471,620,247,59,16,180,271,1267
299,Byron Scott,28,LAL,77,77,2593,472,1005,.470,93,220,.423,160,209,.766,51,191,242,274,77,31,122,180,1197
300,Rony Seikaly,24,MIA,74,72,2409,486,968,.502,0,1,.000,256,431,.594,253,513,766,78,78,124,236,258,1228
Rk,Player,Age,Tm,G,GS,MP,FG,FGA,FG%,3P,3PA,3P%,FT,FTA,FT%,ORB,DRB,TRB,AST,STL,BLK,TOV,PF,PTS
301,Brad Sellers,27,TOT,59,0,700,103,254,.406,0,5,.000,58,73,.795,39,50,89,33,17,22,46,74,264
301,Brad Sellers,27,SEA,45,0,587,84,198,.424,0,3,.000,49,61,.803,31,39,70,32,11,19,34,63,217
301,Brad Sellers,27,MIN,14,0,113,19,56,.339,0,2,.000,9,12,.750,8,11,19,1,6,3,12,11,47
302,Charles Shackleford,23,NJN,70,37,1557,247,535,.462,0,1,.000,79,115,.687,180,299,479,56,40,35,116,183,573
303,John Shasky,25,GSW,14,0,51,4,14,.286,0,0,,2,6,.333,4,9,13,1,1,2,2,10,10
304,Purvis Short,32,NJN,82,24,2213,432,950,.455,10,35,.286,198,237,.835,101,147,248,145,66,20,119,202,1072
305,Dexter Shouse,26,PHI,3,0,18,0,4,.000,0,1,.000,0,0,,0,0,0,2,1,1,2,2,0
306,Jerry Sichting,33,TOT,35,8,496,50,125,.400,3,12,.250,18,22,.818,3,16,19,94,16,2,22,40,121
306,Jerry Sichting,33,CHH,34,8,469,50,119,.420,3,12,.250,15,18,.833,3,16,19,92,16,2,22,39,118
306,Jerry Sichting,33,MIL,1,0,27,0,6,.000,0,0,,3,4,.750,0,0,0,2,0,0,0,1,3
307,Jack Sikma,34,MIL,71,70,2250,344,827,.416,68,199,.342,230,260,.885,109,383,492,229,76,48,139,244,986
308,Scott Skiles,25,ORL,70,32,1460,190,464,.409,52,132,.394,104,119,.874,23,136,159,334,36,4,90,126,536
309,Charles Smith,24,LAC,78,76,2732,595,1145,.520,1,12,.083,454,572,.794,177,347,524,114,86,119,162,294,1645
310,Charles Smith,22,BOS,60,0,519,59,133,.444,0,7,.000,53,76,.697,14,55,69,103,35,3,36,75,171
311,Derek Smith,28,PHI,75,7,1405,261,514,.508,16,36,.444,130,186,.699,62,110,172,109,35,20,85,198,668
312,Kenny Smith,24,TOT,79,51,2421,378,811,.466,26,83,.313,161,196,.821,18,139,157,445,79,8,169,143,943
312,Kenny Smith,24,SAC,46,46,1747,280,607,.461,22,59,.373,106,131,.809,11,109,120,303,57,7,122,98,688
312,Kenny Smith,24,ATL,33,5,674,98,204,.480,4,24,.167,55,65,.846,7,30,37,142,22,1,47,45,255
313,Larry Smith,32,HOU,74,0,1300,101,213,.474,0,2,.000,20,55,.364,180,272,452,69,56,28,70,203,222
314,Michael Smith,24,BOS,65,7,620,136,286,.476,2,28,.071,53,64,.828,40,60,100,79,9,1,54,51,327
315,Otis Smith,26,ORL,65,35,1644,348,708,.492,10,40,.250,169,222,.761,117,183,300,147,76,57,102,174,875
316,Rik Smits,23,IND,82,82,2404,515,967,.533,0,1,.000,241,297,.811,135,377,512,142,45,169,143,328,1271
317,Mike Smrek,27,GSW,13,3,107,10,24,.417,0,0,,1,6,.167,11,23,34,1,4,11,9,18,21
318,Rory Sparrow,31,MIA,82,25,1756,210,510,.412,8,40,.200,59,77,.766,37,101,138,298,49,4,99,140,487
319,John Stockton*,27,UTA,78,78,2915,472,918,.514,47,113,.416,354,432,.819,57,149,206,1134,207,18,272,233,1345
320,Greg Stokes,26,SAC,11,0,34,1,9,.111,0,0,,2,2,1.000,2,3,5,0,0,0,3,8,4
Rk,Player,Age,Tm,G,GS,MP,FG,FGA,FG%,3P,3PA,3P%,FT,FTA,FT%,ORB,DRB,TRB,AST,STL,BLK,TOV,PF,PTS
321,Rod Strickland,23,TOT,82,24,2140,343,756,.454,8,30,.267,174,278,.626,90,169,259,468,127,14,170,160,868
321,Rod Strickland,23,NYK,51,0,1019,170,386,.440,6,21,.286,83,130,.638,43,83,126,219,70,8,85,71,429
321,Rod Strickland,23,SAS,31,24,1121,173,370,.468,2,9,.222,91,148,.615,47,86,133,249,57,6,85,89,439
322,Jon Sundvold,28,MIA,63,2,867,148,363,.408,44,100,.440,44,52,.846,15,56,71,102,25,0,52,69,384
323,Roy Tarpley,25,DAL,45,35,1648,314,696,.451,0,6,.000,130,172,.756,189,400,589,67,79,70,117,160,758
324,Jay Taylor,22,NJN,17,0,114,21,52,.404,3,13,.231,6,9,.667,5,6,11,5,5,3,10,9,51
325,Leonard Taylor,23,GSW,10,0,37,0,6,.000,0,1,.000,11,16,.688,4,8,12,1,0,0,5,4,11
326,Terry Teagle,29,GSW,82,49,2376,538,1122,.480,3,14,.214,244,294,.830,114,253,367,155,91,15,144,231,1323
327,Reggie Theus,32,ORL,76,71,2350,517,1178,.439,26,105,.248,378,443,.853,75,146,221,407,60,12,226,194,1438
328,Isiah Thomas*,28,DET,81,81,2993,579,1322,.438,42,136,.309,292,377,.775,74,234,308,765,139,19,322,206,1492
329,Billy Thompson,26,MIA,79,45,2142,375,727,.516,2,4,.500,115,185,.622,238,313,551,166,54,89,156,237,867
330,LaSalle Thompson,28,IND,82,60,2126,223,471,.473,1,5,.200,107,134,.799,175,455,630,106,65,71,150,313,554
331,Mychal Thompson,35,LAL,70,70,1883,281,562,.500,0,0,,144,204,.706,173,304,477,43,33,73,79,207,706
332,Bob Thornton,27,PHI,56,0,592,48,112,.429,1,3,.333,26,51,.510,45,88,133,17,20,12,35,105,123
333,Otis Thorpe,27,HOU,82,82,2947,547,998,.548,0,10,.000,307,446,.688,258,476,734,261,66,24,229,270,1401
334,Sedale Threatt,28,SEA,65,18,1481,303,599,.506,8,32,.250,130,157,.828,43,72,115,216,65,8,77,164,744
335,Wayman Tisdale,25,SAC,79,79,2937,726,1383,.525,0,6,.000,306,391,.783,185,410,595,108,54,54,153,251,1758
336,Tom Tolbert,24,GSW,70,21,1347,218,442,.493,5,18,.278,175,241,.726,122,241,363,58,23,25,79,191,616
337,Sedric Toney,27,TOT,64,9,968,87,250,.348,23,63,.365,67,83,.807,14,46,60,174,33,0,73,106,264
337,Sedric Toney,27,ATL,32,0,286,30,72,.417,7,13,.538,21,25,.840,3,11,14,52,10,0,21,35,88
337,Sedric Toney,27,SAC,32,9,682,57,178,.320,16,50,.320,46,58,.793,11,35,46,122,23,0,52,71,176
338,Kelly Tripucka,30,CHH,79,73,2404,442,1029,.430,38,104,.365,310,351,.883,82,240,322,224,75,16,176,220,1232
339,Trent Tucker,30,NYK,81,2,1725,253,606,.417,95,245,.388,66,86,.767,57,117,174,173,74,8,73,159,667
340,Andre Turner,25,TOT,11,0,115,11,38,.289,0,2,.000,4,4,1.000,4,4,8,23,8,0,12,6,26
340,Andre Turner,25,LAC,3,0,31,2,13,.154,0,1,.000,0,0,,3,2,5,3,1,0,4,1,4
340,Andre Turner,25,CHH,8,0,84,9,25,.360,0,1,.000,4,4,1.000,1,2,3,20,7,0,8,5,22
Rk,Player,Age,Tm,G,GS,MP,FG,FGA,FG%,3P,3PA,3P%,FT,FTA,FT%,ORB,DRB,TRB,AST,STL,BLK,TOV,PF,PTS
341,Henry Turner,23,SAC,36,1,315,58,122,.475,0,3,.000,40,65,.615,22,28,50,22,17,7,26,40,156
342,Jeff Turner,27,ORL,60,15,1105,132,308,.429,2,10,.200,42,54,.778,52,175,227,53,23,12,61,161,308
343,Melvin Turpin,29,WSB,59,12,818,110,209,.526,0,2,.000,56,71,.789,88,133,221,27,15,47,45,135,276
344,Kelvin Upshaw,27,TOT,40,0,387,64,146,.438,4,15,.267,28,37,.757,9,32,41,54,27,1,27,53,160
344,Kelvin Upshaw,27,BOS,14,0,131,12,39,.308,2,5,.400,4,6,.667,3,10,13,28,2,1,12,19,30
344,Kelvin Upshaw,27,DAL,3,0,4,1,3,.333,0,1,.000,0,0,,0,0,0,0,0,0,0,0,2
344,Kelvin Upshaw,27,GSW,23,0,252,51,104,.490,2,9,.222,24,31,.774,6,22,28,26,25,0,15,34,128
345,Kiki Vandeweghe,31,NYK,22,13,563,102,231,.442,10,19,.526,44,48,.917,15,38,53,41,15,3,26,28,258
346,Jay Vincent,30,TOT,41,6,459,86,183,.470,1,2,.500,41,49,.837,20,42,62,18,18,5,33,52,214
346,Jay Vincent,30,PHI,17,5,259,45,105,.429,1,1,1.000,33,37,.892,13,23,36,8,10,2,14,23,124
346,Jay Vincent,30,LAL,24,1,200,41,78,.526,0,1,.000,8,12,.667,7,19,26,10,8,3,19,29,90
347,Sam Vincent,26,ORL,63,45,1657,258,564,.457,1,14,.071,188,214,.879,37,157,194,354,65,20,132,108,705
348,Gary Voce,24,CLE,1,0,4,1,3,.333,0,0,,0,0,,2,0,2,0,0,0,0,0,2
349,Alexander Volkov,25,ATL,72,4,937,137,284,.482,13,34,.382,70,120,.583,52,67,119,83,36,22,52,166,357
350,Mark Wade,24,DAL,1,0,3,0,0,,0,0,,0,0,,0,0,0,2,0,0,0,0,0
351,Darrell Walker,28,WSB,81,81,2883,316,696,.454,2,21,.095,138,201,.687,173,541,714,652,139,30,173,220,772
352,Kenny Walker,25,NYK,68,21,1595,204,384,.531,2,5,.400,125,173,.723,131,212,343,49,33,52,60,178,535
353,Spud Webb,26,ATL,82,46,2184,294,616,.477,1,19,.053,162,186,.871,38,163,201,477,105,12,141,185,751
354,Chris Welp,26,TOT,27,3,198,23,61,.377,0,0,,19,25,.760,18,30,48,9,6,8,15,58,65
354,Chris Welp,26,SAS,13,1,56,7,23,.304,0,0,,1,2,.500,7,5,12,5,1,0,6,21,15
354,Chris Welp,26,GSW,14,2,142,16,38,.421,0,0,,18,23,.783,11,25,36,4,5,8,9,37,50
355,Bill Wennington,26,DAL,60,2,814,105,234,.449,0,4,.000,60,75,.800,64,134,198,41,20,21,50,144,270
356,Doug West,22,MIN,52,0,378,53,135,.393,3,11,.273,26,32,.813,24,46,70,18,10,6,31,61,135
357,Mark West,29,PHO,82,79,2399,331,530,.625,0,0,,199,288,.691,212,516,728,45,36,184,126,277,861
358,Randy White,22,DAL,55,2,707,93,252,.369,1,14,.071,50,89,.562,78,95,173,21,24,6,47,124,237
359,Mitchell Wiggins,30,HOU,66,52,1852,416,853,.488,0,3,.000,192,237,.810,133,153,286,104,85,1,87,165,1024
360,Morlon Wiley,23,ORL,40,2,638,92,208,.442,17,46,.370,28,38,.737,13,39,52,114,45,3,63,65,229
Rk,Player,Age,Tm,G,GS,MP,FG,FGA,FG%,3P,3PA,3P%,FT,FTA,FT%,ORB,DRB,TRB,AST,STL,BLK,TOV,PF,PTS
361,Dominique Wilkins*,30,ATL,80,79,2888,810,1672,.484,59,183,.322,459,569,.807,217,304,521,200,126,47,174,141,2138
362,Eddie Lee Wilkins,27,NYK,79,0,972,141,310,.455,0,2,.000,89,147,.605,114,151,265,16,18,18,73,152,371
363,Gerald Wilkins,26,NYK,82,80,2609,472,1032,.457,39,125,.312,208,259,.803,133,238,371,330,95,21,194,188,1191
364,Buck Williams,29,POR,82,82,2801,413,754,.548,0,1,.000,288,408,.706,250,550,800,116,69,39,168,285,1114
365,Herb Williams,31,DAL,81,19,2199,295,665,.444,2,9,.222,108,159,.679,76,315,391,119,51,106,106,243,700
366,Hot Rod Williams,27,CLE,82,29,2776,528,1070,.493,0,0,,325,440,.739,220,443,663,168,86,167,143,214,1381
367,John Williams,23,WSB,18,18,632,130,274,.474,2,18,.111,65,84,.774,27,109,136,84,21,9,43,33,327
368,Micheal Williams,23,TOT,28,1,329,60,119,.504,0,3,.000,36,46,.783,12,20,32,81,22,1,33,39,156
368,Micheal Williams,23,PHO,6,0,26,2,10,.200,0,0,,1,2,.500,1,0,1,4,0,0,5,0,5
368,Micheal Williams,23,CHH,22,1,303,58,109,.532,0,3,.000,35,44,.795,11,20,31,77,22,1,28,39,151
369,Mike Williams,26,TOT,21,0,102,6,18,.333,0,1,.000,3,6,.500,5,18,23,2,3,7,3,30,15
369,Mike Williams,26,SAC,16,0,88,6,14,.429,0,1,.000,3,6,.500,5,17,22,2,3,7,3,28,15
369,Mike Williams,26,ATL,5,0,14,0,4,.000,0,0,,0,0,,0,1,1,0,0,0,0,2,0
370,Reggie Williams,25,TOT,47,17,743,131,338,.388,6,37,.162,52,68,.765,28,55,83,53,32,14,45,102,320
370,Reggie Williams,25,LAC,5,5,133,21,57,.368,0,5,.000,18,21,.857,8,7,15,10,9,1,9,7,60
370,Reggie Williams,25,CLE,32,12,542,91,239,.381,6,27,.222,30,41,.732,17,43,60,38,22,10,32,79,218
370,Reggie Williams,25,SAS,10,0,68,19,42,.452,0,5,.000,4,6,.667,3,5,8,5,1,3,4,16,42
371,Kevin Willis,27,ATL,81,51,2273,418,805,.519,2,7,.286,168,246,.683,253,392,645,57,63,47,144,259,1006
372,David Wingate,26,SAS,78,2,1856,220,491,.448,0,13,.000,87,112,.777,62,133,195,208,89,18,127,154,527
373,Randy Wittman,30,IND,61,0,544,62,122,.508,1,2,.500,5,6,.833,4,26,30,39,7,4,23,21,130
374,Joe Wolf,25,LAC,77,19,1325,155,392,.395,5,25,.200,55,71,.775,63,169,232,62,30,24,77,129,370
375,Leon Wood,27,NJN,28,2,200,16,49,.327,4,21,.190,14,16,.875,1,11,12,47,6,0,8,16,50
376,Mike Woodson,31,HOU,61,11,972,160,405,.395,12,41,.293,62,86,.721,25,63,88,66,42,11,49,100,394
377,Orlando Woolridge,30,LAL,62,2,1421,306,550,.556,0,5,.000,176,240,.733,49,136,185,96,39,46,73,160,788
378,Haywoode Workman,24,ATL,6,0,16,2,3,.667,0,0,,2,2,1.000,0,3,3,2,3,0,0,3,6
379,James Worthy*,28,LAL,80,80,2960,711,1298,.548,15,49,.306,248,317,.782,160,318,478,288,99,49,160,190,1685
380,Danny Young,27,POR,82,8,1393,138,328,.421,16,59,.271,91,112,.813,29,93,122,231,82,4,80,84,383
Rk,Player,Age,Tm,G,GS,MP,FG,FGA,FG%,3P,3PA,3P%,FT,FTA,FT%,ORB,DRB,TRB,AST,STL,BLK,TOV,PF,PTS
381,Michael Young,29,LAC,45,2,459,92,194,.474,8,26,.308,27,38,.711,36,50,86,24,25,3,15,47,219