Rk,Player,Age,Tm,G,GS,MP,FG,FGA,FG%,3P,3PA,3P%,FT,FTA,FT%,ORB,DRB,TRB,AST,STL,BLK,TOV,PF,PTS
1,Alaa Abdelnaby,23,POR,71,1,934,178,361,.493,0,0,,76,101,.752,81,179,260,30,25,17,66,132,432
2,Mahmoud Abdul-Rauf,22,DEN,81,11,1538,356,845,.421,31,94,.330,94,108,.870,22,92,114,192,44,4,117,130,837
3,Mark Acres,29,ORL,68,6,926,78,151,.517,1,3,.333,51,67,.761,97,155,252,22,25,15,33,140,208
4,Michael Adams,29,WSB,78,78,2795,485,1233,.393,125,386,.324,313,360,.869,58,252,310,594,145,9,212,162,1408
5,Rafael Addison,27,NJN,76,8,1175,187,432,.433,14,49,.286,56,76,.737,65,100,165,68,28,28,46,109,444
6,Mark Aguirre,32,DET,75,12,1582,339,787,.431,15,71,.211,158,230,.687,67,169,236,126,51,11,105,171,851
7,Danny Ainge,32,POR,81,6,1595,299,676,.442,78,230,.339,108,131,.824,40,108,148,202,73,12,70,148,784
8,Victor Alexander,22,GSW,80,28,1350,243,459,.529,0,1,.000,103,149,.691,106,230,336,32,45,62,91,176,589
9,Greg Anderson,27,DEN,82,82,2793,389,854,.456,0,4,.000,167,268,.623,337,604,941,78,88,65,201,263,945
10,Kenny Anderson,21,NJN,64,13,1086,187,480,.390,3,13,.231,73,98,.745,38,89,127,203,67,9,97,68,450
11,Nick Anderson,24,ORL,60,59,2203,482,1042,.463,30,85,.353,202,303,.667,98,286,384,163,97,33,126,132,1196
12,Ron Anderson,33,PHI,82,11,2432,469,1008,.465,42,127,.331,143,163,.877,96,182,278,135,86,11,109,128,1123
13,Willie Anderson,25,SAS,57,55,1889,312,685,.455,13,56,.232,107,138,.775,62,238,300,302,54,51,140,151,744
14,Michael Ansley,24,TOT,10,0,45,8,18,.444,0,0,,5,6,.833,2,4,6,2,0,0,3,7,21
14,Michael Ansley,24,PHI,8,0,32,5,11,.455,0,0,,5,6,.833,2,2,4,2,0,0,3,6,15
14,Michael Ansley,24,CHH,2,0,13,3,7,.429,0,0,,0,0,,0,2,2,0,0,0,0,1,6
15,Greg Anthony,24,NYK,82,1,1510,161,435,.370,8,55,.145,117,158,.741,33,103,136,314,59,9,98,170,447
16,B.J. Armstrong,24,CHI,82,3,1875,335,697,.481,35,87,.402,104,129,.806,19,126,145,266,46,5,94,88,809
17,Vincent Askew,25,GSW,80,10,1496,193,379,.509,1,10,.100,111,160,.694,89,144,233,188,47,23,84,128,498
18,Keith Askins,24,MIA,59,4,843,84,205,.410,25,73,.342,26,37,.703,65,77,142,38,40,15,47,109,219
19,Stacey Augmon,23,ATL,82,82,2505,440,899,.489,1,6,.167,213,320,.666,191,229,420,201,124,27,181,161,1094
20,Isaac Austin,22,UTA,31,0,112,21,46,.457,0,0,,19,30,.633,11,24,35,5,2,2,8,20,61
Rk,Player,Age,Tm,G,GS,MP,FG,FGA,FG%,3P,3PA,3P%,FT,FTA,FT%,ORB,DRB,TRB,AST,STL,BLK,TOV,PF,PTS
21,Milos Babic,23,MIA,9,0,35,6,13,.462,0,0,,6,8,.750,2,9,11,6,1,0,5,0,18
22,John Bagley,31,BOS,73,59,1742,223,506,.441,10,42,.238,68,95,.716,38,123,161,480,57,4,148,123,524
23,Thurl Bailey,30,TOT,84,18,2104,368,836,.440,0,2,.000,215,270,.796,122,363,485,78,35,117,108,160,951
23,Thurl Bailey,30,UTA,13,0,327,39,101,.386,0,1,.000,44,55,.800,23,55,78,19,5,15,21,31,122
23,Thurl Bailey,30,MIN,71,18,1777,329,735,.448,0,1,.000,171,215,.795,99,308,407,59,30,102,87,129,829
24,Steve Bardo,23,SAS,1,0,1,0,0,,0,0,,0,0,,1,0,1,0,0,0,0,0,0
25,Charles Barkley*,28,PHI,75,75,2881,622,1126,.552,32,137,.234,454,653,.695,271,559,830,308,136,44,235,196,1730
26,Dana Barros,24,SEA,75,1,1331,238,493,.483,83,186,.446,60,79,.759,17,64,81,125,51,4,56,84,619
27,John Battle,29,CLE,76,2,1637,316,659,.480,2,17,.118,145,171,.848,19,93,112,159,36,5,91,116,779
28,Kenny Battle,27,TOT,16,0,92,11,17,.647,0,1,.000,10,12,.833,4,12,16,4,2,2,4,10,32
28,Kenny Battle,27,BOS,8,0,46,3,4,.750,0,0,,8,8,1.000,3,6,9,0,1,0,2,4,14
28,Kenny Battle,27,GSW,8,0,46,8,13,.615,0,1,.000,2,4,.500,1,6,7,4,1,2,2,6,18
29,William Bedford,28,DET,32,8,363,50,121,.413,0,1,.000,14,22,.636,24,39,63,12,6,18,15,56,114
30,Benoit Benjamin,27,SEA,63,61,1941,354,740,.478,0,2,.000,171,249,.687,130,383,513,76,39,118,175,185,879
31,Winston Bennett,26,TOT,54,45,833,80,211,.379,0,1,.000,35,50,.700,63,99,162,38,19,9,33,122,195
31,Winston Bennett,26,CLE,52,45,831,79,209,.378,0,1,.000,35,50,.700,62,99,161,38,19,9,33,121,193
31,Winston Bennett,26,MIA,2,0,2,1,2,.500,0,0,,0,0,,1,0,1,0,0,0,0,1,2
32,David Benoit,23,UTA,77,2,1161,175,375,.467,3,14,.214,81,100,.810,105,191,296,34,19,44,71,124,434
33,Larry Bird*,35,BOS,45,45,1662,353,758,.466,52,128,.406,150,162,.926,46,388,434,306,42,33,125,82,908
34,Rolando Blackman,32,DAL,75,74,2527,535,1161,.461,65,169,.385,239,266,.898,78,161,239,204,50,22,153,134,1374
35,Lance Blanks,25,DET,43,0,189,25,55,.455,6,16,.375,8,11,.727,9,13,22,19,14,1,14,26,64
36,Mookie Blaylock,24,NJN,72,67,2548,429,993,.432,12,54,.222,126,177,.712,101,168,269,492,170,40,152,182,996
37,Muggsy Bogues,27,CHH,82,69,2790,317,671,.472,2,27,.074,94,120,.783,58,177,235,743,170,6,156,156,730
38,Manute Bol,29,PHI,71,2,1267,49,128,.383,0,9,.000,12,26,.462,54,168,222,22,11,205,41,139,110
39,Anthony Bonner,23,SAC,79,18,2287,294,658,.447,1,4,.250,151,241,.627,192,293,485,125,94,26,133,194,740
40,Anthony Bowie,28,ORL,52,26,1721,312,633,.493,17,44,.386,117,136,.860,70,175,245,163,55,38,107,101,758
Rk,Player,Age,Tm,G,GS,MP,FG,FGA,FG%,3P,3PA,3P%,FT,FTA,FT%,ORB,DRB,TRB,AST,STL,BLK,TOV,PF,PTS
41,Sam Bowie,30,NJN,71,61,2179,421,947,.445,8,25,.320,212,280,.757,203,375,578,186,41,120,150,212,1062
42,Terrell Brandon,21,CLE,82,9,1605,252,601,.419,1,23,.043,100,124,.806,49,113,162,316,81,22,136,107,605
43,Randy Breuer,31,MIN,67,25,1176,161,344,.468,0,1,.000,41,77,.532,98,183,281,89,27,99,41,117,363
44,Frank Brickowski,32,MIL,65,60,1556,306,584,.524,3,6,.500,125,163,.767,97,247,344,122,60,23,112,223,740
45,Kevin Brooks,22,DEN,37,0,270,43,97,.443,2,11,.182,17,21,.810,13,26,39,11,8,2,18,19,105
46,Scott Brooks,26,MIN,82,0,1082,167,374,.447,32,90,.356,51,63,.810,27,72,99,205,66,7,51,82,417
47,Chucky Brown,23,TOT,42,2,431,60,128,.469,0,3,.000,30,49,.612,31,51,82,26,12,7,29,48,150
47,Chucky Brown,23,CLE,6,0,50,5,10,.500,0,0,,5,8,.625,2,4,6,3,3,0,2,7,15
47,Chucky Brown,23,LAL,36,2,381,55,118,.466,0,3,.000,25,41,.610,29,47,76,23,9,7,27,41,135
48,Dee Brown,23,BOS,31,20,883,149,350,.426,5,22,.227,60,78,.769,15,64,79,164,33,7,59,74,363
49,Mike Brown,28,UTA,82,1,1783,221,488,.453,0,1,.000,190,285,.667,187,289,476,81,42,34,105,196,632
50,Myron Brown,22,MIN,4,0,23,4,6,.667,1,3,.333,0,0,,0,3,3,6,1,0,4,2,9
51,Randy Brown,23,SAC,56,0,535,77,169,.456,0,6,.000,38,58,.655,26,43,69,59,35,12,42,68,192
52,Tony Brown,31,TOT,57,2,655,102,249,.410,19,63,.302,48,66,.727,32,52,84,48,30,5,35,82,271
52,Tony Brown,31,LAC,22,0,254,39,89,.438,7,22,.318,18,29,.621,9,19,28,16,12,1,14,31,103
52,Tony Brown,31,SEA,35,2,401,63,160,.394,12,41,.293,30,37,.811,23,33,56,32,18,4,21,51,168
53,Mark Bryant,26,POR,56,0,800,95,198,.480,0,3,.000,40,60,.667,87,114,201,41,26,8,30,105,230
54,Jud Buechler,23,TOT,28,0,290,29,71,.408,0,1,.000,12,21,.571,18,34,52,23,19,7,13,31,70
54,Jud Buechler,23,NJN,2,0,29,4,8,.500,0,0,,0,0,,2,0,2,2,2,1,1,2,8
54,Jud Buechler,23,SAS,11,0,140,15,30,.500,0,0,,3,9,.333,6,16,22,11,8,3,5,18,33
54,Jud Buechler,23,GSW,15,0,121,10,33,.303,0,1,.000,9,12,.750,10,18,28,10,9,3,7,11,29
55,Matt Bullard,24,HOU,80,7,1278,205,447,.459,64,166,.386,38,50,.760,73,150,223,75,26,21,56,129,512
56,Willie Burton,23,MIA,68,50,1585,280,622,.450,6,15,.400,196,245,.800,76,168,244,123,46,37,119,186,762
57,Steve Burtt,29,PHO,31,2,356,74,160,.463,1,6,.167,38,54,.704,10,24,34,59,16,4,33,58,187
58,Michael Cage,30,SEA,82,69,2461,307,542,.566,0,5,.000,106,171,.620,266,462,728,92,99,55,78,237,720
59,Demetrius Calip,22,LAL,7,0,58,4,18,.222,1,5,.200,2,3,.667,1,4,5,12,1,0,5,8,11
60,Elden Campbell,23,LAL,81,47,1876,220,491,.448,0,2,.000,138,223,.619,155,268,423,59,53,159,73,203,578
Rk,Player,Age,Tm,G,GS,MP,FG,FGA,FG%,3P,3PA,3P%,FT,FTA,FT%,ORB,DRB,TRB,AST,STL,BLK,TOV,PF,PTS
61,Tony Campbell,29,MIN,78,41,2441,527,1137,.464,13,37,.351,240,299,.803,141,145,286,229,84,31,165,206,1307
62,Antoine Carr,30,SAS,81,27,1867,359,732,.490,1,5,.200,162,212,.764,128,218,346,63,32,96,114,264,881
63,Bill Cartwright,34,CHI,64,64,1471,208,445,.467,0,0,,96,159,.604,93,231,324,87,22,14,75,131,512
64,Terry Catledge,28,ORL,78,67,2430,457,922,.496,0,4,.000,240,346,.694,257,292,549,109,58,16,138,196,1154
65,Duane Causwell,23,SAC,80,77,2291,250,455,.549,0,1,.000,136,222,.613,196,384,580,59,47,215,124,281,636
66,Cedric Ceballos,22,PHO,64,4,725,176,365,.482,1,6,.167,109,148,.736,60,92,152,50,16,11,71,52,462
67,Tom Chambers,32,PHO,69,66,1948,426,989,.431,18,49,.367,258,311,.830,86,315,401,142,57,37,103,196,1128
68,Rex Chapman,24,TOT,22,11,567,113,252,.448,8,29,.276,36,53,.679,10,48,58,89,15,8,45,51,270
68,Rex Chapman,24,CHH,21,11,545,108,240,.450,8,27,.296,36,53,.679,9,45,54,86,14,8,42,47,260
68,Rex Chapman,24,WSB,1,0,22,5,12,.417,0,2,.000,0,0,,1,3,4,3,1,0,3,4,10
69,Maurice Cheeks,35,ATL,56,0,1086,115,249,.462,3,6,.500,26,43,.605,29,66,95,185,83,0,36,73,259
70,Pete Chilcutt,23,SAC,69,2,817,113,250,.452,2,2,1.000,23,28,.821,78,109,187,38,32,17,41,70,251
71,Derrick Coleman,24,NJN,65,58,2207,483,958,.504,23,76,.303,300,393,.763,203,415,618,205,54,98,248,168,1289
72,Bimbo Coles,23,MIA,81,28,1976,295,649,.455,10,52,.192,216,262,.824,69,120,189,366,73,13,167,151,816
73,Marty Conlon,24,SEA,45,1,381,48,101,.475,0,0,,24,32,.750,33,36,69,12,9,7,27,40,120
74,Lester Conner,32,MIL,81,9,1420,103,239,.431,0,7,.000,81,115,.704,63,121,184,294,97,10,79,86,287
75,Anthony Cook,24,DEN,22,0,115,15,25,.600,0,0,,4,6,.667,13,21,34,2,5,4,3,10,34
76,Wayne Cooper,35,POR,35,0,344,35,82,.427,0,0,,7,11,.636,38,63,101,21,4,27,15,57,77
77,Tom Copa,27,SAS,33,1,132,22,40,.550,0,0,,4,13,.308,14,22,36,3,2,6,8,29,48
78,Lanard Copeland,26,LAC,10,0,48,7,23,.304,0,2,.000,2,2,1.000,1,6,7,5,2,0,4,5,16
79,Tyrone Corbin,29,TOT,80,9,2207,303,630,.481,0,4,.000,174,201,.866,163,309,472,140,82,20,97,193,780
79,Tyrone Corbin,29,MIN,11,8,344,57,142,.401,0,1,.000,44,53,.830,24,45,69,33,12,6,26,31,158
79,Tyrone Corbin,29,UTA,69,1,1863,246,488,.504,0,3,.000,130,148,.878,139,264,403,107,70,14,71,162,622
80,Chris Corchiani,23,ORL,51,1,741,77,193,.399,10,37,.270,91,104,.875,18,60,78,141,45,2,74,94,255
Rk,Player,Age,Tm,G,GS,MP,FG,FGA,FG%,3P,3PA,3P%,FT,FTA,FT%,ORB,DRB,TRB,AST,STL,BLK,TOV,PF,PTS
81,Corey Crowder,22,UTA,51,0,328,43,112,.384,13,30,.433,15,18,.833,16,25,41,17,7,2,13,35,114
82,Terry Cummings,30,SAS,70,67,2149,514,1053,.488,5,13,.385,177,249,.711,247,384,631,102,58,34,115,210,1210
83,Dell Curry,27,CHH,77,0,2020,504,1038,.486,74,183,.404,127,152,.836,57,202,259,177,93,20,134,156,1209
84,Quintin Dailey,31,SEA,11,1,98,9,37,.243,0,1,.000,13,16,.813,2,10,12,4,5,1,10,6,31
85,Brad Daugherty,26,CLE,73,73,2643,576,1010,.570,0,2,.000,414,533,.777,191,569,760,262,65,78,185,190,1566
86,Brad Davis,36,DAL,33,0,429,38,86,.442,5,18,.278,11,15,.733,4,29,33,66,11,3,27,57,92
87,Dale Davis,22,IND,64,23,1301,154,279,.552,0,1,.000,87,152,.572,158,252,410,30,27,74,49,191,395
88,Terry Davis,24,DAL,68,67,2149,256,531,.482,0,5,.000,181,285,.635,228,444,672,57,26,29,117,202,693
89,Walter Davis,37,DEN,46,0,741,185,403,.459,5,16,.313,82,94,.872,20,50,70,68,29,1,45,69,457
90,Johnny Dawkins,28,PHI,82,82,2815,394,902,.437,36,101,.356,164,186,.882,42,185,227,567,89,5,183,158,988
91,Bison Dele,22,ORL,48,2,905,171,324,.528,0,0,,95,142,.669,115,157,272,33,41,53,86,139,437
92,Vlade Divac,23,LAL,36,18,979,157,317,.495,5,19,.263,86,112,.768,87,160,247,60,55,35,88,114,405
93,James Donaldson,34,TOT,58,32,1075,112,245,.457,0,0,,61,86,.709,99,190,289,33,8,49,48,103,285
93,James Donaldson,34,DAL,44,32,994,107,227,.471,0,0,,59,84,.702,97,173,270,31,8,44,41,86,273
93,James Donaldson,34,NYK,14,0,81,5,18,.278,0,0,,2,2,1.000,2,17,19,2,0,5,7,17,12
94,Sherman Douglas,25,TOT,42,2,752,117,253,.462,1,10,.100,73,107,.682,13,50,63,172,25,9,68,78,308
94,Sherman Douglas,25,MIA,5,2,98,16,31,.516,0,1,.000,5,7,.714,1,5,6,19,4,0,8,10,37
94,Sherman Douglas,25,BOS,37,0,654,101,222,.455,1,9,.111,68,100,.680,12,45,57,153,21,9,60,68,271
95,Greg Dreiling,28,IND,60,23,509,43,87,.494,1,1,1.000,30,40,.750,22,74,96,25,10,16,31,123,117
96,Clyde Drexler*,29,POR,76,76,2751,694,1476,.470,114,338,.337,401,505,.794,166,334,500,512,138,70,240,229,1903
97,Kevin Duckworth,27,POR,82,82,2222,362,786,.461,0,3,.000,156,226,.690,151,346,497,99,38,37,143,264,880
98,Chris Dudley,26,NJN,82,21,1902,190,472,.403,0,0,,80,171,.468,343,396,739,58,38,179,79,275,460
99,Joe Dumars*,28,DET,82,82,3192,587,1311,.448,49,120,.408,412,475,.867,82,106,188,375,71,12,193,145,1635
100,Ledell Eackles,25,WSB,65,25,1463,355,759,.468,7,35,.200,139,187,.743,39,139,178,125,47,7,75,145,856
Rk,Player,Age,Tm,G,GS,MP,FG,FGA,FG%,3P,3PA,3P%,FT,FTA,FT%,ORB,DRB,TRB,AST,STL,BLK,TOV,PF,PTS
101,Mark Eaton,35,UTA,81,81,2023,107,240,.446,0,0,,52,87,.598,150,341,491,40,36,205,60,239,266
102,Patrick Eddie,24,NYK,4,0,13,2,9,.222,0,0,,0,0,,0,1,1,0,0,0,0,3,4
103,Blue Edwards,26,UTA,81,81,2283,433,830,.522,39,103,.379,113,146,.774,86,212,298,137,81,46,122,236,1018
104,James Edwards,36,LAC,72,11,1437,250,538,.465,0,1,.000,198,271,.731,55,147,202,53,24,33,72,236,698
105,Kevin Edwards,26,MIA,81,1,1840,325,716,.454,7,32,.219,162,191,.848,56,155,211,170,99,20,120,138,819
106,Craig Ehlo,30,CLE,63,62,2016,310,684,.453,69,167,.413,87,123,.707,94,213,307,238,78,22,104,150,776
107,Mario Elie,28,GSW,79,32,1677,221,424,.521,23,70,.329,155,182,.852,69,158,227,174,68,15,83,159,620
108,Sean Elliott,23,SAS,82,82,3120,514,1040,.494,25,82,.305,285,331,.861,143,296,439,214,84,29,152,149,1338
109,Dale Ellis,31,MIL,81,11,2191,485,1034,.469,138,329,.419,164,212,.774,92,161,253,104,57,18,119,151,1272
110,LeRon Ellis,22,LAC,29,0,103,17,50,.340,0,0,,9,19,.474,12,12,24,1,6,9,11,11,43
111,Pervis Ellison,24,WSB,66,64,2511,547,1014,.539,1,3,.333,227,312,.728,217,523,740,190,62,177,196,222,1322
112,A.J. English,24,WSB,81,6,1665,366,846,.433,6,34,.176,148,176,.841,74,94,168,143,32,9,89,160,886
113,Patrick Ewing*,29,NYK,82,82,3150,796,1525,.522,1,6,.167,377,511,.738,228,693,921,156,88,245,209,277,1970
114,Dave Feitl,29,NJN,34,0,175,33,77,.429,0,0,,16,19,.842,21,40,61,6,2,3,19,22,82
115,Duane Ferrell,26,ATL,66,12,1598,331,632,.524,11,33,.333,166,218,.761,105,105,210,92,49,17,99,134,839
116,Danny Ferry,25,CLE,68,1,937,134,328,.409,17,48,.354,61,73,.836,53,160,213,75,22,15,46,135,346
117,Vern Fleming,29,IND,82,6,1737,294,610,.482,6,27,.222,132,179,.737,69,140,209,266,56,7,140,134,726
118,Sleepy Floyd,31,HOU,82,3,1662,286,704,.406,37,123,.301,135,170,.794,34,116,150,239,57,21,128,128,744
119,Greg Foster,23,WSB,49,3,548,89,193,.461,0,1,.000,35,49,.714,43,102,145,35,6,12,36,83,213
120,Rick Fox,22,BOS,81,5,1535,241,525,.459,23,70,.329,139,184,.755,73,147,220,126,78,30,123,230,644
Rk,Player,Age,Tm,G,GS,MP,FG,FGA,FG%,3P,3PA,3P%,FT,FTA,FT%,ORB,DRB,TRB,AST,STL,BLK,TOV,PF,PTS
121,Tellis Frank,26,MIN,10,0,140,18,33,.545,0,0,,10,15,.667,8,18,26,8,5,4,5,24,46
122,Anthony Frederick,27,CHH,66,26,852,161,370,.435,4,17,.235,63,92,.685,75,69,144,71,40,26,58,91,389
123,Kevin Gamble,26,BOS,82,77,2496,480,908,.529,9,31,.290,139,157,.885,80,206,286,219,75,37,97,200,1108
124,Winston Garland,27,DEN,78,67,2209,333,750,.444,9,28,.321,171,199,.859,67,123,190,411,98,22,175,206,846
125,Tom Garrick,25,TOT,40,5,549,59,143,.413,1,4,.250,18,26,.692,12,44,56,98,36,4,44,54,137
125,Tom Garrick,25,SAS,19,5,374,44,93,.473,0,1,.000,10,16,.625,8,33,41,63,21,1,30,33,98
125,Tom Garrick,25,MIN,15,0,112,11,33,.333,1,2,.500,6,8,.750,2,7,9,18,7,3,10,14,29
125,Tom Garrick,25,DAL,6,0,63,4,17,.235,0,1,.000,2,2,1.000,2,4,6,17,8,0,4,7,10
126,Chris Gatling,24,GSW,54,1,612,117,206,.568,0,4,.000,72,109,.661,75,107,182,16,31,36,44,101,306
127,Kenny Gattison,27,CHH,82,71,2223,423,799,.529,0,2,.000,196,285,.688,177,403,580,131,59,69,140,273,1042
128,Tate George,23,NJN,70,2,1037,165,386,.427,1,6,.167,87,106,.821,36,69,105,162,41,3,82,98,418
129,Kendall Gill,23,CHH,79,79,2906,666,1427,.467,6,25,.240,284,381,.745,165,237,402,329,154,46,180,237,1622
130,Armen Gilliam,27,PHI,81,81,2771,512,1001,.511,0,2,.000,343,425,.807,234,426,660,118,51,85,166,176,1367
131,Gerald Glass,24,MIN,75,41,1822,383,871,.440,16,54,.296,77,125,.616,107,153,260,175,66,30,103,171,859
132,Mike Gminski,32,CHH,35,10,499,90,199,.452,1,3,.333,21,28,.750,37,81,118,31,11,16,20,37,202
133,Dan Godfread,24,HOU,1,0,2,0,0,,0,0,,0,0,,0,0,0,0,0,0,0,0,0
134,Paul Graham,24,ATL,78,9,1718,305,682,.447,55,141,.390,126,170,.741,72,159,231,175,96,21,91,193,791
135,Ron Grandison,27,CHH,3,0,25,2,4,.500,0,0,,6,10,.600,3,8,11,1,1,1,3,4,10
136,Gary Grant,26,LAC,78,53,2049,275,595,.462,15,51,.294,44,54,.815,34,150,184,538,138,14,187,181,609
137,Greg Grant,25,TOT,68,0,891,99,225,.440,7,18,.389,20,24,.833,14,55,69,217,45,2,46,76,225
137,Greg Grant,25,CHH,13,0,57,0,8,.000,0,0,,1,2,.500,1,3,4,18,8,0,5,3,1
137,Greg Grant,25,PHI,55,0,834,99,217,.456,7,18,.389,19,22,.864,13,52,65,199,37,2,41,73,224
138,Harvey Grant,26,WSB,64,60,2388,489,1022,.478,1,8,.125,176,220,.800,157,275,432,170,74,27,109,178,1155
139,Horace Grant,26,CHI,81,81,2859,457,790,.578,0,2,.000,235,317,.741,344,463,807,217,100,131,98,196,1149
140,Jeff Grayer,26,MIL,82,11,1659,309,689,.448,19,66,.288,102,153,.667,129,128,257,150,64,13,105,142,739
Rk,Player,Age,Tm,G,GS,MP,FG,FGA,FG%,3P,3PA,3P%,FT,FTA,FT%,ORB,DRB,TRB,AST,STL,BLK,TOV,PF,PTS
141,A.C. Green,28,LAL,82,53,2902,382,803,.476,12,56,.214,340,457,.744,306,456,762,117,91,36,111,141,1116
142,Rickey Green,37,BOS,26,0,367,46,103,.447,1,4,.250,13,18,.722,3,21,24,68,17,1,18,28,106
143,Sean Green,21,IND,35,0,256,62,158,.392,2,10,.200,15,28,.536,22,20,42,22,13,6,27,31,141
144,Sidney Green,31,SAS,80,1,1127,147,344,.427,0,0,,73,89,.820,92,250,342,36,29,11,62,148,367
145,Jack Haley,28,LAL,49,9,394,31,84,.369,0,0,,14,29,.483,31,64,95,7,7,8,25,75,76
146,Tom Hammonds,24,WSB,37,19,984,195,400,.488,0,1,.000,50,82,.610,49,136,185,36,22,13,58,118,440
147,Bob Hansen,31,TOT,68,2,809,79,178,.444,7,27,.259,8,22,.364,17,60,77,69,27,3,28,134,173
147,Bob Hansen,31,SAC,2,2,40,4,9,.444,0,2,.000,0,0,,2,2,4,1,1,0,0,6,8
147,Bob Hansen,31,CHI,66,0,769,75,169,.444,7,25,.280,8,22,.364,15,58,73,68,26,3,28,128,165
148,Tim Hardaway,25,GSW,81,81,3332,734,1592,.461,127,376,.338,298,389,.766,81,229,310,807,164,13,267,208,1893
149,Derek Harper,30,DAL,65,64,2252,448,1011,.443,58,186,.312,198,261,.759,49,121,170,373,101,17,154,150,1152
150,Ron Harper,28,LAC,82,82,3144,569,1292,.440,64,211,.303,293,398,.736,120,327,447,417,152,72,252,199,1495
151,Scott Hastings,31,DEN,40,4,421,17,50,.340,0,9,.000,24,28,.857,30,68,98,26,10,15,22,56,58
152,Hersey Hawkins,25,PHI,81,81,3013,521,1127,.462,91,229,.397,403,461,.874,53,218,271,248,157,43,189,174,1536
153,Gerald Henderson,36,TOT,16,0,96,12,32,.375,3,8,.375,9,11,.818,1,7,8,10,3,0,8,12,36
153,Gerald Henderson,36,HOU,8,0,34,4,11,.364,0,3,.000,4,6,.667,1,1,2,5,0,0,4,4,12
153,Gerald Henderson,36,DET,8,0,62,8,21,.381,3,5,.600,5,5,1.000,0,6,6,5,3,0,4,8,24
154,Steve Henson,23,MIL,50,1,386,52,144,.361,23,48,.479,23,29,.793,17,24,41,82,15,1,40,50,150
155,Carl Herrera,25,HOU,43,7,566,83,161,.516,0,1,.000,25,44,.568,33,66,99,27,16,25,37,60,191
156,Rod Higgins,32,GSW,25,6,535,87,211,.412,33,95,.347,48,59,.814,30,55,85,22,15,13,15,75,255
157,Sean Higgins,23,TOT,38,12,616,127,277,.458,6,25,.240,31,36,.861,29,73,102,41,16,6,41,58,291
157,Sean Higgins,23,SAS,6,0,36,4,15,.267,0,1,.000,7,7,1.000,2,6,8,4,2,0,4,6,15
157,Sean Higgins,23,ORL,32,12,580,123,262,.469,6,24,.250,24,29,.828,27,67,94,37,14,6,37,52,276
158,Tyrone Hill,23,GSW,82,75,1886,254,487,.522,0,1,.000,163,235,.694,182,411,593,47,73,43,106,315,671
159,Donald Hodge,22,DAL,51,27,1058,163,328,.497,0,0,,100,150,.667,118,157,275,39,25,23,75,128,426
160,Craig Hodges,31,CHI,56,2,555,93,242,.384,36,96,.375,16,17,.941,7,17,24,54,14,1,22,33,238
Rk,Player,Age,Tm,G,GS,MP,FG,FGA,FG%,3P,3PA,3P%,FT,FTA,FT%,ORB,DRB,TRB,AST,STL,BLK,TOV,PF,PTS
161,Dave Hoppen,27,PHI,11,0,40,2,7,.286,0,0,,5,10,.500,1,9,10,2,0,0,3,6,9
162,Dennis Hopson,26,TOT,71,0,1314,276,593,.465,12,47,.255,179,253,.708,105,101,206,102,67,39,100,115,743
162,Dennis Hopson,26,CHI,2,0,10,1,2,.500,0,0,,0,0,,0,0,0,0,1,0,0,2,2
162,Dennis Hopson,26,SAC,69,0,1304,275,591,.465,12,47,.255,179,253,.708,105,101,206,102,66,39,100,113,741
163,Jeff Hornacek,28,PHO,81,81,3078,635,1240,.512,83,189,.439,279,315,.886,106,301,407,411,158,31,170,218,1632
164,Brian Howard,24,DAL,27,0,318,54,104,.519,1,2,.500,22,31,.710,17,34,51,14,11,8,15,55,131
165,Jay Humphries,29,MIL,71,71,2261,377,803,.469,42,144,.292,195,249,.783,44,140,184,466,119,13,148,210,991
166,Cedric Hunter,27,CHH,1,0,1,0,0,,0,0,,0,0,,0,0,0,0,0,0,0,0,0
167,Mike Iuzzolino,24,DAL,52,21,1280,160,355,.451,59,136,.434,107,128,.836,27,71,98,194,33,1,92,79,486
168,Jaren Jackson,24,GSW,5,0,54,11,23,.478,0,0,,4,6,.667,5,5,10,3,2,0,4,7,26
169,Mark Jackson,26,NYK,81,81,2461,367,747,.491,11,43,.256,171,222,.770,95,210,305,694,112,13,211,153,916
170,Dave Jamerson,24,HOU,48,0,378,79,191,.414,8,28,.286,25,27,.926,22,21,43,33,17,0,24,39,191
171,Henry James,26,CLE,65,5,866,164,403,.407,29,90,.322,61,76,.803,35,77,112,25,16,11,43,94,418
172,Les Jepsen,24,SAC,31,0,87,9,24,.375,0,1,.000,7,11,.636,12,18,30,1,1,5,3,17,25
173,Avery Johnson,26,TOT,69,15,1235,158,330,.479,4,15,.267,66,101,.653,13,67,80,266,61,9,110,89,386
173,Avery Johnson,26,SAS,20,14,463,55,108,.509,1,5,.200,24,32,.750,5,30,35,100,21,3,45,43,135
173,Avery Johnson,26,HOU,49,1,772,103,222,.464,3,10,.300,42,69,.609,8,37,45,166,40,6,65,46,251
174,Buck Johnson,28,HOU,80,69,2202,290,633,.458,1,9,.111,104,143,.727,95,217,312,158,72,49,104,234,685
175,Eddie Johnson,32,SEA,81,19,2366,534,1164,.459,27,107,.252,291,338,.861,118,174,292,161,55,11,130,199,1386
176,Kevin Johnson,25,PHO,78,78,2899,539,1125,.479,10,46,.217,448,555,.807,61,231,292,836,116,23,272,180,1536
177,Larry Johnson,22,CHH,82,77,3047,616,1258,.490,5,22,.227,339,409,.829,323,576,899,292,81,51,160,225,1576
178,Vinnie Johnson,35,SAS,60,23,1350,202,499,.405,19,60,.317,55,85,.647,67,115,182,145,41,14,74,93,478
179,Charles Jones,34,WSB,75,32,1365,33,90,.367,0,0,,20,40,.500,105,212,317,62,43,92,39,214,86
180,Michael Jordan*,28,CHI,80,80,3102,943,1818,.519,27,100,.270,491,590,.832,91,420,511,489,182,75,200,201,2404
Rk,Player,Age,Tm,G,GS,MP,FG,FGA,FG%,3P,3PA,3P%,FT,FTA,FT%,ORB,DRB,TRB,AST,STL,BLK,TOV,PF,PTS
181,Shawn Kemp,22,SEA,64,23,1808,362,718,.504,0,3,.000,270,361,.748,264,401,665,86,70,124,156,261,994
182,Steve Kerr,26,CLE,48,20,847,121,237,.511,32,74,.432,45,54,.833,14,64,78,110,27,10,31,29,319
183,Jerome Kersey,29,POR,77,76,2553,398,852,.467,1,8,.125,174,262,.664,241,392,633,243,114,71,151,254,971
184,Alec Kessler,25,MIA,77,4,1197,158,383,.413,0,0,,94,115,.817,114,200,314,34,17,32,58,185,410
185,Bo Kimble,25,LAC,34,0,277,44,111,.396,4,13,.308,20,31,.645,13,19,32,17,10,6,15,37,112
186,Albert King,32,WSB,6,0,59,11,30,.367,2,7,.286,7,8,.875,1,10,11,5,3,0,2,7,31
187,Rich King,22,SEA,40,2,213,27,71,.380,0,1,.000,34,45,.756,20,29,49,12,4,5,18,42,88
188,Stacey King,25,CHI,79,12,1268,215,425,.506,2,5,.400,119,158,.753,87,118,205,77,21,25,76,129,551
189,Greg Kite,30,ORL,72,44,1479,94,215,.437,0,1,.000,40,68,.588,156,246,402,44,30,57,61,212,228
190,Joe Kleine,30,BOS,70,3,991,144,293,.491,4,8,.500,34,48,.708,94,202,296,32,23,14,27,99,326
191,Negele Knight,24,PHO,42,1,631,103,217,.475,4,13,.308,33,48,.688,16,30,46,112,24,3,58,58,243
192,Bart Kofoed,27,SEA,44,0,239,25,53,.472,1,7,.143,15,26,.577,6,20,26,51,2,2,20,26,66
193,Jon Koncak,28,ATL,77,14,1489,111,284,.391,0,12,.000,19,29,.655,62,199,261,132,50,67,54,207,241
194,Larry Krystkowiak,27,MIL,79,16,1848,293,660,.444,0,5,.000,128,169,.757,131,298,429,114,54,12,115,218,714
195,Bill Laimbeer,34,DET,81,46,2234,342,727,.470,32,85,.376,67,75,.893,104,347,451,160,51,54,102,225,783
196,Jerome Lane,25,TOT,14,5,177,14,46,.304,0,0,,9,27,.333,32,34,66,17,2,1,14,28,37
196,Jerome Lane,25,DEN,9,5,141,10,40,.250,0,0,,8,19,.421,22,22,44,13,2,1,10,18,28
196,Jerome Lane,25,IND,3,0,30,3,5,.600,0,0,,0,6,.000,9,9,18,4,0,0,3,9,6
196,Jerome Lane,25,MIL,2,0,6,1,1,1.000,0,0,,1,2,.500,1,3,4,0,0,0,1,1,3
197,Andrew Lang,25,PHO,81,71,1965,248,475,.522,0,1,.000,126,164,.768,170,376,546,43,48,201,87,306,622
198,Eric Leckner,25,CHH,59,2,716,79,154,.513,0,1,.000,38,51,.745,49,157,206,31,9,18,39,114,196
199,Doug Lee,27,NJN,46,0,307,50,116,.431,10,37,.270,10,19,.526,17,18,35,22,11,1,12,39,120
200,Gary Leonard,24,ATL,5,0,13,4,6,.667,0,0,,2,2,1.000,3,2,5,1,1,0,1,3,10
Rk,Player,Age,Tm,G,GS,MP,FG,FGA,FG%,3P,3PA,3P%,FT,FTA,FT%,ORB,DRB,TRB,AST,STL,BLK,TOV,PF,PTS
201,Jim Les,28,SAC,62,5,712,74,192,.385,45,131,.344,38,47,.809,11,52,63,143,31,3,42,58,231
202,Fat Lever,31,DAL,31,5,884,135,349,.387,17,52,.327,60,80,.750,56,105,161,107,46,12,36,73,347
203,Cliff Levingston,31,CHI,79,0,1020,125,251,.498,1,6,.167,60,96,.625,109,118,227,66,27,45,42,134,311
204,Reggie Lewis,26,BOS,82,82,3070,703,1397,.503,5,21,.238,292,343,.851,117,277,394,185,125,105,136,258,1703
205,Marcus Liberty,23,DEN,75,13,1527,275,621,.443,17,50,.340,131,180,.728,144,164,308,58,66,29,90,166,698
206,Todd Lichti,25,DEN,68,10,1176,173,376,.460,1,9,.111,99,118,.839,36,82,118,74,43,12,72,130,446
207,Alton Lister,33,GSW,26,12,293,44,79,.557,0,0,,14,33,.424,21,71,92,14,5,16,20,61,102
208,Brad Lohaus,27,MIL,70,8,1081,162,360,.450,57,144,.396,27,41,.659,65,184,249,74,40,71,46,144,408
209,Grant Long,25,MIA,82,82,3063,440,890,.494,6,22,.273,326,404,.807,259,432,691,225,139,40,185,248,1212
210,Luc Longley,23,MIN,66,3,991,114,249,.458,0,0,,53,80,.663,67,190,257,53,35,64,83,157,281
211,Kevin Lynch,23,CHH,55,3,819,93,223,.417,3,8,.375,35,46,.761,30,55,85,83,37,9,44,107,224
212,Mark Macon,22,DEN,76,67,2304,333,889,.375,4,30,.133,135,185,.730,80,140,220,168,154,14,155,242,805
213,Dan Majerle,26,PHO,82,15,2853,551,1153,.478,87,228,.382,229,303,.756,148,335,483,274,131,43,102,158,1418
214,Jeff Malone,30,UTA,81,81,2922,691,1353,.511,1,12,.083,256,285,.898,49,184,233,180,56,5,140,126,1639
215,Karl Malone*,28,UTA,81,81,3054,798,1516,.526,3,17,.176,673,865,.778,225,684,909,241,108,51,248,226,2272
216,Moses Malone*,36,MIL,82,77,2511,440,929,.474,3,8,.375,396,504,.786,320,424,744,93,74,64,150,136,1279
217,Danny Manning,25,LAC,82,82,2904,650,1199,.542,0,5,.000,279,385,.725,229,335,564,285,135,122,210,293,1579
218,Sarunas Marciulionis,27,GSW,72,5,2117,491,912,.538,3,10,.300,376,477,.788,68,140,208,243,116,10,193,237,1361
219,Anthony Mason,25,NYK,82,0,2198,203,399,.509,0,0,,167,260,.642,216,357,573,106,46,20,101,229,573
220,Tony Massenburg,24,TOT,18,0,90,10,25,.400,0,0,,9,15,.600,7,18,25,0,1,1,9,21,29
220,Tony Massenburg,24,SAS,1,0,9,1,5,.200,0,0,,0,0,,0,0,0,0,0,0,0,2,2
220,Tony Massenburg,24,CHH,3,0,13,0,3,.000,0,0,,1,2,.500,1,3,4,0,1,0,4,2,1
220,Tony Massenburg,24,BOS,7,0,46,4,9,.444,0,0,,2,4,.500,2,7,9,0,0,1,2,7,10
220,Tony Massenburg,24,GSW,7,0,22,5,8,.625,0,0,,6,9,.667,4,8,12,0,0,0,3,10,16
Rk,Player,Age,Tm,G,GS,MP,FG,FGA,FG%,3P,3PA,3P%,FT,FTA,FT%,ORB,DRB,TRB,AST,STL,BLK,TOV,PF,PTS
221,Vernon Maxwell,26,HOU,80,80,2700,502,1216,.413,162,473,.342,206,267,.772,37,206,243,326,104,28,178,200,1372
222,Tharon Mayes,23,TOT,24,0,255,30,99,.303,15,41,.366,24,36,.667,3,13,16,35,16,2,31,41,99
222,Tharon Mayes,23,PHI,21,0,215,28,94,.298,14,39,.359,20,30,.667,3,12,15,32,14,1,28,32,90
222,Tharon Mayes,23,LAC,3,0,40,2,5,.400,1,2,.500,4,6,.667,0,1,1,3,2,1,3,9,9
223,Travis Mays,23,ATL,2,0,32,6,14,.429,3,6,.500,2,2,1.000,1,1,2,1,0,0,3,4,17
224,Bob McCann,27,DET,26,0,129,13,33,.394,0,1,.000,4,13,.308,12,18,30,6,6,4,7,23,30
225,George McCloud,24,IND,51,5,892,128,313,.409,32,94,.340,50,64,.781,45,87,132,116,26,11,62,95,338
226,Tim McCormick,29,NYK,22,0,108,14,33,.424,0,0,,14,21,.667,14,20,34,9,2,0,8,18,42
227,Rodney McCray,30,DAL,75,48,2106,271,622,.436,25,85,.294,110,153,.719,149,319,468,219,48,30,115,180,677
228,Xavier McDaniel,28,NYK,82,82,2344,488,1021,.478,12,39,.308,137,192,.714,176,284,460,149,57,24,147,241,1125
229,Kevin McHale*,34,BOS,56,1,1398,323,634,.509,0,13,.000,134,163,.822,119,211,330,82,11,59,82,112,780
230,Derrick McKey,25,SEA,52,44,1757,285,604,.472,19,50,.380,188,222,.847,95,173,268,120,61,47,114,142,777
231,Carlton McKinney,27,NYK,2,0,9,2,9,.222,0,0,,0,0,,0,1,1,0,0,0,0,1,4
232,Nate McMillan,27,SEA,72,30,1652,177,405,.437,27,98,.276,54,84,.643,92,160,252,359,129,29,112,218,435
233,Reggie Miller*,26,IND,82,82,3120,562,1121,.501,129,341,.378,442,515,.858,82,236,318,314,105,26,157,210,1695
234,Terry Mills,24,NJN,82,24,1714,310,670,.463,8,23,.348,114,152,.750,187,266,453,84,48,41,82,200,742
235,Sam Mitchell,28,MIN,82,63,2151,307,725,.423,2,11,.182,209,266,.786,158,315,473,94,53,39,97,230,825
236,Rodney Monroe,23,ATL,38,0,313,53,144,.368,6,27,.222,19,23,.826,12,21,33,27,12,2,23,19,131
237,Tracy Moore,26,DAL,42,2,782,130,325,.400,30,84,.357,65,78,.833,31,51,82,48,32,4,44,97,355
238,Chris Morris,26,NJN,77,74,2394,346,726,.477,22,110,.200,165,231,.714,199,295,494,197,129,81,171,211,879
239,John Morton,24,TOT,25,0,270,36,93,.387,2,16,.125,32,38,.842,6,20,26,32,13,1,28,23,106
239,John Morton,24,CLE,4,0,54,3,12,.250,0,1,.000,8,9,.889,3,4,7,5,1,0,4,3,14
239,John Morton,24,MIA,21,0,216,33,81,.407,2,15,.133,24,29,.828,3,16,19,27,12,1,24,20,92
240,Chris Mullin*,28,GSW,81,81,3346,830,1584,.524,64,175,.366,350,420,.833,127,323,450,286,173,62,202,171,2074
Rk,Player,Age,Tm,G,GS,MP,FG,FGA,FG%,3P,3PA,3P%,FT,FTA,FT%,ORB,DRB,TRB,AST,STL,BLK,TOV,PF,PTS
241,Eric Murdock,23,UTA,50,0,478,76,183,.415,5,26,.192,46,61,.754,21,33,54,92,30,7,50,52,203
242,Tod Murphy,28,MIN,47,3,429,39,80,.488,1,2,.500,19,34,.559,36,74,110,11,9,8,18,40,98
243,Jerrod Mustaf,22,PHO,52,3,545,92,193,.477,0,0,,49,71,.690,45,100,145,45,21,16,51,59,233
244,Dikembe Mutombo,25,DEN,71,71,2716,428,869,.493,0,0,,321,500,.642,316,554,870,156,43,210,252,273,1177
245,Larry Nance,32,CLE,81,81,2880,556,1032,.539,0,6,.000,263,320,.822,213,457,670,232,80,243,87,200,1375
246,Ed Nealy,31,PHO,52,4,505,62,121,.512,20,50,.400,16,24,.667,25,86,111,37,16,2,17,45,160
247,Chuck Nevitt,32,CHI,4,0,9,1,3,.333,0,0,,0,0,,0,1,1,1,0,0,3,2,2
248,Johnny Newman,28,CHH,55,55,1651,295,618,.477,13,46,.283,236,308,.766,71,108,179,146,70,14,129,181,839
249,Ken Norman,27,LAC,77,24,2009,402,821,.490,4,28,.143,121,226,.535,158,290,448,125,53,66,100,145,929
250,Charles Oakley,28,NYK,82,82,2309,210,402,.522,0,3,.000,86,117,.735,256,444,700,133,67,15,123,258,506
251,Alan Ogg,24,MIA,43,0,367,46,84,.548,0,0,,16,30,.533,30,44,74,7,5,28,19,73,108
252,Hakeem Olajuwon*,29,HOU,70,69,2636,591,1177,.502,0,1,.000,328,428,.766,246,599,845,157,127,304,187,263,1510
253,Brian Oliver,23,PHI,34,0,279,33,100,.330,0,4,.000,15,22,.682,10,20,30,20,10,2,24,33,81
254,Jimmy Oliver,22,CLE,27,8,252,39,98,.398,1,9,.111,17,22,.773,9,18,27,20,9,2,9,22,96
255,Billy Owens,22,GSW,80,77,2510,468,891,.525,1,9,.111,204,312,.654,243,396,639,188,90,65,179,276,1141
256,Keith Owens,22,LAL,20,0,80,9,32,.281,0,0,,8,10,.800,8,7,15,3,5,4,2,11,26
257,Robert Pack,22,POR,72,0,894,115,272,.423,0,10,.000,102,127,.803,32,65,97,140,40,4,92,101,332
258,Robert Parish*,38,BOS,79,79,2285,468,874,.535,0,0,,179,232,.772,219,486,705,70,68,97,131,172,1115
259,John Paxson,31,CHI,79,79,1946,257,487,.528,12,44,.273,29,37,.784,21,75,96,241,49,9,44,142,555
260,Kenny Payne,25,PHI,49,3,353,65,145,.448,5,12,.417,9,13,.692,13,41,54,17,16,8,19,34,144
Rk,Player,Age,Tm,G,GS,MP,FG,FGA,FG%,3P,3PA,3P%,FT,FTA,FT%,ORB,DRB,TRB,AST,STL,BLK,TOV,PF,PTS
261,Gary Payton,23,SEA,81,79,2549,331,734,.451,3,23,.130,99,148,.669,123,172,295,506,147,21,174,248,764
262,Will Perdue,26,CHI,77,7,1007,152,278,.547,1,2,.500,45,91,.495,108,204,312,80,16,43,72,133,350
263,Sam Perkins,30,LAL,63,63,2332,361,803,.450,15,69,.217,304,372,.817,192,364,556,141,64,62,83,192,1041
264,Elliot Perry,22,TOT,50,0,437,49,129,.380,1,7,.143,27,41,.659,14,25,39,78,34,3,50,36,126
264,Elliot Perry,22,LAC,10,0,66,6,15,.400,0,2,.000,1,2,.500,2,5,7,14,9,1,13,10,13
264,Elliot Perry,22,CHH,40,0,371,43,114,.377,1,5,.200,26,39,.667,12,20,32,64,25,2,37,26,113
265,Tim Perry,26,PHO,80,69,2483,413,789,.523,3,8,.375,153,215,.712,204,347,551,134,44,116,141,237,982
266,Chuck Person,27,IND,81,81,2923,616,1284,.480,132,354,.373,133,197,.675,114,312,426,382,68,18,216,247,1497
267,Jim Petersen,29,GSW,27,2,169,18,40,.450,0,2,.000,7,10,.700,12,33,45,9,5,6,5,35,43
268,Drazen Petrovic*,27,NJN,82,82,3027,668,1315,.508,123,277,.444,232,287,.808,97,161,258,252,105,11,215,248,1691
269,Bobby Phills,22,CLE,10,0,65,12,28,.429,0,2,.000,7,11,.636,4,4,8,4,3,1,8,3,31
270,Ricky Pierce,32,SEA,78,78,2658,620,1306,.475,33,123,.268,417,455,.916,93,140,233,241,86,20,189,213,1690
271,Ed Pinckney,28,BOS,81,36,1917,203,378,.537,0,1,.000,207,255,.812,252,312,564,62,70,56,73,158,613
272,Scottie Pippen*,26,CHI,82,82,3164,687,1359,.506,16,80,.200,330,434,.760,185,445,630,572,155,93,253,242,1720
273,Olden Polynice,27,LAC,76,65,1834,244,470,.519,0,1,.000,125,201,.622,195,341,536,46,45,20,83,165,613
274,Dave Popson,27,MIL,5,0,26,3,7,.429,0,1,.000,1,2,.500,2,3,5,3,2,1,4,5,7
275,Terry Porter,28,POR,82,82,2784,521,1129,.461,128,324,.395,315,368,.856,51,204,255,477,127,12,188,155,1485
276,Paul Pressey,33,SAS,56,7,759,60,161,.373,3,21,.143,28,41,.683,22,73,95,142,29,19,64,86,151
277,Mark Price,27,CLE,72,72,2138,438,897,.488,101,261,.387,270,285,.947,38,135,173,535,94,12,159,113,1247
278,Kevin Pritchard,24,BOS,11,0,136,16,34,.471,0,3,.000,14,18,.778,1,10,11,30,3,4,11,17,46
279,Brian Quinnett,25,TOT,39,0,326,43,124,.347,13,41,.317,16,26,.615,16,35,51,12,16,8,16,32,115
279,Brian Quinnett,25,NYK,24,0,190,28,73,.384,10,26,.385,8,14,.571,9,15,24,7,7,6,8,21,74
279,Brian Quinnett,25,DAL,15,0,136,15,51,.294,3,15,.200,8,12,.667,7,20,27,5,9,2,8,11,41
280,Kurt Rambis,33,PHO,28,5,381,38,82,.463,0,0,,14,18,.778,23,83,106,37,12,14,25,46,90
Rk,Player,Age,Tm,G,GS,MP,FG,FGA,FG%,3P,3PA,3P%,FT,FTA,FT%,ORB,DRB,TRB,AST,STL,BLK,TOV,PF,PTS
281,Mark Randall,24,TOT,54,0,441,68,149,.456,3,16,.188,32,43,.744,39,32,71,33,12,3,25,39,171
281,Mark Randall,24,CHI,15,0,67,10,22,.455,0,2,.000,6,8,.750,4,5,9,7,0,0,6,8,26
281,Mark Randall,24,MIN,39,0,374,58,127,.457,3,14,.214,26,35,.743,35,27,62,26,12,3,19,31,145
282,Blair Rasmussen,29,ATL,81,61,1968,347,726,.478,5,23,.217,30,40,.750,94,299,393,107,35,48,51,233,729
283,J.R. Reid,23,CHH,51,7,1257,213,435,.490,0,3,.000,134,190,.705,96,221,317,81,49,23,84,159,560
284,Jerry Reynolds,29,ORL,46,16,1159,197,518,.380,3,24,.125,158,189,.836,47,102,149,151,63,17,96,69,555
285,Glen Rice,24,MIA,79,79,3007,672,1432,.469,155,396,.391,266,318,.836,84,310,394,184,90,35,145,170,1765
286,Pooh Richardson,25,MIN,82,82,2922,587,1261,.466,53,155,.342,123,178,.691,91,210,301,685,119,25,204,152,1350
287,Mitch Richmond,26,SAC,80,80,3095,685,1465,.468,103,268,.384,330,406,.813,62,257,319,411,92,34,247,231,1803
288,David Rivers,27,LAC,15,0,122,10,30,.333,0,1,.000,10,11,.909,10,9,19,21,7,1,17,14,30
289,Doc Rivers,30,LAC,59,25,1657,226,533,.424,26,92,.283,163,196,.832,23,124,147,233,111,19,92,166,641
290,Fred Roberts,31,MIL,80,63,1746,311,645,.482,19,37,.514,128,171,.749,103,154,257,122,52,40,122,177,769
291,Stanley Roberts,21,ORL,55,34,1118,236,446,.529,0,1,.000,101,196,.515,113,223,336,39,22,83,78,221,573
292,Alvin Robertson,29,MIL,82,79,2463,396,922,.430,67,210,.319,151,198,.763,175,175,350,360,210,32,223,263,1010
293,Cliff Robinson,31,LAL,9,0,78,11,27,.407,0,1,.000,7,8,.875,7,12,19,9,5,0,7,4,29
294,Clifford Robinson,25,POR,82,7,2124,398,854,.466,1,11,.091,219,330,.664,140,276,416,137,85,107,154,274,1016
295,David Robinson*,26,SAS,68,68,2564,592,1074,.551,1,8,.125,393,561,.701,261,568,829,181,158,305,182,219,1578
296,Larry Robinson,24,BOS,1,0,6,1,5,.200,0,0,,0,0,,2,0,2,1,0,0,1,3,2
297,Rumeal Robinson,25,ATL,81,64,2220,423,928,.456,34,104,.327,175,275,.636,64,155,219,446,105,24,206,178,1055
298,Dennis Rodman*,30,DET,82,80,3301,342,635,.539,32,101,.317,84,140,.600,523,1007,1530,191,68,70,140,248,800
299,Tree Rollins,36,HOU,59,5,697,46,86,.535,0,0,,26,30,.867,61,110,171,15,14,62,18,85,118
300,Donald Royal,25,SAS,60,4,718,80,178,.449,0,0,,92,133,.692,65,59,124,34,25,7,39,73,252
Rk,Player,Age,Tm,G,GS,MP,FG,FGA,FG%,3P,3PA,3P%,FT,FTA,FT%,ORB,DRB,TRB,AST,STL,BLK,TOV,PF,PTS
301,Delaney Rudd,29,UTA,65,0,538,75,188,.399,11,47,.234,32,42,.762,15,39,54,109,15,1,49,64,193
302,Jeff Ruland,33,PHI,13,5,209,20,38,.526,0,0,,11,16,.688,16,31,47,5,7,4,20,45,51
303,John Salley,27,DET,72,38,1774,249,486,.512,0,3,.000,186,260,.715,106,190,296,116,49,110,102,222,684
304,Ralph Sampson*,31,WSB,10,0,108,9,29,.310,0,2,.000,4,6,.667,11,19,30,4,3,8,10,14,22
305,Jeff Sanders,26,ATL,12,0,117,20,45,.444,0,0,,7,9,.778,9,17,26,9,5,3,5,15,47
306,Mike Sanders,31,TOT,31,20,633,92,161,.571,1,3,.333,36,47,.766,27,69,96,53,24,10,22,83,221
306,Mike Sanders,31,IND,10,0,81,11,22,.500,0,0,,5,6,.833,0,8,8,11,2,1,6,8,27
306,Mike Sanders,31,CLE,21,20,552,81,139,.583,1,3,.333,31,41,.756,27,61,88,42,22,9,16,75,194
307,Danny Schayes,32,MIL,43,4,726,83,199,.417,0,0,,74,96,.771,58,110,168,34,19,19,41,98,240
308,Steve Scheffler,24,TOT,11,0,61,6,9,.667,0,0,,9,12,.750,10,4,14,0,3,1,1,10,21
308,Steve Scheffler,24,SAC,4,0,15,2,2,1.000,0,0,,5,6,.833,2,1,3,0,0,1,0,2,9
308,Steve Scheffler,24,DEN,7,0,46,4,7,.571,0,0,,4,6,.667,8,3,11,0,3,0,1,8,12
309,Dwayne Schintzius,23,SAC,33,0,400,50,117,.427,0,4,.000,10,12,.833,43,75,118,20,6,28,19,67,110
310,Detlef Schrempf,29,IND,80,4,2605,496,925,.536,23,71,.324,365,441,.828,202,568,770,312,62,37,191,286,1380
311,Byron Scott,30,LAL,82,82,2679,460,1005,.458,54,157,.344,244,291,.838,74,236,310,226,105,28,119,140,1218
312,Dennis Scott,23,ORL,18,15,608,133,331,.402,29,89,.326,64,71,.901,14,52,66,35,20,9,31,49,359
313,Rony Seikaly,26,MIA,79,78,2800,463,947,.489,0,3,.000,370,505,.733,307,627,934,109,40,121,216,278,1296
314,Brad Sellers,29,DET,43,1,226,41,88,.466,0,1,.000,20,26,.769,15,27,42,14,1,10,15,20,102
315,Charles Shackleford,25,PHI,72,62,1399,205,422,.486,0,1,.000,63,95,.663,145,270,415,46,38,51,62,205,473
316,Brian Shaw,25,TOT,63,26,1423,209,513,.407,5,23,.217,72,91,.791,50,154,204,250,57,22,99,115,495
316,Brian Shaw,25,BOS,17,3,436,70,164,.427,0,7,.000,35,40,.875,11,58,69,89,12,10,32,29,175
316,Brian Shaw,25,MIA,46,23,987,139,349,.398,5,16,.313,37,51,.725,39,96,135,161,45,12,67,86,320
317,Lionel Simmons,23,SAC,78,78,2895,527,1162,.454,1,5,.200,281,365,.770,149,485,634,337,135,132,218,205,1336
318,Scott Skiles,27,ORL,75,63,2377,359,868,.414,91,250,.364,248,277,.895,36,166,202,544,74,5,233,188,1057
319,Charles Smith,26,LAC,49,25,1310,251,539,.466,0,6,.000,212,270,.785,95,206,301,56,41,98,69,159,714
320,Doug Smith,22,DAL,76,32,1707,291,702,.415,0,11,.000,89,121,.736,129,262,391,129,62,34,97,259,671
Rk,Player,Age,Tm,G,GS,MP,FG,FGA,FG%,3P,3PA,3P%,FT,FTA,FT%,ORB,DRB,TRB,AST,STL,BLK,TOV,PF,PTS
321,Kenny Smith,26,HOU,81,80,2735,432,910,.475,54,137,.394,219,253,.866,34,143,177,562,104,7,227,112,1137
322,LaBradford Smith,22,WSB,48,5,708,100,246,.407,2,21,.095,45,56,.804,30,51,81,99,44,1,63,98,247
323,Larry Smith,34,HOU,45,7,800,50,92,.543,0,1,.000,4,11,.364,107,149,256,33,21,7,44,121,104
324,Otis Smith,28,ORL,55,5,877,116,318,.365,8,21,.381,70,91,.769,40,76,116,57,36,13,62,85,310
325,Steve Smith,22,MIA,61,59,1806,297,654,.454,40,125,.320,95,127,.748,81,107,188,278,59,19,152,162,729
326,Tony Smith,23,LAL,63,0,820,113,283,.399,0,11,.000,49,75,.653,31,45,76,109,39,8,50,91,275
327,Rik Smits,25,IND,74,55,1772,436,855,.510,0,2,.000,152,193,.788,124,293,417,116,29,100,130,231,1024
328,Mike Smrek,29,GSW,2,0,3,0,0,,0,0,,0,0,,0,1,1,0,0,0,0,0,0
329,Rory Sparrow,33,TOT,46,0,489,58,151,.384,3,15,.200,8,13,.615,3,25,28,83,12,5,33,57,127
329,Rory Sparrow,33,CHI,4,0,18,1,8,.125,1,2,.500,0,0,,0,1,1,4,0,0,2,2,3
329,Rory Sparrow,33,LAL,42,0,471,57,143,.399,2,13,.154,8,13,.615,3,24,27,79,12,5,31,55,124
330,Felton Spencer,24,MIN,61,54,1481,141,331,.426,0,0,,123,178,.691,167,268,435,53,27,79,70,241,405
331,John Starks,26,NYK,82,0,2118,405,902,.449,94,270,.348,235,302,.778,45,146,191,276,103,18,150,231,1139
332,Larry Stewart,23,WSB,76,43,2229,303,590,.514,0,3,.000,188,233,.807,186,263,449,120,51,44,112,225,794
333,John Stockton*,29,UTA,82,82,3002,453,939,.482,83,204,.407,308,366,.842,68,202,270,1126,244,22,286,234,1297
334,Rod Strickland,25,SAS,57,54,2053,300,659,.455,5,15,.333,182,265,.687,92,173,265,491,118,17,160,122,787
335,Derek Strong,23,WSB,1,0,12,0,4,.000,0,0,,3,4,.750,1,4,5,1,0,0,1,1,3
336,Lamont Strothers,23,POR,4,0,17,4,12,.333,0,2,.000,2,4,.500,1,0,1,1,1,1,2,2,10
337,Jon Sundvold,30,MIA,3,0,8,1,3,.333,1,1,1.000,0,0,,0,0,0,2,0,0,0,2,3
338,Greg Sutton,24,SAS,67,2,601,93,240,.388,26,89,.292,34,45,.756,6,41,47,91,26,9,70,111,246
339,Terry Teagle,31,LAL,82,0,1602,364,805,.452,1,4,.250,151,197,.766,91,92,183,113,66,9,114,148,880
340,Carl Thomas,22,SAC,1,0,31,5,12,.417,1,2,.500,1,2,.500,0,0,0,1,1,0,1,3,12
Rk,Player,Age,Tm,G,GS,MP,FG,FGA,FG%,3P,3PA,3P%,FT,FTA,FT%,ORB,DRB,TRB,AST,STL,BLK,TOV,PF,PTS
341,Charles Thomas,22,DET,36,0,156,18,51,.353,2,17,.118,10,15,.667,6,16,22,22,4,1,17,20,48
342,Isiah Thomas*,30,DET,78,78,2918,564,1264,.446,25,86,.291,292,378,.772,68,179,247,560,118,15,252,194,1445
343,Billy Thompson,28,GSW,1,0,1,0,0,,0,0,,0,0,,0,0,0,0,0,0,0,0,0
344,LaSalle Thompson,30,IND,80,49,1299,168,359,.468,0,2,.000,58,71,.817,98,283,381,102,52,34,98,207,394
345,Stephen Thompson,23,TOT,19,0,91,14,37,.378,0,1,.000,3,8,.375,11,8,19,8,6,3,5,9,31
345,Stephen Thompson,23,ORL,1,0,15,1,3,.333,0,0,,0,0,,0,1,1,1,0,0,2,2,2
345,Stephen Thompson,23,SAC,18,0,76,13,34,.382,0,1,.000,3,8,.375,11,7,18,7,6,3,3,7,29
346,Bob Thornton,29,UTA,2,0,6,1,7,.143,0,0,,2,2,1.000,2,0,2,0,0,0,0,1,4
347,Otis Thorpe,29,HOU,82,82,3056,558,943,.592,0,7,.000,304,463,.657,285,577,862,250,52,37,237,307,1420
348,Sedale Threatt,30,LAL,82,82,3070,509,1041,.489,20,62,.323,202,243,.831,43,210,253,593,168,16,182,231,1240
349,Wayman Tisdale,27,SAC,72,71,2521,522,1043,.500,0,2,.000,151,198,.763,135,334,469,106,55,79,124,248,1195
350,Tom Tolbert,26,GSW,35,0,310,33,86,.384,2,8,.250,22,40,.550,14,41,55,21,10,6,20,73,90
351,Trent Tucker,32,SAS,24,0,415,60,129,.465,19,48,.396,16,20,.800,8,29,37,27,21,3,14,39,155
352,Andre Turner,27,WSB,70,3,871,111,261,.425,1,16,.063,61,77,.792,17,73,90,177,57,2,84,59,284
353,Jeff Turner,29,ORL,75,42,1591,225,499,.451,1,8,.125,79,114,.693,62,184,246,92,24,16,106,229,530
354,John Turner,24,HOU,42,0,345,43,98,.439,0,0,,31,59,.525,38,40,78,12,6,4,32,40,117
355,Kiki Vandeweghe,33,NYK,67,0,956,188,383,.491,26,66,.394,65,81,.802,31,57,88,57,15,8,27,87,467
356,Loy Vaught,23,LAC,79,38,1687,271,551,.492,4,5,.800,55,69,.797,160,352,512,71,37,31,66,165,601
357,Joao Vianna,25,DAL,1,0,9,1,2,.500,0,0,,0,0,,0,0,0,2,0,0,1,3,2
358,Sam Vincent,28,ORL,39,18,885,150,349,.430,1,13,.077,110,130,.846,19,82,101,148,35,4,72,55,411
359,Alexander Volkov,27,ATL,77,27,1516,251,569,.441,35,110,.318,125,198,.631,103,162,265,250,66,30,102,178,662
360,Stojko Vrankovic,28,BOS,19,0,110,15,32,.469,0,0,,7,12,.583,8,20,28,5,0,17,10,22,37
Rk,Player,Age,Tm,G,GS,MP,FG,FGA,FG%,3P,3PA,3P%,FT,FTA,FT%,ORB,DRB,TRB,AST,STL,BLK,TOV,PF,PTS
361,Darrell Walker,30,DET,74,4,1541,161,381,.423,0,10,.000,65,105,.619,85,153,238,205,63,18,79,134,387
362,Spud Webb,28,SAC,77,77,2724,448,1006,.445,73,199,.367,262,305,.859,30,193,223,547,125,24,229,193,1231
363,Doug West,24,MIN,80,72,2540,463,894,.518,4,23,.174,186,231,.805,107,150,257,281,66,26,120,239,1116
364,Mark West,31,PHO,82,11,1436,196,310,.632,0,0,,109,171,.637,134,238,372,22,14,81,82,239,501
365,Ennis Whatley,29,POR,23,0,209,21,51,.412,0,4,.000,27,31,.871,6,15,21,34,14,3,14,12,69
366,Randy White,24,DAL,65,12,1021,145,382,.380,4,27,.148,124,162,.765,96,140,236,31,31,22,68,157,418
367,Mitchell Wiggins,32,PHI,49,0,569,88,229,.384,0,1,.000,35,51,.686,43,51,94,22,20,1,25,67,211
368,Morlon Wiley,25,TOT,53,19,870,83,193,.430,14,42,.333,24,35,.686,24,57,81,180,47,3,60,89,204
368,Morlon Wiley,25,ORL,9,0,90,9,28,.321,0,4,.000,3,5,.600,2,5,7,13,4,0,8,13,21
368,Morlon Wiley,25,SAS,3,0,13,3,5,.600,0,0,,0,0,,0,1,1,1,0,0,0,3,6
368,Morlon Wiley,25,ATL,41,19,767,71,160,.444,14,38,.368,21,30,.700,22,51,73,166,43,3,52,73,177
369,Dominique Wilkins*,32,ATL,42,42,1601,424,914,.464,37,128,.289,294,352,.835,103,192,295,158,52,24,122,77,1179
370,Gerald Wilkins,28,NYK,82,82,2344,431,964,.447,38,108,.352,116,159,.730,74,132,206,219,76,17,113,195,1016
371,Buck Williams,31,POR,80,80,2519,340,563,.604,0,1,.000,221,293,.754,260,444,704,108,62,41,130,244,901
372,Herb Williams,33,DAL,75,26,2040,367,851,.431,1,6,.167,124,171,.725,106,348,454,94,35,98,114,189,859
373,Hot Rod Williams,29,CLE,80,12,2432,341,678,.503,0,4,.000,270,359,.752,228,379,607,196,60,182,83,191,952
374,Jayson Williams,23,PHI,50,8,646,75,206,.364,0,0,,56,88,.636,62,83,145,12,20,20,44,110,206
375,Kenny Williams,22,IND,60,6,565,113,218,.518,0,4,.000,26,43,.605,64,65,129,40,20,41,22,99,252
376,Micheal Williams,25,IND,79,76,2750,404,824,.490,8,33,.242,372,427,.871,73,209,282,647,233,22,240,262,1188
377,Reggie Williams,27,DEN,81,80,2623,601,1277,.471,56,156,.359,216,269,.803,145,260,405,235,148,68,173,270,1474
378,Scott Williams,23,CHI,63,0,690,83,172,.483,0,3,.000,48,74,.649,90,157,247,50,13,36,35,122,214
379,Kevin Willis,29,ATL,81,80,2962,591,1224,.483,6,37,.162,292,363,.804,418,840,1258,173,72,54,197,223,1480
380,Kennard Winchester,25,TOT,19,0,81,13,30,.433,1,2,.500,8,10,.800,6,9,15,8,2,2,2,5,35
380,Kennard Winchester,25,HOU,4,0,17,1,3,.333,0,0,,0,0,,0,0,0,0,0,0,0,1,2
380,Kennard Winchester,25,NYK,15,0,64,12,27,.444,1,2,.500,8,10,.800,6,9,15,8,2,2,2,4,33
Rk,Player,Age,Tm,G,GS,MP,FG,FGA,FG%,3P,3PA,3P%,FT,FTA,FT%,ORB,DRB,TRB,AST,STL,BLK,TOV,PF,PTS
381,David Wingate,28,WSB,81,72,2127,266,572,.465,1,18,.056,105,146,.719,80,189,269,247,123,21,124,162,638
382,Randy Wittman,32,IND,24,0,115,8,19,.421,0,0,,1,2,.500,1,8,9,11,2,0,3,4,17
383,Joe Wolf,27,DEN,67,0,1160,100,277,.361,1,11,.091,53,66,.803,97,143,240,61,32,14,60,124,254
384,Orlando Woolridge,32,DET,82,61,2113,452,907,.498,1,9,.111,241,353,.683,109,151,260,88,41,33,133,154,1146
385,James Worthy*,30,LAL,54,54,2108,450,1007,.447,9,43,.209,166,204,.814,98,207,305,252,76,23,127,89,1075
386,Danny Young,29,TOT,62,5,1023,100,255,.392,23,70,.329,57,67,.851,16,59,75,172,46,4,47,53,280
386,Danny Young,29,POR,18,0,134,16,40,.400,3,10,.300,10,14,.714,0,9,9,20,6,0,5,6,45
386,Danny Young,29,LAC,44,5,889,84,215,.391,20,60,.333,47,53,.887,16,50,66,152,40,4,42,47,235