Rk,Player,Age,Tm,G,GS,MP,FG,FGA,FG%,3P,3PA,3P%,FT,FTA,FT%,ORB,DRB,TRB,AST,STL,BLK,TOV,PF,PTS
1,Alaa Abdelnaby,24,TOT,75,52,1311,245,473,.518,0,1,.000,88,116,.759,126,211,337,27,25,26,97,189,578
1,Alaa Abdelnaby,24,MIL,12,0,159,26,56,.464,0,1,.000,12,16,.750,12,25,37,10,6,4,13,24,64
1,Alaa Abdelnaby,24,BOS,63,52,1152,219,417,.525,0,0,,76,100,.760,114,186,300,17,19,22,84,165,514
2,Mahmoud Abdul-Rauf,23,DEN,81,81,2710,633,1407,.450,70,197,.355,217,232,.935,51,174,225,344,84,8,187,179,1553
3,Mark Acres,30,TOT,18,7,269,26,49,.531,1,2,.500,11,16,.688,26,41,67,5,3,6,13,34,64
3,Mark Acres,30,HOU,6,0,23,2,9,.222,1,2,.500,1,2,.500,2,4,6,0,0,0,2,2,6
3,Mark Acres,30,WSB,12,7,246,24,40,.600,0,0,,10,14,.714,24,37,61,5,3,6,11,32,58
4,Michael Adams,30,WSB,70,70,2499,365,831,.439,68,212,.321,237,277,.856,52,188,240,526,100,4,175,146,1035
5,Rafael Addison,28,NJN,68,15,1164,182,411,.443,7,34,.206,57,70,.814,45,87,132,53,23,11,64,125,428
6,Mark Aguirre,33,DET,51,15,1056,187,422,.443,30,83,.361,99,129,.767,43,109,152,105,16,7,68,101,503
7,Danny Ainge,33,PHO,80,0,2163,337,730,.462,150,372,.403,123,145,.848,49,165,214,260,69,8,113,175,947
8,Victor Alexander,23,GSW,72,59,1753,344,667,.516,10,22,.455,111,162,.685,132,288,420,93,34,53,120,218,809
9,Eric Anderson,22,NYK,16,0,44,5,18,.278,0,0,,11,13,.846,6,8,14,3,3,1,5,14,21
10,Kenny Anderson,22,NJN,55,55,2010,370,850,.435,7,25,.280,180,232,.776,51,175,226,449,96,11,153,140,927
11,Nick Anderson,25,ORL,79,76,2920,594,1324,.449,88,249,.353,298,402,.741,122,355,477,265,128,56,164,200,1574
12,Ron Anderson,34,PHI,69,0,1263,225,544,.414,39,120,.325,72,89,.809,62,122,184,93,31,5,63,75,561
13,Willie Anderson,26,SAS,38,7,560,80,186,.430,1,8,.125,22,28,.786,7,50,57,79,14,6,44,52,183
14,Greg Anthony,25,NYK,70,35,1699,174,419,.415,4,30,.133,107,159,.673,42,128,170,398,113,12,104,141,459
15,B.J. Armstrong,25,CHI,82,74,2492,408,818,.499,63,139,.453,130,151,.861,27,122,149,330,66,6,83,169,1009
16,Vincent Askew,26,TOT,73,4,1129,152,308,.494,2,6,.333,105,149,.705,62,99,161,122,40,19,69,135,411
16,Vincent Askew,26,SAC,9,0,76,8,17,.471,0,0,,11,15,.733,7,4,11,5,2,1,8,11,27
16,Vincent Askew,26,SEA,64,4,1053,144,291,.495,2,6,.333,94,134,.701,55,95,150,117,38,18,61,124,384
17,Keith Askins,25,MIA,69,1,935,88,213,.413,22,65,.338,29,40,.725,74,124,198,31,31,29,37,141,227
18,Stacey Augmon,24,ATL,73,66,2112,397,792,.501,0,4,.000,227,307,.739,141,146,287,170,91,18,157,141,1021
19,Isaac Austin,23,UTA,46,3,306,50,112,.446,0,1,.000,29,44,.659,38,41,79,6,8,14,23,60,129
20,Anthony Avent,23,MIL,82,78,2285,347,802,.433,0,2,.000,112,172,.651,180,332,512,91,57,73,140,237,806
Rk,Player,Age,Tm,G,GS,MP,FG,FGA,FG%,3P,3PA,3P%,FT,FTA,FT%,ORB,DRB,TRB,AST,STL,BLK,TOV,PF,PTS
21,John Bagley,32,BOS,10,0,97,9,25,.360,0,1,.000,5,6,.833,1,6,7,20,2,0,17,11,23
22,Thurl Bailey,31,MIN,70,3,1276,203,446,.455,0,0,,119,142,.838,53,162,215,61,20,47,60,88,525
23,Steve Bardo,24,DAL,23,0,175,19,62,.306,1,6,.167,12,17,.706,10,27,37,29,8,3,17,28,51
24,Charles Barkley*,29,PHO,76,76,2859,716,1376,.520,67,220,.305,445,582,.765,237,691,928,385,119,74,233,197,1944
25,Dana Barros,25,SEA,69,2,1243,214,474,.451,64,169,.379,49,59,.831,18,89,107,151,63,3,58,78,541
26,Jon Barry,23,MIL,47,0,552,76,206,.369,21,63,.333,33,49,.673,10,33,43,68,35,3,42,57,206
27,John Battle,30,CLE,41,0,497,83,200,.415,1,6,.167,56,72,.778,4,25,29,54,9,5,22,39,223
28,Kenny Battle,28,BOS,3,1,29,6,13,.462,0,1,.000,2,2,1.000,7,4,11,2,1,0,2,2,14
29,William Bedford,29,SAS,16,0,66,9,27,.333,1,1,1.000,6,12,.500,1,9,10,0,0,1,1,15,25
30,Benoit Benjamin,28,TOT,59,6,754,133,271,.491,0,0,,69,104,.663,51,158,209,22,31,48,78,134,335
30,Benoit Benjamin,28,SEA,31,6,448,81,163,.497,0,0,,47,67,.701,27,86,113,12,17,35,42,73,209
30,Benoit Benjamin,28,LAL,28,0,306,52,108,.481,0,0,,22,37,.595,24,72,96,10,14,13,36,61,126
31,Tony Bennett,23,CHH,75,2,857,110,260,.423,26,80,.325,30,41,.732,12,51,63,136,30,0,50,110,276
32,David Benoit,24,UTA,82,27,1712,258,592,.436,34,98,.347,114,152,.750,116,276,392,43,45,43,90,201,664
33,Rolando Blackman,33,NYK,60,33,1434,239,539,.443,31,73,.425,71,90,.789,23,79,102,157,22,10,65,129,580
34,Alex Blackwell,22,LAL,27,0,109,14,42,.333,0,3,.000,6,8,.750,10,13,23,7,4,2,5,14,34
35,Lance Blanks,26,MIN,61,2,642,65,150,.433,11,43,.256,20,32,.625,18,50,68,72,16,5,31,61,161
36,Ricky Blanton,26,CHI,2,0,13,3,7,.429,0,0,,0,0,,2,1,3,1,2,0,1,1,6
37,Mookie Blaylock,25,ATL,80,78,2820,414,964,.429,118,315,.375,123,169,.728,89,191,280,671,203,23,187,156,1069
38,Muggsy Bogues,28,CHH,81,80,2833,331,730,.453,6,26,.231,140,168,.833,51,247,298,711,161,5,154,179,808
39,Manute Bol,30,PHI,58,23,855,52,127,.409,10,32,.313,12,19,.632,44,149,193,18,14,119,50,87,126
40,Walter Bond,23,DAL,74,38,1578,227,565,.402,7,42,.167,129,167,.772,52,144,196,122,75,18,112,223,590
Rk,Player,Age,Tm,G,GS,MP,FG,FGA,FG%,3P,3PA,3P%,FT,FTA,FT%,ORB,DRB,TRB,AST,STL,BLK,TOV,PF,PTS
41,Anthony Bonner,24,SAC,70,35,1764,229,499,.459,0,7,.000,143,241,.593,188,267,455,96,86,17,105,183,601
42,Anthony Bowie,29,ORL,77,45,1761,268,569,.471,15,48,.313,67,84,.798,36,158,194,175,54,14,84,131,618
43,Sam Bowie,31,NJN,79,65,2092,287,638,.450,2,6,.333,141,181,.779,158,398,556,127,32,128,120,226,717
44,Terrell Brandon,22,CLE,82,8,1622,297,621,.478,13,42,.310,118,143,.825,37,142,179,302,79,27,107,122,725
45,Randy Breuer,32,ATL,12,0,107,15,31,.484,0,0,,2,5,.400,10,18,28,6,2,3,5,12,32
46,Frank Brickowski,33,MIL,66,64,2075,456,836,.545,8,26,.308,195,268,.728,120,285,405,196,80,44,202,235,1115
47,Kevin Brooks,23,DEN,55,2,571,93,233,.399,6,26,.231,35,40,.875,22,59,81,34,10,2,39,46,227
48,Scott Brooks,27,HOU,82,0,1516,183,385,.475,41,99,.414,112,135,.830,22,77,99,243,79,3,72,136,519
49,Chucky Brown,24,NJN,77,20,1186,160,331,.483,0,5,.000,71,98,.724,88,144,232,51,20,24,56,112,391
50,Dee Brown,24,BOS,80,48,2254,328,701,.468,26,82,.317,192,242,.793,45,201,246,461,138,32,136,203,874
51,Mike Brown,29,UTA,82,21,1551,176,409,.430,0,1,.000,113,164,.689,147,244,391,64,32,23,95,190,465
52,Randy Brown,24,SAC,75,34,1726,225,486,.463,2,6,.333,115,157,.732,75,137,212,196,108,34,120,206,567
53,Mark Bryant,27,POR,80,24,1396,186,370,.503,0,1,.000,104,148,.703,132,192,324,41,37,23,65,226,476
54,Jud Buechler,24,GSW,70,9,1287,176,403,.437,20,59,.339,65,87,.747,81,114,195,94,47,19,55,98,437
55,Matt Bullard,25,HOU,79,4,1356,213,494,.431,91,243,.374,58,74,.784,66,156,222,110,30,11,57,129,575
56,Willie Burton,24,MIA,26,8,451,54,141,.383,5,15,.333,91,127,.717,22,48,70,16,13,16,50,58,204
57,Steve Burtt,30,WSB,4,0,35,10,26,.385,1,3,.333,8,10,.800,2,1,3,6,2,0,4,5,29
58,Michael Cage,31,SEA,82,66,2156,219,416,.526,0,1,.000,61,130,.469,268,391,659,69,76,46,59,183,499
59,Dexter Cambridge,23,DAL,53,13,885,151,312,.484,0,4,.000,68,99,.687,88,79,167,58,24,6,63,128,370
60,Elden Campbell,24,LAL,79,13,1551,238,520,.458,0,3,.000,130,204,.637,127,205,332,48,59,100,69,165,606
Rk,Player,Age,Tm,G,GS,MP,FG,FGA,FG%,3P,3PA,3P%,FT,FTA,FT%,ORB,DRB,TRB,AST,STL,BLK,TOV,PF,PTS
61,Tony Campbell,30,NYK,58,13,1062,194,396,.490,2,5,.400,59,87,.678,59,96,155,62,34,5,51,150,449
62,Antoine Carr,31,SAS,71,46,1947,379,705,.538,0,5,.000,174,224,.777,107,281,388,97,35,87,96,264,932
63,Bill Cartwright,35,CHI,63,63,1253,141,343,.411,0,0,,72,98,.735,83,150,233,83,20,10,62,154,354
64,Terry Catledge,29,ORL,21,1,262,36,73,.493,0,0,,27,34,.794,18,28,46,5,4,1,25,31,99
65,Duane Causwell,24,SAC,55,45,1211,175,321,.545,0,1,.000,103,165,.624,112,191,303,35,32,87,58,192,453
66,Cedric Ceballos,23,PHO,74,46,1607,381,662,.576,0,2,.000,187,258,.725,172,236,408,77,54,29,106,103,949
67,Tom Chambers,33,PHO,73,0,1723,320,716,.447,11,28,.393,241,288,.837,96,249,345,101,43,22,92,212,892
68,Rex Chapman,25,WSB,60,23,1300,287,602,.477,43,116,.371,132,163,.810,19,69,88,116,38,10,79,119,749
69,Maurice Cheeks,36,NJN,35,0,510,51,93,.548,0,2,.000,24,27,.889,5,37,42,107,33,2,33,35,126
70,Pete Chilcutt,24,SAC,59,9,834,165,338,.488,0,0,,32,46,.696,80,114,194,64,22,21,54,102,362
71,Doug Christie,22,LAL,23,0,332,45,106,.425,2,12,.167,50,66,.758,24,27,51,53,22,5,50,53,142
72,Derrick Coleman,25,NJN,76,73,2759,564,1226,.460,23,99,.232,421,521,.808,247,605,852,276,92,126,243,210,1572
73,Bimbo Coles,24,MIA,81,37,2232,318,686,.464,42,137,.307,177,220,.805,58,108,166,373,80,11,108,199,855
74,Marty Conlon,25,SAC,46,0,467,81,171,.474,0,4,.000,57,81,.704,48,75,123,37,13,5,28,43,219
75,Lester Conner,33,LAC,31,0,422,28,62,.452,0,0,,18,19,.947,16,33,49,65,34,4,21,39,74
76,Duane Cooper,23,LAL,65,0,645,62,158,.392,7,30,.233,25,35,.714,13,37,50,150,18,2,69,66,156
77,Tyrone Corbin,30,UTA,82,58,2555,385,766,.503,0,5,.000,180,218,.826,194,325,519,173,108,32,108,252,950
78,Chris Corchiani,24,TOT,10,0,105,14,24,.583,0,3,.000,16,21,.762,1,6,7,16,6,0,8,18,44
78,Chris Corchiani,24,ORL,9,0,102,13,23,.565,0,3,.000,16,21,.762,1,6,7,16,6,0,8,17,42
78,Chris Corchiani,24,WSB,1,0,3,1,1,1.000,0,0,,0,0,,0,0,0,0,0,0,0,1,2
79,Joe Courtney,23,TOT,12,0,104,13,32,.406,0,0,,7,9,.778,4,15,19,3,5,5,6,17,33
79,Joe Courtney,23,CHI,5,0,34,4,9,.444,0,0,,3,4,.750,2,0,2,1,2,1,3,9,11
79,Joe Courtney,23,GSW,7,0,70,9,23,.391,0,0,,4,5,.800,2,15,17,2,3,4,3,8,22
80,John Crotty,23,UTA,40,0,243,37,72,.514,2,14,.143,26,38,.684,4,13,17,55,11,0,30,29,102
Rk,Player,Age,Tm,G,GS,MP,FG,FGA,FG%,3P,3PA,3P%,FT,FTA,FT%,ORB,DRB,TRB,AST,STL,BLK,TOV,PF,PTS
81,Terry Cummings,31,SAS,8,0,76,11,29,.379,0,0,,5,10,.500,6,13,19,4,1,1,2,17,27
82,Radisav Curcic,27,DAL,20,0,166,16,41,.390,0,0,,26,36,.722,17,32,49,12,7,2,8,30,58
83,Dell Curry,28,CHH,80,0,2094,498,1102,.452,95,237,.401,136,157,.866,51,235,286,180,87,23,129,150,1227
84,Lloyd Daniels,25,SAS,77,10,1573,285,644,.443,59,177,.333,72,99,.727,86,130,216,148,38,30,102,144,701
85,Brad Daugherty,27,CLE,71,71,2691,520,911,.571,1,2,.500,391,492,.795,164,562,726,312,53,56,150,174,1432
86,Dale Davis,23,IND,82,82,2264,304,535,.568,0,0,,119,225,.529,291,432,723,69,63,148,79,274,727
87,Hubert Davis,22,NYK,50,2,815,110,251,.438,6,19,.316,43,54,.796,13,43,56,83,22,4,45,71,269
88,Terry Davis,25,DAL,75,74,2462,393,863,.455,2,8,.250,167,281,.594,259,442,701,68,36,28,160,199,955
89,Johnny Dawkins,29,PHI,74,10,1598,258,590,.437,26,84,.310,113,142,.796,33,103,136,339,80,4,121,91,655
90,Todd Day,23,MIL,71,37,1931,358,828,.432,54,184,.293,213,297,.717,144,147,291,117,75,48,118,222,983
91,Vinny Del Negro,26,SAS,73,31,1526,218,430,.507,6,24,.250,101,118,.856,19,144,163,291,44,1,92,146,543
92,Bison Dele,23,ORL,21,0,240,40,78,.513,0,1,.000,16,20,.800,24,32,56,5,14,17,25,48,96
93,Vlade Divac,24,LAL,82,69,2525,397,819,.485,21,75,.280,235,341,.689,220,509,729,232,128,140,214,311,1050
94,James Donaldson,35,UTA,6,1,94,8,14,.571,0,0,,5,9,.556,6,23,29,1,1,7,4,13,21
95,Sherman Douglas,26,BOS,79,36,1932,264,530,.498,6,29,.207,84,150,.560,65,97,162,508,49,10,161,166,618
96,Greg Dreiling,29,IND,43,0,239,19,58,.328,0,4,.000,8,15,.533,26,40,66,8,5,8,9,60,46
97,Clyde Drexler*,30,POR,49,49,1671,350,816,.429,31,133,.233,245,292,.839,126,183,309,278,95,37,115,159,976
98,Kevin Duckworth,28,POR,74,55,1762,301,688,.438,0,2,.000,127,174,.730,118,269,387,70,45,39,87,222,729
99,Chris Dudley,27,NJN,71,16,1398,94,266,.353,0,0,,57,110,.518,215,298,513,16,17,103,54,195,245
100,Joe Dumars*,29,DET,77,77,3094,677,1454,.466,112,299,.375,343,397,.864,63,85,148,308,78,7,138,141,1809
Rk,Player,Age,Tm,G,GS,MP,FG,FGA,FG%,3P,3PA,3P%,FT,FTA,FT%,ORB,DRB,TRB,AST,STL,BLK,TOV,PF,PTS
101,Richard Dumas,23,PHO,48,32,1320,302,576,.524,1,3,.333,152,215,.707,100,123,223,60,85,39,92,127,757
102,Pat Durham,25,GSW,5,1,78,6,25,.240,0,0,,9,12,.750,5,9,14,4,1,1,7,6,21
103,Mark Eaton,36,UTA,64,57,1104,71,130,.546,0,0,,35,50,.700,73,191,264,17,18,79,43,143,177
104,Blue Edwards,27,MIL,82,81,2729,554,1083,.512,37,106,.349,237,300,.790,123,259,382,214,129,45,175,242,1382
105,James Edwards,37,LAL,52,0,617,122,270,.452,0,0,,84,118,.712,30,70,100,41,10,7,51,122,328
106,Kevin Edwards,27,MIA,40,30,1134,216,462,.468,5,17,.294,119,141,.844,48,73,121,120,68,12,75,69,556
107,Craig Ehlo,31,CLE,82,73,2559,385,785,.490,93,244,.381,86,120,.717,113,290,403,254,104,22,124,170,949
108,Mario Elie,29,POR,82,7,1757,240,524,.458,45,129,.349,183,214,.855,59,157,216,177,74,20,89,145,708
109,Sean Elliott,24,SAS,70,70,2604,451,918,.491,37,104,.356,268,336,.798,85,237,322,265,68,28,152,132,1207
110,Dale Ellis,32,SAS,82,76,2731,545,1092,.499,119,297,.401,157,197,.797,81,231,312,107,78,18,111,179,1366
111,LaPhonso Ellis,22,DEN,82,82,2749,483,958,.504,2,13,.154,237,317,.748,274,470,744,151,72,111,153,293,1205
112,Pervis Ellison,25,WSB,49,48,1701,341,655,.521,0,4,.000,170,242,.702,138,295,433,117,45,108,110,154,852
113,Jo Jo English,22,CHI,6,0,31,3,10,.300,0,3,.000,0,2,.000,2,4,6,1,3,2,4,5,6
114,Patrick Ewing*,30,NYK,81,81,3003,779,1550,.503,1,7,.143,400,556,.719,191,789,980,151,74,161,265,286,1959
115,Duane Ferrell,27,ATL,82,15,1736,327,696,.470,9,36,.250,176,226,.779,97,94,191,132,59,17,103,160,839
116,Danny Ferry,26,CLE,76,1,1461,220,459,.479,34,82,.415,99,113,.876,81,198,279,137,29,49,83,171,573
117,Vern Fleming,30,IND,75,8,1503,280,554,.505,7,36,.194,143,197,.726,63,106,169,224,63,9,121,126,710
118,Sleepy Floyd,32,HOU,52,10,867,124,305,.407,16,56,.286,81,102,.794,14,72,86,132,32,6,68,59,345
119,Greg Foster,24,TOT,43,0,298,55,120,.458,0,4,.000,15,21,.714,32,51,83,21,3,14,25,58,125
119,Greg Foster,24,WSB,10,0,93,11,25,.440,0,0,,2,3,.667,8,19,27,11,0,5,9,17,24
119,Greg Foster,24,ATL,33,0,205,44,95,.463,0,4,.000,13,18,.722,24,32,56,10,3,9,16,41,101
120,Rick Fox,23,BOS,71,14,1082,184,380,.484,4,23,.174,81,101,.802,55,104,159,113,61,21,77,133,453
Rk,Player,Age,Tm,G,GS,MP,FG,FGA,FG%,3P,3PA,3P%,FT,FTA,FT%,ORB,DRB,TRB,AST,STL,BLK,TOV,PF,PTS
121,Kevin Gamble,27,BOS,82,58,2541,459,906,.507,52,139,.374,123,149,.826,46,200,246,226,86,37,81,185,1093
122,Winston Garland,28,HOU,66,4,1004,152,343,.443,6,13,.462,81,89,.910,32,76,108,138,39,4,67,116,391
123,Chris Gatling,25,GSW,70,11,1248,249,462,.539,0,6,.000,150,207,.725,129,191,320,40,44,53,102,197,648
124,Kenny Gattison,28,CHH,75,5,1475,203,384,.529,0,3,.000,102,169,.604,108,245,353,68,48,55,64,237,508
125,Matt Geiger,23,MIA,48,2,554,76,145,.524,0,4,.000,62,92,.674,46,74,120,14,15,18,36,123,214
126,Tate George,24,NJN,48,1,380,51,135,.378,0,5,.000,20,24,.833,9,18,27,59,10,3,31,25,122
127,Kendall Gill,24,CHH,69,67,2430,463,1032,.449,17,62,.274,224,290,.772,120,220,340,268,98,36,174,191,1167
128,Armen Gilliam,28,PHI,80,26,1742,359,774,.464,0,1,.000,274,325,.843,136,336,472,116,37,54,157,123,992
129,Gerald Glass,25,TOT,60,5,848,142,339,.419,7,33,.212,25,39,.641,61,81,142,77,33,18,35,104,316
129,Gerald Glass,25,MIN,4,0,71,8,27,.296,0,2,.000,4,6,.667,1,2,3,9,3,0,5,6,20
129,Gerald Glass,25,DET,56,5,777,134,312,.429,7,31,.226,21,33,.636,60,79,139,68,30,18,30,98,296
130,Mike Gminski,33,CHH,34,0,251,42,83,.506,0,0,,9,10,.900,34,51,85,7,1,9,11,28,93
131,Paul Graham,25,ATL,80,11,1508,256,560,.457,42,141,.298,96,131,.733,61,129,190,164,86,6,120,185,650
132,Gary Grant,27,LAC,74,8,1624,210,476,.441,11,42,.262,55,74,.743,27,112,139,353,106,9,129,168,486
133,Greg Grant,26,PHI,72,0,996,77,220,.350,20,68,.294,20,31,.645,24,43,67,206,43,1,54,73,194
134,Harvey Grant,27,WSB,72,72,2667,560,1149,.487,1,10,.100,218,300,.727,133,279,412,205,72,44,90,168,1339
135,Horace Grant,27,CHI,77,77,2745,421,829,.508,1,5,.200,174,281,.619,341,388,729,201,89,96,110,218,1017
136,Jeff Grayer,27,GSW,48,12,1025,165,353,.467,2,14,.143,91,136,.669,71,86,157,70,31,8,54,120,423
137,A.C. Green,29,LAL,82,55,2819,379,706,.537,16,46,.348,277,375,.739,287,424,711,116,88,39,116,149,1051
138,Litterial Green,22,ORL,52,4,626,87,198,.439,1,10,.100,60,96,.625,11,23,34,116,23,4,42,70,235
139,Sean Green,22,IND,13,0,81,28,55,.509,3,10,.300,3,4,.750,4,5,9,7,2,1,9,11,62
140,Sidney Green,32,TOT,39,0,329,34,89,.382,0,2,.000,25,31,.806,32,86,118,24,6,5,20,37,93
140,Sidney Green,32,SAS,15,0,202,20,49,.408,0,0,,13,15,.867,18,53,71,19,5,3,12,21,53
140,Sidney Green,32,CHH,24,0,127,14,40,.350,0,2,.000,12,16,.750,14,33,47,5,1,2,8,16,40
Rk,Player,Age,Tm,G,GS,MP,FG,FGA,FG%,3P,3PA,3P%,FT,FTA,FT%,ORB,DRB,TRB,AST,STL,BLK,TOV,PF,PTS
141,Tom Gugliotta,23,WSB,81,81,2795,484,1135,.426,38,135,.281,181,281,.644,219,562,781,306,134,35,230,195,1187
142,Jay Guidinger,23,CLE,32,5,215,19,55,.345,0,0,,13,25,.520,26,38,64,17,9,10,10,48,51
143,Tom Hammonds,25,TOT,54,5,713,105,221,.475,0,1,.000,38,62,.613,38,89,127,24,18,12,34,77,248
143,Tom Hammonds,25,CHH,19,5,142,19,45,.422,0,0,,5,8,.625,5,26,31,8,0,4,3,20,43
143,Tom Hammonds,25,DEN,35,0,571,86,176,.489,0,1,.000,33,54,.611,33,63,96,16,18,8,31,57,205
144,Tim Hardaway,26,GSW,66,66,2609,522,1168,.447,102,309,.330,273,367,.744,60,203,263,699,116,12,220,152,1419
145,Derek Harper,31,DAL,62,60,2108,393,939,.419,101,257,.393,239,316,.756,42,81,123,334,80,16,136,145,1126
146,Ron Harper,29,LAC,80,77,2970,542,1203,.451,52,186,.280,307,399,.769,117,308,425,360,177,73,222,212,1443
147,Scott Hastings,32,DEN,76,0,670,57,112,.509,2,8,.250,40,55,.727,44,93,137,34,12,8,29,115,156
148,Hersey Hawkins,26,PHI,81,81,2977,551,1172,.470,122,307,.397,419,487,.860,91,255,346,317,137,30,180,189,1643
149,Steve Henson,24,ATL,53,2,719,71,182,.390,37,80,.463,34,40,.850,12,43,55,155,30,1,52,85,213
150,Carl Herrera,26,HOU,81,12,1800,240,444,.541,0,2,.000,125,176,.710,148,306,454,61,47,35,92,190,605
151,Rod Higgins,33,SAC,69,4,1425,199,483,.412,43,133,.323,130,151,.861,66,127,193,119,51,29,63,141,571
152,Sean Higgins,24,GSW,29,4,591,96,215,.447,13,37,.351,35,47,.745,23,45,68,66,13,5,64,54,240
153,Tyrone Hill,24,GSW,74,66,2070,251,494,.508,0,4,.000,138,221,.624,255,499,754,68,41,40,92,320,640
154,Donald Hodge,23,DAL,79,8,1267,161,400,.403,0,0,,71,104,.683,93,201,294,75,33,37,90,204,393
155,Dave Hoppen,28,NJN,2,0,10,1,1,1.000,0,0,,0,2,.000,1,3,4,0,0,0,0,2,2
156,Jeff Hornacek,29,PHI,79,78,2860,582,1239,.470,97,249,.390,250,289,.865,84,258,342,548,131,21,222,203,1511
157,Robert Horry,22,HOU,79,79,2330,323,682,.474,12,47,.255,143,200,.715,113,279,392,191,80,83,156,210,801
158,Byron Houston,23,GSW,79,8,1274,145,325,.446,2,7,.286,129,194,.665,119,196,315,69,44,43,87,253,421
159,Brian Howard,25,DAL,68,22,1295,183,414,.442,1,7,.143,72,94,.766,66,146,212,67,55,34,68,217,439
160,Stephen Howard,22,UTA,49,0,260,35,93,.376,0,0,,34,53,.642,26,34,60,10,15,12,23,58,104
Rk,Player,Age,Tm,G,GS,MP,FG,FGA,FG%,3P,3PA,3P%,FT,FTA,FT%,ORB,DRB,TRB,AST,STL,BLK,TOV,PF,PTS
161,Jay Humphries,30,UTA,78,20,2034,287,659,.436,15,75,.200,101,130,.777,40,103,143,317,101,11,132,236,690
162,Byron Irvin,26,WSB,4,2,45,9,18,.500,1,1,1.000,3,6,.500,2,2,4,2,1,0,4,5,22
163,Mike Iuzzolino,25,DAL,70,23,1769,221,478,.462,54,144,.375,114,149,.765,31,109,140,328,49,6,129,101,610
164,Jaren Jackson,25,LAC,34,0,350,53,128,.414,2,5,.400,23,27,.852,19,20,39,35,19,5,17,45,131
165,Jim Jackson,22,DAL,28,28,938,184,466,.395,21,73,.288,68,92,.739,42,80,122,131,40,11,115,80,457
166,Mark Jackson,27,LAC,82,81,3117,459,945,.486,22,82,.268,241,300,.803,129,259,388,724,136,12,220,158,1181
167,Henry James,27,TOT,10,0,88,21,51,.412,3,13,.231,22,26,.846,7,4,11,1,3,0,7,9,67
167,Henry James,27,SAC,8,0,79,20,45,.444,3,10,.300,17,20,.850,6,4,10,1,3,0,7,9,60
167,Henry James,27,UTA,2,0,9,1,6,.167,0,3,.000,5,6,.833,1,0,1,0,0,0,0,0,7
168,Keith Jennings,24,GSW,8,0,136,25,42,.595,5,9,.556,14,18,.778,2,9,11,23,4,0,7,18,69
169,Avery Johnson,27,SAS,75,49,2030,256,510,.502,0,8,.000,144,182,.791,20,126,146,561,85,16,145,141,656
170,Buck Johnson,29,WSB,73,19,1287,193,403,.479,0,3,.000,92,126,.730,78,117,195,89,36,18,70,187,478
171,Dave Johnson,22,POR,42,0,356,57,149,.383,3,14,.214,40,59,.678,18,30,48,13,8,1,28,23,157
172,Eddie Johnson,33,SEA,82,0,1869,463,991,.467,17,56,.304,234,257,.911,124,148,272,135,36,4,134,173,1177
173,Frank Johnson,34,PHO,77,0,1122,136,312,.436,1,12,.083,59,76,.776,41,72,113,186,60,8,80,111,332
174,Kevin Johnson,26,PHO,49,47,1643,282,565,.499,1,8,.125,226,276,.819,30,74,104,384,85,19,151,100,791
175,Larry Johnson,23,CHH,82,82,3323,728,1385,.526,18,71,.254,336,438,.767,281,583,864,353,53,27,227,187,1810
176,Charles Jones,35,WSB,67,21,1206,33,63,.524,0,1,.000,22,38,.579,87,190,277,42,38,77,38,144,88
177,Michael Jordan*,29,CHI,78,78,3067,992,2003,.495,81,230,.352,476,569,.837,135,387,522,428,221,61,207,188,2541
178,Thomas Jordan,24,PHI,4,0,106,18,41,.439,0,0,,8,17,.471,5,14,19,3,3,5,12,14,44
179,Adam Keefe,22,ATL,82,6,1549,188,376,.500,0,1,.000,166,237,.700,171,261,432,80,57,16,100,195,542
180,Shawn Kemp,23,SEA,78,68,2582,515,1047,.492,0,4,.000,358,503,.712,287,546,833,155,119,146,217,327,1388
Rk,Player,Age,Tm,G,GS,MP,FG,FGA,FG%,3P,3PA,3P%,FT,FTA,FT%,ORB,DRB,TRB,AST,STL,BLK,TOV,PF,PTS
181,Tim Kempton,29,PHO,30,0,167,19,48,.396,0,0,,18,31,.581,12,27,39,19,4,4,16,30,56
182,Steve Kerr,27,TOT,52,0,481,53,122,.434,6,26,.231,22,24,.917,5,40,45,70,10,1,27,36,134
182,Steve Kerr,27,CLE,5,0,41,5,10,.500,0,2,.000,2,2,1.000,0,7,7,11,2,0,2,2,12
182,Steve Kerr,27,ORL,47,0,440,48,112,.429,6,24,.250,20,22,.909,5,33,38,59,8,1,25,34,122
183,Jerome Kersey,30,POR,65,50,1719,281,642,.438,8,28,.286,116,183,.634,126,280,406,121,80,41,84,181,686
184,Alec Kessler,26,MIA,40,2,415,57,122,.467,5,11,.455,36,47,.766,25,66,91,14,4,12,21,63,155
185,Bo Kimble,26,NYK,9,0,55,14,33,.424,2,8,.250,3,8,.375,3,8,11,5,1,0,6,10,33
186,Stan Kimbrough,26,SAC,3,0,15,2,6,.333,1,2,.500,0,0,,0,0,0,1,1,0,0,1,5
187,Bernard King,36,NJN,32,2,430,91,177,.514,2,7,.286,39,57,.684,35,41,76,18,11,3,21,53,223
188,Rich King,23,SEA,3,0,12,2,5,.400,0,0,,2,2,1.000,1,4,5,1,0,0,3,1,6
189,Stacey King,26,CHI,76,3,1059,160,340,.471,2,6,.333,86,122,.705,105,102,207,71,26,20,70,128,408
190,Greg Kite,31,ORL,64,1,640,38,84,.452,0,1,.000,13,24,.542,66,127,193,10,13,12,35,133,89
191,Joe Kleine,31,BOS,78,3,1129,108,267,.404,0,6,.000,41,58,.707,113,233,346,39,17,17,37,123,257
192,Negele Knight,25,PHO,52,35,888,124,317,.391,0,7,.000,67,86,.779,28,36,64,145,23,4,73,66,315
193,Bart Kofoed,28,BOS,7,0,41,3,13,.231,0,1,.000,11,14,.786,0,1,1,10,2,1,3,1,17
194,Jon Koncak,29,ATL,78,65,1975,124,267,.464,3,8,.375,24,50,.480,100,327,427,140,75,100,52,264,275
195,Larry Krystkowiak,28,UTA,71,0,1362,198,425,.466,0,1,.000,117,147,.796,74,205,279,68,42,13,62,181,513
196,Christian Laettner,23,MIN,81,81,2823,503,1061,.474,4,40,.100,462,553,.835,171,537,708,223,105,83,275,290,1472
197,Bill Laimbeer,35,DET,79,41,1933,292,574,.509,10,27,.370,93,104,.894,110,309,419,127,46,40,59,212,687
198,Jerome Lane,26,CLE,21,2,149,27,54,.500,0,0,,5,20,.250,24,29,53,17,12,3,7,32,59
199,Andrew Lang,26,PHI,73,59,1861,149,351,.425,1,5,.200,87,114,.763,136,300,436,79,46,141,89,261,386
200,Doug Lee,28,NJN,5,0,33,2,7,.286,1,3,.333,0,0,,0,2,2,5,0,1,3,7,5
Rk,Player,Age,Tm,G,GS,MP,FG,FGA,FG%,3P,3PA,3P%,FT,FTA,FT%,ORB,DRB,TRB,AST,STL,BLK,TOV,PF,PTS
201,Tim Legler,26,TOT,33,0,635,105,241,.436,22,65,.338,57,71,.803,25,34,59,46,24,6,28,63,289
201,Tim Legler,26,UTA,3,0,5,1,3,.333,0,0,,0,0,,0,1,1,0,0,0,0,0,2
201,Tim Legler,26,DAL,30,0,630,104,238,.437,22,65,.338,57,71,.803,25,33,58,46,24,6,28,63,287
202,Jim Les,29,SAC,73,0,881,110,259,.425,66,154,.429,42,50,.840,20,69,89,169,40,7,48,81,328
203,Reggie Lewis,27,BOS,80,80,3144,663,1410,.470,14,60,.233,326,376,.867,88,259,347,298,118,77,133,248,1666
204,Marcus Liberty,24,DEN,78,32,1585,252,620,.406,22,59,.373,102,156,.654,131,204,335,105,64,21,79,143,628
205,Todd Lichti,26,DEN,48,12,752,124,276,.449,2,6,.333,81,102,.794,35,67,102,52,28,11,49,60,331
206,Alton Lister,34,GSW,20,9,174,19,42,.452,0,0,,7,13,.538,15,29,44,5,0,9,18,40,45
207,Brad Lohaus,28,MIL,80,24,1766,283,614,.461,85,230,.370,73,101,.723,59,217,276,127,47,74,93,178,724
208,Grant Long,26,MIA,76,62,2728,397,847,.469,6,26,.231,261,341,.765,197,371,568,182,104,31,133,264,1061
209,Luc Longley,24,MIN,55,25,1045,133,292,.455,0,0,,53,74,.716,71,169,240,51,47,77,88,169,319
210,Kevin Lynch,24,CHH,40,8,324,30,59,.508,0,1,.000,26,38,.684,12,23,35,25,11,6,24,44,86
211,Sam Mack,22,SAS,40,0,267,47,118,.398,3,22,.136,45,58,.776,18,30,48,15,14,5,22,44,142
212,Don MacLean,23,WSB,62,4,674,157,361,.435,3,6,.500,90,111,.811,33,89,122,39,11,4,42,82,407
213,Mark Macon,23,DEN,48,27,1141,158,381,.415,0,6,.000,42,60,.700,33,70,103,126,69,3,72,135,358
214,Rick Mahorn,34,NJN,74,9,1077,101,214,.472,1,3,.333,88,110,.800,93,186,279,33,19,31,58,156,291
215,Dan Majerle,27,PHO,82,82,3199,509,1096,.464,167,438,.381,203,261,.778,120,263,383,311,138,33,133,180,1388
216,Jeff Malone,31,UTA,79,59,2558,595,1205,.494,3,9,.333,236,277,.852,31,142,173,128,42,4,125,117,1429
217,Karl Malone*,29,UTA,82,82,3099,797,1443,.552,4,20,.200,619,836,.740,227,692,919,308,124,85,240,261,2217
218,Moses Malone*,37,MIL,11,0,104,13,42,.310,0,0,,24,31,.774,22,24,46,7,1,8,10,6,50
219,Danny Manning,26,LAC,79,77,2761,702,1379,.509,8,30,.267,388,484,.802,198,322,520,207,108,101,230,323,1800
220,Sarunas Marciulionis,28,GSW,30,8,836,178,328,.543,3,15,.200,162,213,.761,40,57,97,105,51,2,76,92,521
Rk,Player,Age,Tm,G,GS,MP,FG,FGA,FG%,3P,3PA,3P%,FT,FTA,FT%,ORB,DRB,TRB,AST,STL,BLK,TOV,PF,PTS
221,Anthony Mason,26,NYK,81,0,2482,316,629,.502,0,0,,199,292,.682,231,409,640,170,43,19,137,240,831
222,Marlon Maxey,23,MIN,43,3,520,93,169,.550,0,1,.000,45,70,.643,66,98,164,12,11,18,38,75,231
223,Vernon Maxwell,27,HOU,71,68,2251,349,858,.407,120,361,.332,164,228,.719,29,192,221,297,86,8,140,124,982
224,Lee Mayberry,22,MIL,82,4,1503,171,375,.456,43,110,.391,39,68,.574,26,92,118,273,59,7,85,148,424
225,Travis Mays,24,ATL,49,9,787,129,309,.417,29,84,.345,54,82,.659,20,33,53,72,21,3,51,59,341
226,Bob McCann,28,MIN,79,7,1536,200,410,.488,0,2,.000,95,152,.625,92,190,282,68,51,58,79,202,495
227,George McCloud,25,IND,78,21,1500,216,525,.411,58,181,.320,75,102,.735,60,145,205,192,53,11,107,165,565
228,Rodney McCray,31,CHI,64,5,1019,92,204,.451,2,5,.400,36,52,.692,53,105,158,81,12,15,53,99,222
229,Xavier McDaniel,29,BOS,82,27,2215,457,924,.495,6,22,.273,191,241,.793,168,321,489,163,72,51,171,249,1111
230,Kevin McHale*,35,BOS,71,0,1656,298,649,.459,2,18,.111,164,195,.841,95,263,358,73,16,59,92,126,762
231,Derrick McKey,26,SEA,77,68,2439,387,780,.496,40,112,.357,220,297,.741,121,206,327,197,105,59,152,208,1034
232,Nate McMillan,28,SEA,73,25,1977,213,459,.464,25,65,.385,95,134,.709,84,222,306,384,173,32,139,240,546
233,Oliver Miller,22,PHO,56,1,1069,121,255,.475,0,3,.000,71,100,.710,70,205,275,118,37,100,108,145,313
234,Reggie Miller*,27,IND,82,82,2954,571,1193,.479,167,419,.399,427,485,.880,67,191,258,262,120,26,145,182,1736
235,Terry Mills,25,DET,81,46,2183,494,1073,.460,10,36,.278,201,254,.791,176,296,472,111,44,50,142,282,1199
236,Harold Miner,21,MIA,73,0,1383,292,615,.475,3,9,.333,163,214,.762,74,73,147,73,34,8,92,130,750
237,Sam Mitchell,29,IND,81,1,1402,215,483,.445,4,23,.174,150,185,.811,93,155,248,76,23,10,51,207,584
238,Tracy Moore,27,DAL,39,1,510,103,249,.414,23,67,.343,53,61,.869,23,29,52,47,21,4,32,54,282
239,Chris Morris,27,NJN,77,57,2302,436,907,.481,17,76,.224,197,248,.794,227,227,454,106,144,52,119,171,1086
240,Isaiah Morris,23,DET,25,0,102,26,57,.456,0,0,,3,4,.750,6,6,12,4,3,1,8,14,55
Rk,Player,Age,Tm,G,GS,MP,FG,FGA,FG%,3P,3PA,3P%,FT,FTA,FT%,ORB,DRB,TRB,AST,STL,BLK,TOV,PF,PTS
241,Alonzo Mourning,22,CHH,78,78,2644,572,1119,.511,0,3,.000,495,634,.781,263,542,805,76,27,271,236,286,1639
242,Chris Mullin*,29,GSW,46,46,1902,474,930,.510,60,133,.451,183,226,.810,42,190,232,166,68,41,139,76,1191
243,Eric Murdock,24,MIL,79,78,2437,438,936,.468,31,119,.261,231,296,.780,95,189,284,603,174,7,207,177,1138
244,Tracy Murray,21,POR,48,14,495,108,260,.415,21,70,.300,35,40,.875,40,43,83,11,8,5,31,59,272
245,Jerrod Mustaf,23,PHO,32,9,336,57,130,.438,0,1,.000,33,53,.623,29,54,83,10,15,11,22,40,147
246,Dikembe Mutombo,26,DEN,82,82,3029,398,781,.510,0,0,,335,492,.681,344,726,1070,147,43,287,216,284,1131
247,Larry Nance,33,CLE,77,77,2753,533,971,.549,0,4,.000,202,247,.818,184,484,668,223,54,198,107,223,1268
248,Ed Nealy,32,TOT,41,4,308,26,69,.377,8,27,.296,9,12,.750,12,52,64,15,12,2,7,41,69
248,Ed Nealy,32,GSW,30,4,229,16,46,.348,7,22,.318,7,10,.700,8,40,48,13,9,1,5,35,46
248,Ed Nealy,32,CHI,11,0,79,10,23,.435,1,5,.200,2,2,1.000,4,12,16,2,3,1,2,6,23
249,Melvin Newbern,25,DET,33,1,311,42,113,.372,1,8,.125,34,60,.567,19,18,37,57,23,1,32,42,119
250,Johnny Newman,29,CHH,64,27,1471,279,534,.522,12,45,.267,194,240,.808,72,71,143,117,45,19,90,154,764
251,Ken Norman,28,LAC,76,71,2477,498,975,.511,10,38,.263,131,220,.595,209,362,571,165,59,58,125,156,1137
252,Shaquille O'Neal,20,ORL,81,81,3071,733,1304,.562,0,2,.000,427,721,.592,342,780,1122,152,60,286,307,321,1893
253,Dan O'Sullivan,24,TOT,6,0,17,3,5,.600,0,0,,3,4,.750,2,4,6,1,1,0,0,4,9
253,Dan O'Sullivan,24,NJN,3,0,10,2,3,.667,0,0,,0,0,,2,2,4,0,0,0,0,1,4
253,Dan O'Sullivan,24,MIL,3,0,7,1,2,.500,0,0,,3,4,.750,0,2,2,1,1,0,0,3,5
254,Charles Oakley,29,NYK,82,82,2230,219,431,.508,0,1,.000,127,176,.722,288,420,708,126,85,15,124,289,565
255,Alan Ogg,25,TOT,6,0,29,5,13,.385,0,0,,3,4,.750,3,7,10,4,1,3,3,6,13
255,Alan Ogg,25,MIL,3,0,26,3,9,.333,0,0,,2,2,1.000,1,5,6,4,1,3,3,6,8
255,Alan Ogg,25,WSB,3,0,3,2,4,.500,0,0,,1,2,.500,2,2,4,0,0,0,0,0,5
256,Hakeem Olajuwon*,30,HOU,82,82,3242,848,1603,.529,0,8,.000,444,570,.779,283,785,1068,291,150,342,262,305,2140
257,Matt Othick,23,SAS,4,0,39,3,5,.600,2,4,.500,0,2,.000,1,1,2,7,1,0,4,7,8
258,Doug Overton,23,WSB,45,13,990,152,323,.471,3,13,.231,59,81,.728,25,81,106,157,31,6,72,81,366
259,Billy Owens,23,GSW,37,37,1201,247,493,.501,1,11,.091,117,183,.639,108,156,264,144,35,28,106,105,612
260,Robert Pack,23,DEN,77,1,1579,285,606,.470,1,8,.125,239,311,.768,52,108,160,335,81,10,185,182,810
Rk,Player,Age,Tm,G,GS,MP,FG,FGA,FG%,3P,3PA,3P%,FT,FTA,FT%,ORB,DRB,TRB,AST,STL,BLK,TOV,PF,PTS
261,Gerald Paddio,27,SEA,41,3,307,71,159,.447,2,8,.250,14,21,.667,17,33,50,33,14,6,16,24,158
262,Walter Palmer,24,DAL,20,0,124,27,57,.474,0,0,,6,9,.667,12,32,44,5,1,5,10,29,60
263,Robert Parish*,39,BOS,79,79,2146,416,777,.535,0,0,,162,235,.689,246,494,740,61,57,107,120,201,994
264,John Paxson,32,CHI,59,8,1030,105,233,.451,19,41,.463,17,20,.850,9,39,48,136,38,2,31,99,246
265,Kenny Payne,26,PHI,13,0,154,38,90,.422,4,18,.222,4,4,1.000,4,20,24,18,5,2,7,15,84
266,Gary Payton,24,SEA,82,78,2548,476,963,.494,7,34,.206,151,196,.770,95,186,281,399,177,21,148,250,1110
267,Anthony Peeler,23,LAL,77,11,1655,297,634,.468,46,118,.390,162,206,.786,64,115,179,166,60,14,123,193,802
268,Will Perdue,27,CHI,72,16,998,137,246,.557,0,1,.000,67,111,.604,103,184,287,74,22,47,74,139,341
269,Sam Perkins,31,TOT,79,62,2351,381,799,.477,24,71,.338,250,305,.820,163,361,524,156,60,82,108,225,1036
269,Sam Perkins,31,LAL,49,49,1589,242,527,.459,5,29,.172,184,222,.829,111,268,379,128,40,51,76,139,673
269,Sam Perkins,31,SEA,30,13,762,139,272,.511,19,42,.452,66,83,.795,52,93,145,28,20,31,32,86,363
270,Tim Perry,27,PHI,81,51,2104,287,613,.468,10,49,.204,147,207,.710,154,255,409,126,40,91,123,159,731
271,Chuck Person,28,MIN,78,75,2985,541,1248,.433,118,332,.355,109,168,.649,98,335,433,343,67,30,219,198,1309
272,Drazen Petrovic*,28,NJN,70,67,2660,587,1134,.518,75,167,.449,315,362,.870,42,148,190,247,94,13,204,237,1564
273,Bobby Phills,23,CLE,31,0,139,38,82,.463,2,5,.400,15,25,.600,6,11,17,10,10,2,18,19,93
274,Ricky Pierce,33,SEA,77,72,2218,524,1072,.489,42,113,.372,313,352,.889,58,134,192,220,100,7,160,167,1403
275,Ed Pinckney,29,BOS,7,5,151,10,24,.417,0,0,,12,13,.923,14,29,43,1,4,7,8,13,32
276,Scottie Pippen*,27,CHI,81,81,3123,628,1327,.473,22,93,.237,232,350,.663,203,418,621,507,173,73,246,219,1510
277,Gary Plummer,30,DEN,60,0,737,106,228,.465,0,3,.000,69,95,.726,53,120,173,40,14,11,78,141,281
278,Olden Polynice,28,DET,67,18,1299,210,428,.491,0,1,.000,66,142,.465,181,237,418,29,31,21,54,126,486
279,Terry Porter,29,POR,81,81,2883,503,1108,.454,143,345,.414,327,388,.843,58,258,316,419,101,10,199,122,1476
280,Paul Pressey,34,GSW,18,0,268,29,66,.439,0,4,.000,21,27,.778,8,23,31,30,11,5,23,36,79
Rk,Player,Age,Tm,G,GS,MP,FG,FGA,FG%,3P,3PA,3P%,FT,FTA,FT%,ORB,DRB,TRB,AST,STL,BLK,TOV,PF,PTS
281,Brent Price,24,WSB,68,9,859,100,279,.358,8,48,.167,54,68,.794,28,75,103,154,56,3,85,90,262
282,Mark Price,28,CLE,75,74,2380,477,986,.484,122,293,.416,289,305,.948,37,164,201,602,89,11,196,105,1365
283,Anthony Pullard,26,MIL,8,0,37,8,18,.444,0,0,,1,3,.333,2,6,8,2,2,2,5,5,17
284,Kurt Rambis,34,TOT,72,1,822,67,129,.519,0,2,.000,43,65,.662,77,150,227,53,43,18,42,122,177
284,Kurt Rambis,34,PHO,5,0,41,4,7,.571,0,0,,1,2,.500,2,4,6,1,3,0,6,3,9
284,Kurt Rambis,34,SAC,67,1,781,63,122,.516,0,2,.000,42,63,.667,75,146,221,52,40,18,36,119,168
285,Mark Randall,25,TOT,37,0,248,40,80,.500,1,8,.125,16,26,.615,27,28,55,11,4,2,17,33,97
285,Mark Randall,25,MIN,2,0,8,0,1,.000,0,1,.000,0,0,,0,0,0,1,0,0,1,1,0
285,Mark Randall,25,DET,35,0,240,40,79,.506,1,7,.143,16,26,.615,27,28,55,10,4,2,16,32,97
286,Blair Rasmussen,30,ATL,22,6,283,30,80,.375,2,6,.333,9,13,.692,20,35,55,5,5,10,12,61,71
287,J.R. Reid,24,TOT,83,25,1887,283,595,.476,0,5,.000,214,280,.764,120,336,456,80,47,31,125,266,780
287,J.R. Reid,24,CHH,17,1,295,42,98,.429,0,1,.000,43,58,.741,20,50,70,24,11,5,24,49,127
287,J.R. Reid,24,SAS,66,24,1592,241,497,.485,0,4,.000,171,222,.770,100,286,386,56,36,26,101,217,653
288,Glen Rice,25,MIA,82,82,3082,582,1324,.440,148,386,.383,242,295,.820,92,332,424,180,92,25,157,201,1554
289,Pooh Richardson,26,IND,74,73,2396,337,703,.479,3,29,.103,92,124,.742,63,204,267,573,94,12,167,132,769
290,Mitch Richmond,27,SAC,45,45,1728,371,782,.474,48,130,.369,197,233,.845,18,136,154,221,53,9,130,137,987
291,Doc Rivers,31,NYK,77,45,1886,216,494,.437,39,123,.317,133,162,.821,26,166,192,405,123,9,114,215,604
292,Fred Roberts,32,MIL,79,5,1488,226,428,.528,12,29,.414,135,169,.799,91,146,237,118,57,27,67,138,599
293,Stanley Roberts,22,LAC,77,76,1816,375,711,.527,0,0,,120,246,.488,181,297,478,59,34,141,121,332,870
294,Alvin Robertson,30,TOT,69,54,2006,247,539,.458,40,122,.328,84,128,.656,107,162,269,263,155,18,133,218,618
294,Alvin Robertson,30,MIL,39,32,1065,139,290,.479,17,55,.309,44,70,.629,47,90,137,156,90,9,77,120,339
294,Alvin Robertson,30,DET,30,22,941,108,249,.434,23,67,.343,40,58,.690,60,72,132,107,65,9,56,98,279
295,Clifford Robinson,26,POR,82,12,2575,632,1336,.473,19,77,.247,287,416,.690,165,377,542,182,98,163,173,287,1570
296,David Robinson*,27,SAS,82,82,3211,676,1348,.501,3,17,.176,561,766,.732,229,727,956,301,127,264,241,239,1916
297,Larry Robinson,25,WSB,4,0,33,6,16,.375,0,1,.000,3,5,.600,1,2,3,3,1,1,1,0,15
298,Rumeal Robinson,26,NJN,80,28,1585,270,638,.423,20,56,.357,112,195,.574,49,110,159,323,96,12,140,169,672
299,Dennis Rodman*,31,DET,62,55,2410,183,429,.427,15,73,.205,87,163,.534,367,765,1132,102,48,45,103,201,468
300,Tree Rollins,37,HOU,42,0,247,11,41,.268,0,2,.000,9,12,.750,12,48,60,10,6,15,9,43,31
Rk,Player,Age,Tm,G,GS,MP,FG,FGA,FG%,3P,3PA,3P%,FT,FTA,FT%,ORB,DRB,TRB,AST,STL,BLK,TOV,PF,PTS
301,Sean Rooks,23,DAL,72,68,2087,368,747,.493,0,2,.000,234,389,.602,196,340,536,95,38,81,160,204,970
302,Donald Royal,26,ORL,77,0,1636,194,391,.496,0,3,.000,318,390,.815,116,179,295,80,36,25,113,179,706
303,Delaney Rudd,30,POR,15,1,95,7,36,.194,1,11,.091,11,14,.786,4,5,9,17,1,0,11,7,26
304,Jeff Ruland,34,DET,11,0,55,5,11,.455,0,0,,2,4,.500,9,9,18,2,2,0,6,16,12
305,John Salley,28,MIA,51,34,1422,154,307,.502,0,0,,115,144,.799,113,200,313,83,32,70,101,192,423
306,Jeff Sanders,27,ATL,9,0,120,10,25,.400,0,0,,4,8,.500,12,17,29,6,8,1,11,16,24
307,Mike Sanders,32,CLE,53,51,1189,197,396,.497,1,4,.250,59,78,.756,52,118,170,75,39,30,57,150,454
308,Danny Schayes,33,MIL,70,7,1124,105,263,.399,0,3,.000,112,137,.818,72,177,249,78,36,36,65,148,322
309,Steve Scheffler,25,SEA,29,5,166,25,48,.521,0,0,,16,24,.667,15,21,36,5,6,1,5,37,66
310,Dwayne Schintzius,24,NJN,5,0,35,2,7,.286,0,0,,3,3,1.000,2,6,8,2,2,2,0,4,7
311,Detlef Schrempf,30,IND,82,60,3098,517,1085,.476,8,52,.154,525,653,.804,210,570,780,493,79,27,243,305,1567
312,Byron Scott,31,LAL,58,53,1678,296,659,.449,44,135,.326,156,184,.848,27,107,134,157,55,13,70,98,792
313,Dennis Scott,24,ORL,54,43,1759,329,763,.431,108,268,.403,92,117,.786,38,148,186,136,57,18,104,131,858
314,Malik Sealy,22,IND,58,2,672,136,319,.426,7,31,.226,51,74,.689,60,52,112,47,36,7,58,74,330
315,Rony Seikaly,27,MIA,72,64,2456,417,868,.480,1,8,.125,397,540,.735,259,587,846,100,38,83,203,260,1232
316,Brad Sellers,30,MIN,54,4,533,49,130,.377,0,1,.000,37,39,.949,27,56,83,46,6,11,27,40,135
317,Charles Shackleford,26,PHI,48,0,568,80,164,.488,0,2,.000,31,49,.633,65,140,205,26,13,25,36,92,191
318,Brian Shaw,26,MIA,68,45,1603,197,501,.393,43,130,.331,61,78,.782,70,187,257,235,48,19,96,163,498
319,Lionel Simmons,24,SAC,69,68,2502,468,1055,.444,1,11,.091,298,364,.819,156,339,495,312,95,38,196,197,1235
320,Scott Skiles,28,ORL,78,78,3086,416,891,.467,80,235,.340,289,324,.892,52,238,290,735,86,2,267,244,1201
Rk,Player,Age,Tm,G,GS,MP,FG,FGA,FG%,3P,3PA,3P%,FT,FTA,FT%,ORB,DRB,TRB,AST,STL,BLK,TOV,PF,PTS
321,Charles Smith,27,NYK,81,68,2172,358,764,.469,0,2,.000,287,367,.782,170,262,432,142,48,96,155,254,1003
322,Chris Smith,22,MIN,80,6,1266,125,289,.433,2,14,.143,95,120,.792,32,64,96,196,48,16,68,96,347
323,Doug Smith,23,DAL,61,42,1524,289,666,.434,0,4,.000,56,74,.757,96,232,328,104,48,52,115,280,634
324,Kenny Smith,27,HOU,82,82,2422,387,744,.520,96,219,.438,195,222,.878,28,132,160,446,80,7,163,110,1065
325,LaBradford Smith,23,WSB,69,33,1546,261,570,.458,8,23,.348,109,127,.858,26,80,106,186,58,9,103,178,639
326,Larry Smith,35,SAS,66,13,833,38,87,.437,0,0,,9,22,.409,103,165,268,28,23,16,39,133,85
327,Reggie Smith,22,POR,23,0,68,10,27,.370,0,1,.000,3,14,.214,15,6,21,1,4,1,4,16,23
328,Steve Smith,23,MIA,48,43,1610,279,619,.451,53,132,.402,155,197,.787,56,141,197,267,50,16,129,148,766
329,Tony Smith,24,LAL,55,9,752,133,275,.484,2,11,.182,62,82,.756,46,41,87,63,50,7,40,72,330
330,Rik Smits,26,IND,81,81,2072,494,1017,.486,0,0,,167,228,.732,126,306,432,121,27,75,147,285,1155
331,Andre Spencer,28,TOT,20,1,422,73,163,.448,0,2,.000,41,54,.759,38,43,81,24,17,10,26,64,187
331,Andre Spencer,28,ATL,3,0,15,0,3,.000,0,0,,0,0,,0,1,1,0,2,0,2,3,0
331,Andre Spencer,28,GSW,17,1,407,73,160,.456,0,2,.000,41,54,.759,38,42,80,24,15,10,24,61,187
332,Elmore Spencer,23,LAC,44,4,280,44,82,.537,0,0,,16,32,.500,17,45,62,8,8,18,26,54,104
333,Felton Spencer,25,MIN,71,48,1296,105,226,.465,0,0,,83,127,.654,134,190,324,17,23,66,70,243,293
334,Latrell Sprewell,22,GSW,77,69,2741,449,968,.464,73,198,.369,211,283,.746,79,192,271,295,126,49,203,166,1182
335,John Starks,27,NYK,80,51,2477,513,1199,.428,108,336,.321,263,331,.795,54,150,204,404,91,12,173,234,1397
336,Barry Stevens,30,GSW,2,0,6,1,2,.500,0,0,,0,0,,2,0,2,0,0,0,0,1,2
337,Larry Stewart,24,WSB,81,8,1823,306,564,.543,0,2,.000,184,253,.727,154,229,383,146,47,29,153,191,796
338,Bryant Stith,22,DEN,39,12,865,124,278,.446,0,4,.000,99,119,.832,39,85,124,49,24,5,44,82,347
339,Alex Stivrins,30,TOT,19,0,76,19,39,.487,0,2,.000,3,4,.750,7,12,19,3,2,2,7,11,41
339,Alex Stivrins,30,PHO,10,0,35,11,18,.611,0,1,.000,0,0,,2,6,8,1,1,1,5,7,22
339,Alex Stivrins,30,LAC,1,0,1,0,1,.000,0,0,,0,0,,0,0,0,0,0,0,0,0,0
339,Alex Stivrins,30,MIL,3,0,25,4,11,.364,0,0,,3,4,.750,3,3,6,2,1,0,2,4,11
339,Alex Stivrins,30,ATL,5,0,15,4,9,.444,0,1,.000,0,0,,2,3,5,0,0,1,0,0,8
340,John Stockton*,30,UTA,82,82,2863,437,899,.486,72,187,.385,293,367,.798,64,173,237,987,199,21,266,224,1239
Rk,Player,Age,Tm,G,GS,MP,FG,FGA,FG%,3P,3PA,3P%,FT,FTA,FT%,ORB,DRB,TRB,AST,STL,BLK,TOV,PF,PTS
341,Rod Strickland,26,POR,78,35,2474,396,816,.485,4,30,.133,273,381,.717,120,217,337,559,131,24,199,153,1069
342,Derek Strong,24,MIL,23,0,339,42,92,.457,4,8,.500,68,85,.800,40,75,115,14,11,1,13,20,156
343,Lamont Strothers,24,DAL,9,0,138,20,61,.328,2,13,.154,8,10,.800,8,6,14,13,8,0,15,13,50
344,Terry Teagle,32,HOU,2,0,25,2,7,.286,0,0,,1,2,.500,0,3,3,2,0,0,1,1,5
345,Isiah Thomas*,31,DET,79,79,2922,526,1258,.418,61,198,.308,278,377,.737,71,161,232,671,123,18,284,222,1391
346,LaSalle Thompson,31,IND,63,0,730,104,213,.488,0,1,.000,29,39,.744,55,123,178,34,29,24,47,137,237
347,Otis Thorpe,30,HOU,72,69,2357,385,690,.558,0,2,.000,153,256,.598,219,370,589,181,43,19,151,234,923
348,Sedale Threatt,31,LAL,82,82,2893,522,1028,.508,14,53,.264,177,215,.823,47,226,273,564,142,11,173,248,1235
349,Wayman Tisdale,28,SAC,76,75,2283,544,1068,.509,0,2,.000,175,231,.758,127,373,500,108,52,47,117,277,1263
350,Tom Tolbert,27,ORL,72,61,1838,226,454,.498,9,28,.321,122,168,.726,133,279,412,91,33,21,124,192,583
351,Trent Tucker,33,CHI,69,0,909,143,295,.485,52,131,.397,18,22,.818,16,55,71,82,24,6,18,65,356
352,Jeff Turner,30,ORL,75,20,1479,231,437,.529,10,17,.588,56,70,.800,74,178,252,107,19,9,66,192,528
353,Kiki Vandeweghe,34,LAC,41,3,494,92,203,.453,12,37,.324,58,66,.879,12,36,48,25,13,7,20,45,254
354,Loy Vaught,24,LAC,79,4,1653,313,616,.508,1,4,.250,116,155,.748,164,328,492,54,55,39,83,172,743
355,Gundars Vetra,25,MIN,13,0,89,19,40,.475,3,3,1.000,4,6,.667,4,4,8,6,2,0,2,12,45
356,Darrell Walker,31,TOT,37,2,511,34,96,.354,0,1,.000,12,26,.462,22,36,58,53,33,2,25,63,80
356,Darrell Walker,31,DET,9,2,144,3,19,.158,0,1,.000,2,6,.333,4,15,19,9,10,0,13,12,8
356,Darrell Walker,31,CHI,28,0,367,31,77,.403,0,0,,10,20,.500,18,21,39,44,23,2,12,51,72
357,Duane Washington,28,LAC,4,0,28,0,5,.000,0,0,,0,0,,0,2,2,5,1,0,2,2,0
358,Clarence Weatherspoon,22,PHI,82,82,2654,494,1053,.469,1,4,.250,291,408,.713,179,410,589,147,85,67,176,188,1280
359,Marcus Webb,22,BOS,9,0,51,13,25,.520,0,1,.000,13,21,.619,5,5,10,2,1,2,5,11,39
360,Spud Webb,29,SAC,69,68,2335,342,789,.433,37,135,.274,279,328,.851,44,149,193,481,104,6,194,177,1000
Rk,Player,Age,Tm,G,GS,MP,FG,FGA,FG%,3P,3PA,3P%,FT,FTA,FT%,ORB,DRB,TRB,AST,STL,BLK,TOV,PF,PTS
361,Robert Werdann,22,DEN,28,0,149,18,59,.305,0,1,.000,17,31,.548,23,29,52,7,6,4,12,38,53
362,Doug West,25,MIN,80,80,3104,646,1249,.517,2,23,.087,249,296,.841,89,158,247,235,85,21,165,279,1543
363,Mark West,32,PHO,82,82,1558,175,285,.614,0,0,,86,166,.518,153,305,458,29,16,103,93,243,436
364,Randy White,25,DAL,64,20,1433,235,540,.435,10,42,.238,138,184,.750,154,216,370,49,63,45,108,226,618
365,Morlon Wiley,26,TOT,58,15,995,96,254,.378,54,154,.351,17,26,.654,29,62,91,181,65,3,80,127,263
365,Morlon Wiley,26,ATL,25,2,354,26,81,.321,15,51,.294,5,8,.625,9,26,35,81,26,2,29,49,72
365,Morlon Wiley,26,DAL,33,13,641,70,173,.405,39,103,.379,12,18,.667,20,36,56,100,39,1,51,78,191
366,Dominique Wilkins*,33,ATL,71,70,2647,741,1584,.468,120,316,.380,519,627,.828,187,295,482,227,70,27,184,116,2121
367,Eddie Lee Wilkins,30,PHI,26,0,192,55,97,.567,0,2,.000,48,78,.615,14,26,40,2,7,1,17,34,158
368,Gerald Wilkins,29,CLE,80,35,2079,361,797,.453,16,58,.276,152,181,.840,74,140,214,183,78,18,94,154,890
369,Buck Williams,32,POR,82,82,2498,270,528,.511,0,1,.000,138,214,.645,232,458,690,75,81,61,101,270,678
370,Corey Williams,22,CHI,35,0,242,31,85,.365,1,3,.333,18,22,.818,19,12,31,23,4,2,11,24,81
371,Herb Williams,34,NYK,55,0,571,72,175,.411,0,0,,14,21,.667,44,102,146,19,21,28,22,78,158
372,Hot Rod Williams,30,CLE,67,13,2055,263,560,.470,0,0,,212,296,.716,127,288,415,152,48,105,116,171,738
373,Jayson Williams,24,NJN,12,2,139,21,46,.457,0,0,,7,18,.389,22,19,41,0,4,4,8,24,49
374,John Williams,26,LAC,74,8,1638,205,477,.430,12,53,.226,70,129,.543,88,228,316,142,83,23,79,188,492
375,Kenny Williams,23,IND,57,0,844,150,282,.532,0,3,.000,48,68,.706,102,126,228,38,21,45,28,87,348
376,Lorenzo Williams,23,TOT,27,7,179,17,36,.472,0,0,,2,7,.286,17,38,55,5,5,17,8,29,36
376,Lorenzo Williams,23,CHH,2,0,18,1,3,.333,0,0,,0,0,,3,6,9,0,0,2,2,4,2
376,Lorenzo Williams,23,ORL,3,0,10,0,2,.000,0,0,,0,0,,1,1,2,0,1,1,0,2,0
376,Lorenzo Williams,23,BOS,22,7,151,16,31,.516,0,0,,2,7,.286,13,31,44,5,4,14,6,23,34
377,Micheal Williams,26,MIN,76,76,2661,353,791,.446,26,107,.243,419,462,.907,84,189,273,661,165,23,227,268,1151
378,Reggie Williams,28,DEN,79,79,2722,535,1167,.458,33,122,.270,238,296,.804,132,296,428,295,126,76,194,284,1341
379,Scott Williams,24,CHI,71,5,1369,166,356,.466,0,7,.000,90,126,.714,168,283,451,68,55,66,73,230,422
380,Walt Williams,22,SAC,59,26,1673,358,823,.435,61,191,.319,224,302,.742,115,150,265,178,66,29,179,209,1001
Rk,Player,Age,Tm,G,GS,MP,FG,FGA,FG%,3P,3PA,3P%,FT,FTA,FT%,ORB,DRB,TRB,AST,STL,BLK,TOV,PF,PTS
381,Kevin Willis,30,ATL,80,80,2878,616,1218,.506,7,29,.241,196,300,.653,335,693,1028,165,68,41,213,264,1435
382,Kennard Winchester,26,HOU,39,0,340,61,139,.439,4,19,.211,17,22,.773,17,32,49,13,10,10,15,40,143
383,David Wingate,29,CHH,72,55,1471,180,336,.536,1,6,.167,79,107,.738,49,125,174,183,66,9,89,135,440
384,Joe Wolf,28,TOT,23,0,165,20,44,.455,0,1,.000,13,16,.813,14,34,48,5,7,1,7,24,53
384,Joe Wolf,28,BOS,2,0,9,0,1,.000,0,0,,1,2,.500,1,2,3,0,0,1,2,2,1
384,Joe Wolf,28,POR,21,0,156,20,43,.465,0,1,.000,12,14,.857,13,32,45,5,7,0,5,22,52
385,David Wood,28,SAS,64,2,598,52,117,.444,5,21,.238,46,55,.836,38,59,97,34,13,12,29,93,155
386,Randy Woods,22,LAC,41,1,174,23,66,.348,3,14,.214,19,26,.731,6,8,14,40,14,1,16,26,68
387,Orlando Woolridge,33,TOT,58,47,1555,289,599,.482,0,9,.000,120,177,.678,87,98,185,115,27,27,79,122,698
387,Orlando Woolridge,33,DET,50,47,1477,271,566,.479,0,9,.000,113,168,.673,84,92,176,112,26,25,73,114,655
387,Orlando Woolridge,33,MIL,8,0,78,18,33,.545,0,0,,7,9,.778,3,6,9,3,1,2,6,8,43
388,James Worthy*,31,LAL,82,69,2359,510,1142,.447,30,111,.270,171,211,.810,73,174,247,278,92,27,137,87,1221
389,Howard Wright,25,ORL,4,0,10,4,5,.800,0,0,,0,2,.000,1,1,2,0,0,0,0,0,8
390,Danny Young,30,DET,65,2,836,69,167,.413,22,68,.324,28,32,.875,13,34,47,119,31,5,30,36,188