Rk,Player,Age,Tm,G,GS,MP,FG,FGA,FG%,3P,3PA,3P%,FT,FTA,FT%,ORB,DRB,TRB,AST,STL,BLK,TOV,PF,PTS
1,Alaa Abdelnaby,25,BOS,13,0,159,24,55,.436,0,0,,16,25,.640,12,34,46,3,2,3,17,20,64
2,Mahmoud Abdul-Rauf,24,DEN,80,78,2617,588,1279,.460,42,133,.316,219,229,.956,27,141,168,362,82,10,151,150,1437
3,Michael Adams,31,WSB,70,67,2337,285,698,.408,55,191,.288,224,270,.830,37,146,183,480,96,6,167,140,849
4,Mark Aguirre,34,LAC,39,0,859,163,348,.468,37,93,.398,50,72,.694,28,88,116,104,21,8,70,98,413
5,Danny Ainge,34,PHO,68,1,1555,224,537,.417,80,244,.328,78,94,.830,28,103,131,180,57,8,81,140,606
6,Gary Alexander,24,TOT,11,0,55,8,14,.571,0,0,,3,9,.333,7,8,15,2,3,0,8,10,19
6,Gary Alexander,24,MIA,4,0,12,1,2,.500,0,0,,0,2,.000,1,2,3,1,0,0,1,3,2
6,Gary Alexander,24,CLE,7,0,43,7,12,.583,0,0,,3,7,.429,6,6,12,1,3,0,7,7,17
7,Victor Alexander,24,GSW,69,39,1318,266,502,.530,2,13,.154,68,129,.527,114,194,308,66,28,32,86,168,602
8,Eric Anderson,23,NYK,11,0,39,7,17,.412,2,2,1.000,5,14,.357,6,11,17,2,0,1,2,9,21
9,Greg Anderson,29,DET,77,47,1624,201,370,.543,1,3,.333,88,154,.571,183,388,571,51,55,68,94,234,491
10,Kenny Anderson,23,NJN,82,82,3135,576,1381,.417,40,132,.303,346,423,.818,89,233,322,784,158,15,266,201,1538
11,Nick Anderson,26,ORL,81,81,2811,504,1054,.478,101,314,.322,168,250,.672,113,363,476,294,134,33,165,148,1277
12,Ron Anderson,35,TOT,21,2,356,35,86,.407,7,26,.269,19,23,.826,16,37,53,17,8,3,10,16,96
12,Ron Anderson,35,NJN,11,2,176,15,43,.349,4,12,.333,10,12,.833,8,18,26,6,5,2,1,9,44
12,Ron Anderson,35,WSB,10,0,180,20,43,.465,3,14,.214,9,11,.818,8,19,27,11,3,1,9,7,52
13,Willie Anderson,27,SAS,80,79,2488,394,837,.471,22,68,.324,145,171,.848,68,174,242,347,71,46,153,187,955
14,Greg Anthony,26,NYK,80,36,1994,225,571,.394,48,160,.300,130,168,.774,43,146,189,365,114,13,127,163,628
15,B.J. Armstrong,26,CHI,82,82,2770,479,1007,.476,60,135,.444,194,227,.855,28,142,170,323,80,9,131,147,1212
16,Vincent Askew,27,SEA,80,3,1690,273,567,.481,6,31,.194,175,211,.829,60,124,184,194,73,19,70,145,727
17,Keith Askins,26,MIA,37,0,319,36,88,.409,4,21,.190,9,10,.900,33,49,82,13,11,1,21,57,85
18,Stacey Augmon,25,ATL,82,82,2605,439,861,.510,1,7,.143,333,436,.764,178,216,394,187,149,45,147,179,1212
19,Isaac Austin,24,PHI,14,0,201,29,66,.439,0,1,.000,14,23,.609,25,44,69,17,5,10,17,29,72
20,Anthony Avent,24,TOT,74,40,1371,150,398,.377,0,0,,89,123,.724,144,194,338,65,33,31,85,147,389
20,Anthony Avent,24,MIL,33,20,695,92,228,.404,0,0,,61,79,.772,60,94,154,33,16,20,43,60,245
20,Anthony Avent,24,ORL,41,20,676,58,170,.341,0,0,,28,44,.636,84,100,184,32,17,11,42,87,144
Rk,Player,Age,Tm,G,GS,MP,FG,FGA,FG%,3P,3PA,3P%,FT,FTA,FT%,ORB,DRB,TRB,AST,STL,BLK,TOV,PF,PTS
21,John Bagley,33,ATL,3,0,13,0,2,.000,0,0,,2,2,1.000,0,1,1,3,0,0,0,2,2
22,Thurl Bailey,32,MIN,79,3,1297,232,455,.510,0,2,.000,119,149,.799,66,149,215,54,20,58,58,93,583
23,Vin Baker,22,MIL,82,63,2560,435,869,.501,1,5,.200,234,411,.569,277,344,621,163,60,114,162,231,1105
24,Charles Barkley*,30,PHO,65,65,2298,518,1046,.495,48,178,.270,318,452,.704,198,529,727,296,101,37,206,160,1402
25,Dana Barros,26,PHI,81,70,2519,412,878,.469,135,354,.381,116,145,.800,28,168,196,424,107,5,167,96,1075
26,Jon Barry,24,MIL,72,7,1242,158,382,.414,32,115,.278,97,122,.795,36,110,146,168,102,17,83,110,445
27,John Battle,31,CLE,51,1,814,130,273,.476,5,19,.263,73,97,.753,7,32,39,83,22,1,41,66,338
28,Benoit Benjamin,29,NJN,77,74,1817,283,589,.480,0,0,,152,214,.710,135,364,499,44,35,90,97,198,718
29,Tony Bennett,24,CHH,74,5,983,105,263,.399,27,75,.360,11,15,.733,16,74,90,163,39,1,40,84,248
30,David Benoit,25,UTA,55,18,1070,139,361,.385,12,59,.203,68,88,.773,89,171,260,23,23,37,37,115,358
31,Rolando Blackman,34,NYK,55,1,969,161,369,.436,30,84,.357,48,53,.906,23,70,93,76,25,6,44,100,400
32,Mookie Blaylock,26,ATL,81,81,2915,444,1079,.411,114,341,.334,116,159,.730,117,307,424,789,212,44,196,144,1118
33,Corie Blount,25,CHI,67,8,690,76,174,.437,0,0,,46,75,.613,76,118,194,56,19,33,52,93,198
34,Muggsy Bogues,29,CHH,77,77,2746,354,751,.471,2,12,.167,125,155,.806,78,235,313,780,133,2,171,147,835
35,Manute Bol,31,TOT,14,0,116,4,19,.211,0,3,.000,0,0,,3,15,18,1,2,16,5,13,8
35,Manute Bol,31,MIA,8,0,61,1,12,.083,0,3,.000,0,0,,1,10,11,0,0,6,5,4,2
35,Manute Bol,31,WSB,2,0,6,0,0,,0,0,,0,0,,0,1,1,1,0,1,0,1,0
35,Manute Bol,31,PHI,4,0,49,3,7,.429,0,0,,0,0,,2,4,6,0,2,9,0,8,6
36,Walter Bond,24,UTA,56,4,559,63,156,.404,19,54,.352,31,40,.775,20,41,61,31,16,12,17,90,176
37,Anthony Bonner,25,NYK,73,38,1402,162,288,.563,0,0,,50,105,.476,150,194,344,88,76,13,89,175,374
38,Anthony Bowie,30,ORL,70,0,948,139,289,.481,1,18,.056,41,49,.837,29,91,120,102,32,12,58,81,320
39,Sam Bowie,32,LAL,25,7,556,75,172,.436,1,4,.250,72,83,.867,27,104,131,47,4,28,43,65,223
40,Shawn Bradley,21,PHI,49,45,1385,201,491,.409,0,3,.000,102,168,.607,98,208,306,98,45,147,148,170,504
Rk,Player,Age,Tm,G,GS,MP,FG,FGA,FG%,3P,3PA,3P%,FT,FTA,FT%,ORB,DRB,TRB,AST,STL,BLK,TOV,PF,PTS
41,Terrell Brandon,23,CLE,73,10,1548,230,548,.420,7,32,.219,139,162,.858,38,121,159,277,84,16,111,108,606
42,Randy Breuer,33,SAC,26,3,247,8,26,.308,0,1,.000,3,14,.214,15,41,56,8,6,19,9,30,19
43,Frank Brickowski,34,TOT,71,46,2094,368,754,.488,4,20,.200,195,254,.768,85,319,404,222,80,27,181,242,935
43,Frank Brickowski,34,MIL,43,40,1441,251,521,.482,3,18,.167,148,191,.775,53,226,279,165,52,16,125,165,653
43,Frank Brickowski,34,CHH,28,6,653,117,233,.502,1,2,.500,47,63,.746,32,93,125,57,28,11,56,77,282
44,Kevin Brooks,24,DEN,34,0,190,36,99,.364,4,23,.174,9,10,.900,5,16,21,3,0,2,12,19,85
45,Scott Brooks,28,HOU,73,0,1225,142,289,.491,23,61,.377,74,85,.871,10,92,102,149,51,2,55,98,381
46,Chucky Brown,25,DAL,1,0,10,1,1,1.000,0,0,,1,1,1.000,0,1,1,0,0,0,0,2,3
47,Dee Brown,25,BOS,77,76,2867,490,1021,.480,30,96,.313,182,219,.831,63,237,300,347,156,47,126,207,1192
48,Mike Brown,30,MIN,82,40,1921,111,260,.427,0,2,.000,77,118,.653,119,328,447,72,51,29,75,218,299
49,P.J. Brown,24,NJN,79,54,1950,167,402,.415,1,6,.167,115,152,.757,188,305,493,93,71,93,72,177,450
50,Randy Brown,25,SAC,61,2,1041,110,251,.438,0,4,.000,53,87,.609,40,72,112,133,63,14,75,132,273
51,Mark Bryant,28,POR,79,10,1441,185,384,.482,0,1,.000,72,104,.692,117,198,315,37,32,29,66,187,442
52,Jud Buechler,25,GSW,36,0,218,42,84,.500,12,29,.414,10,20,.500,13,19,32,16,8,1,12,24,106
53,Matt Bullard,26,HOU,65,0,725,78,226,.345,50,154,.325,20,26,.769,23,61,84,64,14,6,28,67,226
54,Evers Burns,22,SAC,23,0,143,22,55,.400,0,0,,12,23,.522,13,17,30,9,6,3,7,33,56
55,Scott Burrell,23,CHH,51,16,767,98,234,.419,2,6,.333,46,70,.657,46,86,132,62,37,16,45,88,244
56,Willie Burton,25,MIA,53,1,697,124,283,.438,3,15,.200,120,158,.759,50,86,136,39,18,20,54,96,371
57,Mitchell Butler,23,WSB,75,18,1321,207,418,.495,0,5,.000,104,180,.578,106,119,225,77,54,20,87,131,518
58,Michael Cage,32,SEA,82,42,1708,171,314,.545,0,1,.000,36,74,.486,164,280,444,45,77,38,51,179,378
59,Elden Campbell,25,LAL,76,74,2253,373,808,.462,0,2,.000,188,273,.689,167,352,519,86,64,146,98,241,934
60,Tony Campbell,31,TOT,63,14,1214,227,512,.443,7,28,.250,94,120,.783,76,110,186,82,50,15,84,134,555
60,Tony Campbell,31,NYK,22,11,379,63,128,.492,1,3,.333,30,37,.811,28,32,60,31,20,1,29,59,157
60,Tony Campbell,31,DAL,41,3,835,164,384,.427,6,25,.240,64,83,.771,48,78,126,51,30,14,55,75,398
Rk,Player,Age,Tm,G,GS,MP,FG,FGA,FG%,3P,3PA,3P%,FT,FTA,FT%,ORB,DRB,TRB,AST,STL,BLK,TOV,PF,PTS
61,Antoine Carr,32,SAS,34,0,465,78,160,.488,0,1,.000,42,58,.724,12,39,51,15,9,22,15,75,198
62,Bill Cartwright,36,CHI,42,41,780,98,191,.513,0,0,,39,57,.684,43,109,152,57,8,8,50,83,235
63,Sam Cassell,24,HOU,66,6,1122,162,388,.418,26,88,.295,90,107,.841,25,109,134,192,59,7,94,136,440
64,Duane Causwell,25,SAC,41,8,674,71,137,.518,0,0,,40,68,.588,68,118,186,11,19,49,33,109,182
65,Cedric Ceballos,24,PHO,53,43,1602,425,795,.535,0,9,.000,160,221,.724,153,191,344,91,59,23,93,124,1010
66,Tom Chambers,34,UTA,80,0,1838,329,748,.440,14,45,.311,221,281,.786,87,239,326,79,40,32,89,232,893
67,Rex Chapman,26,WSB,60,59,2025,431,865,.498,64,165,.388,168,206,.816,57,89,146,185,59,8,117,83,1094
68,Calbert Cheaney,22,WSB,65,21,1604,327,696,.470,1,23,.043,124,161,.770,88,102,190,126,63,10,108,148,779
69,Pete Chilcutt,25,TOT,76,24,1365,203,448,.453,3,15,.200,41,65,.631,129,242,371,86,53,39,74,164,450
69,Pete Chilcutt,25,SAC,46,24,974,152,328,.463,0,1,.000,31,52,.596,100,171,271,71,43,28,56,116,335
69,Pete Chilcutt,25,DET,30,0,391,51,120,.425,3,14,.214,10,13,.769,29,71,100,15,10,11,18,48,115
70,Doug Christie,23,LAL,65,34,1515,244,562,.434,39,119,.328,145,208,.697,93,142,235,136,89,28,140,186,672
71,Ben Coleman,32,DET,9,0,77,12,25,.480,0,0,,4,8,.500,10,16,26,0,2,2,7,9,28
72,Derrick Coleman,26,NJN,77,77,2778,541,1209,.447,38,121,.314,439,567,.774,262,608,870,262,68,142,208,209,1559
73,Bimbo Coles,25,MIA,76,4,1726,233,519,.449,20,99,.202,102,131,.779,50,109,159,263,75,12,107,132,588
74,Marty Conlon,26,TOT,30,9,579,95,165,.576,0,2,.000,43,53,.811,53,86,139,34,9,8,33,69,233
74,Marty Conlon,26,CHH,16,8,378,66,109,.606,0,1,.000,31,38,.816,34,55,89,28,5,7,23,36,163
74,Marty Conlon,26,WSB,14,1,201,29,56,.518,0,1,.000,12,15,.800,19,31,50,6,4,1,10,33,70
75,Lester Conner,34,IND,11,0,169,14,38,.368,0,3,.000,3,6,.500,10,14,24,31,14,1,9,12,31
76,Anthony Cook,26,TOT,25,0,203,26,54,.481,0,1,.000,10,25,.400,20,36,56,4,3,14,12,22,62
76,Anthony Cook,26,ORL,2,0,2,0,1,.000,0,0,,0,0,,0,0,0,0,0,2,1,0,0
76,Anthony Cook,26,MIL,23,0,201,26,53,.491,0,1,.000,10,25,.400,20,36,56,4,3,12,11,22,62
77,Duane Cooper,24,PHO,23,2,136,18,41,.439,1,7,.143,11,15,.733,2,7,9,28,3,0,20,12,48
78,Tyrone Corbin,31,UTA,82,17,2149,268,588,.456,6,29,.207,117,144,.813,150,239,389,122,99,24,92,212,659
79,Chris Corchiani,25,BOS,51,0,467,40,94,.426,11,38,.289,26,38,.684,8,36,44,86,22,2,38,47,117
80,Joe Courtney,24,TOT,52,1,345,67,148,.453,2,3,.667,32,47,.681,28,28,56,15,10,12,21,44,168
80,Joe Courtney,24,PHO,33,1,168,40,78,.513,0,0,,23,32,.719,14,13,27,9,3,6,10,23,103
80,Joe Courtney,24,MIL,19,0,177,27,70,.386,2,3,.667,9,15,.600,14,15,29,6,7,6,11,21,65
Rk,Player,Age,Tm,G,GS,MP,FG,FGA,FG%,3P,3PA,3P%,FT,FTA,FT%,ORB,DRB,TRB,AST,STL,BLK,TOV,PF,PTS
81,John Crotty,24,UTA,45,0,313,45,99,.455,11,24,.458,31,36,.861,11,20,31,77,15,1,27,36,132
82,Terry Cummings,32,SAS,59,29,1133,183,428,.428,0,2,.000,63,107,.589,132,165,297,50,31,13,59,137,429
83,Earl Cureton,36,HOU,2,0,30,2,8,.250,0,0,,0,2,.000,4,8,12,0,0,0,1,4,4
84,Dell Curry,29,CHH,82,0,2173,533,1171,.455,152,378,.402,117,134,.873,71,191,262,221,98,27,120,161,1335
85,Michael Curry,25,PHI,10,0,43,3,14,.214,0,2,.000,3,4,.750,0,1,1,1,1,0,3,6,9
86,Lloyd Daniels,26,SAS,65,5,980,140,372,.376,44,125,.352,46,64,.719,45,66,111,94,29,16,60,69,370
87,Brad Daugherty,28,CLE,50,50,1838,296,606,.488,0,0,,256,326,.785,128,380,508,149,41,36,110,145,848
88,Antonio Davis,25,IND,81,4,1732,216,425,.508,0,1,.000,194,302,.642,190,315,505,55,45,84,107,189,626
89,Brian Davis,23,MIN,68,2,374,40,126,.317,1,3,.333,50,68,.735,21,34,55,22,16,4,19,34,131
90,Dale Davis,24,IND,66,64,2292,308,582,.529,0,1,.000,155,294,.527,280,438,718,100,48,106,102,214,771
91,Hubert Davis,23,NYK,56,27,1333,238,505,.471,53,132,.402,85,103,.825,23,44,67,165,40,4,76,118,614
92,Terry Davis,26,DAL,15,4,286,24,59,.407,0,0,,8,12,.667,30,44,74,6,9,1,5,27,56
93,Johnny Dawkins,30,PHI,72,12,1343,177,423,.418,37,105,.352,84,100,.840,28,95,123,263,63,5,111,74,475
94,Todd Day,24,MIL,76,39,2127,351,845,.415,33,148,.223,231,331,.698,115,195,310,138,103,52,129,221,966
95,Terry Dehere,22,LAC,64,6,759,129,342,.377,23,57,.404,61,81,.753,25,43,68,78,28,3,61,69,342
96,Vinny Del Negro,27,SAS,77,56,1949,309,634,.487,15,43,.349,140,170,.824,27,134,161,320,64,1,102,168,773
97,Bison Dele,24,DEN,80,1,1507,251,464,.541,0,3,.000,137,211,.649,138,308,446,50,49,87,104,221,639
98,Dell Demps,23,GSW,2,0,11,2,6,.333,0,0,,0,2,.000,0,0,0,1,2,0,1,1,4
99,Vlade Divac,25,LAL,79,73,2685,453,895,.506,9,47,.191,208,303,.686,282,569,851,307,92,112,191,288,1123
100,Sherman Douglas,27,BOS,78,78,2789,425,919,.462,13,56,.232,177,276,.641,70,123,193,683,89,11,233,171,1040
Rk,Player,Age,Tm,G,GS,MP,FG,FGA,FG%,3P,3PA,3P%,FT,FTA,FT%,ORB,DRB,TRB,AST,STL,BLK,TOV,PF,PTS
101,Greg Dreiling,30,DAL,54,19,685,52,104,.500,1,1,1.000,27,38,.711,47,123,170,31,16,24,43,159,132
102,Clyde Drexler*,31,POR,68,68,2334,473,1105,.428,71,219,.324,286,368,.777,154,291,445,333,98,34,167,202,1303
103,Kevin Duckworth,29,WSB,69,52,1485,184,441,.417,0,0,,88,132,.667,103,222,325,56,37,35,101,223,456
104,Chris Dudley,28,POR,6,3,86,6,25,.240,0,0,,2,4,.500,16,8,24,5,4,3,2,18,14
105,Joe Dumars*,30,DET,69,69,2591,505,1118,.452,124,320,.388,276,330,.836,35,116,151,261,63,4,159,118,1410
106,Acie Earl,23,BOS,74,8,1149,151,372,.406,0,1,.000,108,160,.675,85,162,247,12,24,53,72,178,410
107,Bill Edwards,22,PHI,3,0,44,2,18,.111,0,5,.000,2,5,.400,5,9,14,4,3,1,4,6,6
108,Blue Edwards,28,MIL,82,64,2322,382,800,.478,38,106,.358,151,189,.799,104,225,329,171,83,27,146,235,953
109,Doug Edwards,23,ATL,16,0,107,17,49,.347,0,1,.000,9,16,.563,7,11,18,8,2,5,6,9,43
110,James Edwards,38,LAL,45,2,469,78,168,.464,0,0,,54,79,.684,11,54,65,22,4,3,30,90,210
111,Kevin Edwards,28,NJN,82,82,2727,471,1028,.458,35,99,.354,167,217,.770,94,187,281,232,120,34,135,150,1144
112,Craig Ehlo,32,ATL,82,0,2147,316,708,.446,77,221,.348,112,154,.727,71,208,279,273,136,26,130,161,821
113,Mario Elie,30,HOU,67,8,1606,208,466,.446,56,167,.335,154,179,.860,28,153,181,208,50,8,109,124,626
114,Sean Elliott,25,DET,73,73,2409,360,791,.455,26,87,.299,139,173,.803,68,195,263,197,54,27,129,174,885
115,Dale Ellis,33,SAS,77,75,2590,478,967,.494,131,332,.395,83,107,.776,70,185,255,80,66,11,75,141,1170
116,Harold Ellis,23,LAC,49,16,923,159,292,.545,0,4,.000,106,149,.711,94,59,153,31,73,2,43,97,424
117,LaPhonso Ellis,23,DEN,79,79,2699,483,963,.502,7,23,.304,242,359,.674,220,462,682,167,63,80,172,304,1215
118,LeRon Ellis,24,CHH,50,1,680,88,182,.484,0,0,,45,68,.662,70,118,188,24,17,25,21,83,221
119,Pervis Ellison,26,WSB,47,24,1178,137,292,.469,0,3,.000,70,97,.722,77,165,242,70,25,50,73,140,344
120,Jo Jo English,23,CHI,36,0,419,56,129,.434,8,17,.471,10,21,.476,9,36,45,38,8,10,36,61,130
Rk,Player,Age,Tm,G,GS,MP,FG,FGA,FG%,3P,3PA,3P%,FT,FTA,FT%,ORB,DRB,TRB,AST,STL,BLK,TOV,PF,PTS
121,Patrick Ewing*,31,NYK,79,79,2972,745,1503,.496,4,14,.286,445,582,.765,219,666,885,179,90,217,260,275,1939
122,Jim Farmer,29,DEN,4,0,29,2,6,.333,0,2,.000,0,0,,0,2,2,4,0,0,5,3,4
123,Duane Ferrell,28,ATL,72,13,1155,184,379,.485,1,9,.111,144,184,.783,62,67,129,65,44,16,64,85,513
124,Danny Ferry,27,CLE,70,1,965,149,334,.446,14,51,.275,38,43,.884,47,94,141,74,28,22,41,113,350
125,Vern Fleming,31,IND,55,5,1053,147,318,.462,0,4,.000,64,87,.736,27,96,123,173,40,6,87,98,358
126,Sleepy Floyd,33,SAS,53,2,737,70,209,.335,8,36,.222,52,78,.667,10,60,70,101,12,8,61,71,200
127,Alphonso Ford,22,SEA,6,0,16,7,13,.538,1,1,1.000,1,2,.500,0,0,0,1,2,0,1,2,16
128,Greg Foster,25,MIL,3,0,19,4,7,.571,0,0,,2,2,1.000,0,3,3,0,0,1,1,3,10
129,Rick Fox,24,BOS,82,52,2096,340,728,.467,33,100,.330,174,230,.757,105,250,355,217,81,52,158,244,887
130,Tellis Frank,28,MIN,67,11,959,67,160,.419,0,2,.000,54,76,.711,83,137,220,57,35,35,49,163,188
131,Corey Gaines,28,NYK,18,0,78,9,20,.450,2,5,.400,13,15,.867,3,10,13,30,2,0,5,12,33
132,Chad Gallagher,24,UTA,2,0,3,3,3,1.000,0,0,,0,0,,0,0,0,0,0,0,0,2,6
133,Kevin Gamble,28,BOS,75,29,1880,368,804,.458,25,103,.243,103,126,.817,41,118,159,149,57,22,77,134,864
134,Chris Gatling,26,GSW,82,23,1296,271,461,.588,0,1,.000,129,208,.620,143,254,397,41,40,63,84,223,671
135,Kenny Gattison,29,CHH,77,18,1644,233,445,.524,0,0,,126,195,.646,105,253,358,95,59,46,79,229,592
136,Andrew Gaze,28,WSB,7,0,70,8,17,.471,4,8,.500,2,2,1.000,1,6,7,5,2,1,3,9,22
137,Matt Geiger,24,MIA,72,0,1199,202,352,.574,1,5,.200,116,149,.779,119,184,303,32,36,29,61,201,521
138,Kendall Gill,25,SEA,79,77,2435,429,969,.443,38,120,.317,215,275,.782,91,177,268,275,151,32,143,194,1111
139,Armen Gilliam,29,NJN,82,5,1969,348,682,.510,0,1,.000,274,361,.759,197,303,500,69,38,61,106,129,970
140,Mike Gminski,34,TOT,29,7,309,36,103,.350,0,0,,14,18,.778,22,52,74,11,13,16,13,23,86
140,Mike Gminski,34,CHH,21,6,255,31,79,.392,0,0,,11,14,.786,19,40,59,11,13,13,11,20,73
140,Mike Gminski,34,MIL,8,1,54,5,24,.208,0,0,,3,4,.750,3,12,15,0,0,3,2,3,13
Rk,Player,Age,Tm,G,GS,MP,FG,FGA,FG%,3P,3PA,3P%,FT,FTA,FT%,ORB,DRB,TRB,AST,STL,BLK,TOV,PF,PTS
141,Ricky Grace,26,ATL,3,0,8,2,3,.667,0,0,,0,2,.000,0,1,1,1,0,0,0,3,4
142,Greg Graham,23,PHI,70,6,889,122,305,.400,2,25,.080,92,110,.836,21,65,86,66,61,4,65,54,338
143,Paul Graham,26,ATL,21,0,128,21,57,.368,3,13,.231,13,17,.765,4,8,12,13,4,5,5,11,58
144,Gary Grant,28,LAC,78,8,1533,253,563,.449,17,62,.274,65,76,.855,42,100,142,291,119,12,136,139,588
145,Harvey Grant,28,POR,77,73,2112,356,774,.460,2,7,.286,84,131,.641,109,242,351,107,70,49,56,179,798
146,Horace Grant,28,CHI,70,69,2570,460,878,.524,0,6,.000,137,230,.596,306,463,769,236,74,84,109,164,1057
147,Josh Grant,26,GSW,53,0,382,59,146,.404,17,61,.279,22,29,.759,27,62,89,24,18,8,30,62,157
148,Jeff Grayer,28,GSW,67,4,1096,191,363,.526,2,12,.167,71,118,.602,76,115,191,62,33,13,63,103,455
149,A.C. Green,30,PHO,82,55,2825,465,926,.502,8,35,.229,266,362,.735,275,478,753,137,70,38,100,142,1204
150,Litterial Green,23,ORL,29,0,126,22,57,.386,1,4,.250,28,37,.757,6,6,12,9,6,1,13,16,73
151,Sean Green,23,TOT,36,0,334,63,183,.344,10,41,.244,13,18,.722,10,24,34,16,18,6,27,21,149
151,Sean Green,23,PHI,35,0,332,63,182,.346,10,41,.244,13,18,.722,10,24,34,16,18,6,27,21,149
151,Sean Green,23,UTA,1,0,2,0,1,.000,0,0,,0,0,,0,0,0,0,0,0,0,0,0
152,Tom Gugliotta,24,WSB,78,78,2795,540,1159,.466,40,148,.270,213,311,.685,189,539,728,276,172,51,247,174,1333
153,Andres Guibert,25,MIN,5,0,33,6,20,.300,0,0,,3,6,.500,10,6,16,2,0,1,6,6,15
154,Jay Guidinger,24,CLE,32,0,131,16,32,.500,0,0,,15,21,.714,15,18,33,3,4,5,16,23,47
155,Jack Haley,30,SAS,28,0,94,21,48,.438,0,0,,17,21,.810,6,18,24,1,0,0,10,18,59
156,Geert Hammink,24,ORL,1,0,3,1,3,.333,0,0,,0,0,,1,0,1,1,0,0,0,1,2
157,Tom Hammonds,26,DEN,74,2,877,115,230,.500,0,0,,71,104,.683,62,137,199,34,20,12,41,91,301
158,Anfernee Hardaway,22,ORL,82,82,3015,509,1092,.466,50,187,.267,245,330,.742,192,247,439,544,190,51,292,205,1313
159,Derek Harper,32,TOT,82,55,2204,303,744,.407,73,203,.360,112,163,.687,20,121,141,334,125,8,135,163,791
159,Derek Harper,32,DAL,28,28,893,130,342,.380,37,105,.352,28,50,.560,10,45,55,98,45,4,54,46,325
159,Derek Harper,32,NYK,54,27,1311,173,402,.430,36,98,.367,84,113,.743,10,76,86,236,80,4,81,117,466
160,Ron Harper,30,LAC,75,75,2856,569,1335,.426,71,236,.301,299,418,.715,129,331,460,344,144,54,242,167,1508
Rk,Player,Age,Tm,G,GS,MP,FG,FGA,FG%,3P,3PA,3P%,FT,FTA,FT%,ORB,DRB,TRB,AST,STL,BLK,TOV,PF,PTS
161,Lucious Harris,23,DAL,77,0,1165,162,385,.421,7,33,.212,87,119,.731,45,112,157,106,49,10,78,117,418
162,Tony Harris,26,BOS,5,0,88,9,31,.290,3,9,.333,23,25,.920,3,7,10,8,4,0,6,8,44
163,Antonio Harvey,23,LAL,27,6,247,29,79,.367,0,0,,12,26,.462,26,33,59,5,8,19,17,39,70
164,Scott Haskin,23,IND,27,2,186,21,45,.467,0,0,,13,19,.684,17,38,55,6,2,15,13,33,55
165,Hersey Hawkins,27,CHH,82,82,2648,395,859,.460,78,235,.332,312,362,.862,89,288,377,216,135,22,158,167,1180
166,Skeeter Henry,26,PHO,4,0,15,1,5,.200,0,2,.000,2,4,.500,0,2,2,4,0,0,1,1,4
167,Steve Henson,25,CHH,3,0,17,1,2,.500,1,1,1.000,0,0,,0,1,1,5,0,0,1,3,3
168,Carl Herrera,27,HOU,75,0,1292,142,310,.458,0,0,,69,97,.711,101,184,285,37,32,26,69,159,353
169,Rod Higgins,34,CLE,36,11,547,71,163,.436,22,50,.440,31,42,.738,25,57,82,36,25,14,21,53,195
170,Tyrone Hill,25,CLE,57,20,1447,216,398,.543,0,2,.000,171,256,.668,184,315,499,46,53,35,78,193,603
171,Donald Hodge,24,DAL,50,0,428,46,101,.455,0,0,,44,52,.846,46,49,95,32,15,13,30,66,136
172,Tito Horford,28,WSB,3,0,28,0,2,.000,0,0,,0,0,,1,2,3,0,1,3,1,3,0
173,Jeff Hornacek,30,TOT,80,62,2820,472,1004,.470,70,208,.337,260,296,.878,60,219,279,419,127,13,171,186,1274
173,Jeff Hornacek,30,PHI,53,53,1994,325,715,.455,52,166,.313,178,204,.873,41,171,212,315,95,10,138,115,880
173,Jeff Hornacek,30,UTA,27,9,826,147,289,.509,18,42,.429,82,92,.891,19,48,67,104,32,3,33,71,394
174,Robert Horry,23,HOU,81,81,2370,322,702,.459,44,136,.324,115,157,.732,128,312,440,231,119,75,137,186,803
175,Allan Houston,22,DET,79,20,1519,272,671,.405,35,117,.299,89,108,.824,19,101,120,100,34,13,99,165,668
176,Byron Houston,24,GSW,71,2,866,81,177,.458,1,7,.143,33,54,.611,67,127,194,32,33,31,49,181,196
177,Stephen Howard,23,UTA,9,0,53,10,17,.588,0,0,,11,16,.688,10,6,16,1,1,3,6,13,31
178,Jay Humphries,31,UTA,75,19,1619,233,535,.436,38,96,.396,57,76,.750,35,92,127,219,65,11,95,168,561
179,Lindsey Hunter,23,DET,82,26,2172,335,893,.375,69,207,.333,104,142,.732,47,142,189,390,121,10,184,174,843
180,Bobby Hurley,22,SAC,19,19,499,54,146,.370,2,16,.125,24,30,.800,6,28,34,115,13,1,48,28,134
Rk,Player,Age,Tm,G,GS,MP,FG,FGA,FG%,3P,3PA,3P%,FT,FTA,FT%,ORB,DRB,TRB,AST,STL,BLK,TOV,PF,PTS
181,Jaren Jackson,26,POR,29,0,187,34,87,.391,0,6,.000,12,14,.857,6,11,17,27,4,2,14,20,80
182,Jim Jackson,23,DAL,82,82,3066,637,1432,.445,17,60,.283,285,347,.821,169,219,388,374,87,25,334,161,1576
183,Mark Jackson,28,LAC,79,79,2711,331,732,.452,36,127,.283,167,211,.791,107,241,348,678,120,6,232,115,865
184,Stanley Jackson,23,MIN,17,0,92,17,33,.515,1,5,.200,3,3,1.000,12,15,27,16,5,0,10,13,38
185,Dave Jamerson,26,TOT,5,0,14,0,7,.000,0,0,,2,3,.667,0,4,4,1,0,0,1,0,2
185,Dave Jamerson,26,UTA,1,0,4,0,2,.000,0,0,,1,1,1.000,0,1,1,0,0,0,0,0,1
185,Dave Jamerson,26,NJN,4,0,10,0,5,.000,0,0,,1,2,.500,0,3,3,1,0,0,1,0,1
186,Henry James,28,LAC,12,0,75,16,42,.381,4,18,.222,5,5,1.000,6,8,14,1,2,0,2,9,41
187,Keith Jennings,25,GSW,76,2,1097,138,342,.404,56,151,.371,100,120,.833,16,73,89,218,65,0,74,62,432
188,Chris Jent,24,HOU,3,0,78,13,26,.500,4,11,.364,1,2,.500,4,11,15,7,0,0,5,13,31
189,Avery Johnson,28,GSW,82,70,2332,356,724,.492,0,12,.000,178,253,.704,41,135,176,433,113,8,172,160,890
190,Dave Johnson,23,CHI,17,0,119,17,54,.315,0,1,.000,13,21,.619,9,7,16,4,4,0,9,7,47
191,Eddie Johnson,34,CHH,73,27,1460,339,738,.459,59,150,.393,99,127,.780,80,144,224,125,36,8,84,143,836
192,Ervin Johnson,26,SEA,45,3,280,44,106,.415,0,0,,29,46,.630,48,70,118,7,10,22,24,45,117
193,Frank Johnson,35,PHO,70,5,875,134,299,.448,2,12,.167,54,69,.783,29,53,82,148,41,1,65,120,324
194,Kevin Johnson,27,PHO,67,67,2449,477,980,.487,6,27,.222,380,464,.819,55,112,167,637,125,10,235,127,1340
195,Larry Johnson,24,CHH,51,51,1757,346,672,.515,5,21,.238,137,197,.695,143,305,448,184,29,14,116,131,834
196,Charles Jones,36,DET,42,0,877,36,78,.462,0,1,.000,19,34,.559,89,146,235,29,14,43,12,136,91
197,Popeye Jones,23,DAL,81,48,1773,195,407,.479,0,1,.000,78,107,.729,299,306,605,99,61,31,94,246,468
198,Adonis Jordan,23,DEN,6,0,79,6,23,.261,3,10,.300,0,0,,3,3,6,19,0,1,6,6,15
199,Reggie Jordan,26,LAL,23,0,259,44,103,.427,2,4,.500,35,51,.686,46,21,67,26,14,5,14,26,125
200,Adam Keefe,23,ATL,63,1,763,96,213,.451,0,0,,81,111,.730,77,124,201,34,20,9,60,80,273
Rk,Player,Age,Tm,G,GS,MP,FG,FGA,FG%,3P,3PA,3P%,FT,FTA,FT%,ORB,DRB,TRB,AST,STL,BLK,TOV,PF,PTS
201,Shawn Kemp,24,SEA,79,73,2597,533,990,.538,1,4,.250,364,491,.741,312,539,851,207,142,166,259,312,1431
202,Tim Kempton,30,TOT,13,0,136,15,38,.395,0,0,,9,16,.563,10,14,24,9,6,2,11,33,39
202,Tim Kempton,30,CHH,9,0,103,9,26,.346,0,0,,7,10,.700,6,8,14,6,4,1,4,25,25
202,Tim Kempton,30,CLE,4,0,33,6,12,.500,0,0,,2,6,.333,4,6,10,3,2,1,7,8,14
203,Steve Kerr,28,CHI,82,0,2036,287,577,.497,52,124,.419,83,97,.856,26,105,131,210,75,3,57,97,709
204,Jerome Kersey,31,POR,78,6,1276,203,469,.433,1,8,.125,101,135,.748,130,201,331,75,71,49,63,213,508
205,Alec Kessler,27,MIA,15,0,66,11,25,.440,5,9,.556,6,8,.750,4,6,10,2,1,1,5,14,33
206,Warren Kidd,23,PHI,68,14,884,100,169,.592,0,0,,47,86,.547,76,157,233,19,19,23,44,129,247
207,Chris King,24,SEA,15,0,86,19,48,.396,2,7,.286,15,26,.577,5,10,15,11,4,0,12,12,55
208,Rich King,24,SEA,27,0,78,15,34,.441,0,1,.000,11,22,.500,9,11,20,8,1,2,7,18,41
209,Stacey King,27,TOT,49,30,1053,146,341,.428,0,2,.000,93,136,.684,90,151,241,58,31,42,83,121,385
209,Stacey King,27,CHI,31,15,537,68,171,.398,0,2,.000,36,53,.679,50,82,132,39,18,12,43,64,172
209,Stacey King,27,MIN,18,15,516,78,170,.459,0,0,,57,83,.687,40,69,109,19,13,30,40,57,213
210,Greg Kite,32,ORL,29,0,309,13,35,.371,0,0,,8,22,.364,22,48,70,4,2,12,17,61,34
211,Joe Kleine,32,PHO,74,4,848,125,256,.488,5,11,.455,30,39,.769,50,143,193,45,14,19,35,118,285
212,Negele Knight,26,TOT,65,18,1438,225,475,.474,4,21,.190,141,174,.810,28,75,103,197,34,11,94,121,595
212,Negele Knight,26,PHO,1,0,8,1,4,.250,0,0,,0,0,,0,0,0,0,0,1,0,1,2
212,Negele Knight,26,SAS,64,18,1430,224,471,.476,4,21,.190,141,174,.810,28,75,103,197,34,10,94,120,593
213,Jon Koncak,30,ATL,82,78,1823,159,369,.431,0,3,.000,24,36,.667,83,282,365,102,63,125,44,236,342
214,Larry Krystkowiak,29,ORL,34,11,682,71,148,.480,0,1,.000,31,39,.795,38,85,123,35,14,4,29,74,173
215,Toni Kukoc,25,CHI,75,8,1808,313,726,.431,32,118,.271,156,210,.743,98,199,297,252,81,33,167,122,814
216,Christian Laettner,24,MIN,70,67,2428,396,883,.448,6,25,.240,375,479,.783,160,442,602,307,87,86,259,264,1173
217,Bill Laimbeer,36,DET,11,5,248,47,90,.522,3,9,.333,11,13,.846,9,47,56,14,6,4,10,30,108
218,Andrew Lang,27,ATL,82,0,1608,215,458,.469,1,4,.250,73,106,.689,126,187,313,51,38,87,81,192,504
219,Eric Leckner,27,PHI,71,36,1163,139,286,.486,0,2,.000,84,130,.646,75,207,282,86,18,34,86,190,362
220,Tim Legler,27,DAL,79,0,1322,231,528,.438,52,139,.374,142,169,.840,36,92,128,120,52,13,60,133,656
Rk,Player,Age,Tm,G,GS,MP,FG,FGA,FG%,3P,3PA,3P%,FT,FTA,FT%,ORB,DRB,TRB,AST,STL,BLK,TOV,PF,PTS
221,Jim Les,30,SAC,18,0,169,13,34,.382,8,18,.444,11,13,.846,5,8,13,39,7,1,11,16,45
222,Fat Lever,33,DAL,81,54,1947,227,557,.408,26,74,.351,75,98,.765,83,200,283,213,159,15,88,155,555
223,Marcus Liberty,25,TOT,38,0,285,40,123,.325,10,28,.357,19,39,.487,26,35,61,17,11,4,24,34,109
223,Marcus Liberty,25,DEN,3,0,11,4,7,.571,0,1,.000,1,2,.500,0,5,5,2,0,0,2,5,9
223,Marcus Liberty,25,DET,35,0,274,36,116,.310,10,27,.370,18,37,.486,26,30,56,15,11,4,22,29,100
224,Todd Lichti,27,TOT,13,0,126,20,51,.392,2,2,1.000,16,25,.640,8,14,22,11,7,1,5,16,58
224,Todd Lichti,27,ORL,4,0,20,4,9,.444,0,0,,0,0,,3,1,4,2,2,0,2,3,8
224,Todd Lichti,27,GSW,5,0,58,10,28,.357,2,2,1.000,9,11,.818,3,7,10,3,0,0,0,9,31
224,Todd Lichti,27,BOS,4,0,48,6,14,.429,0,0,,7,14,.500,2,6,8,6,5,1,3,4,19
225,Brad Lohaus,29,MIL,67,2,962,102,281,.363,46,134,.343,20,29,.690,33,117,150,62,30,55,58,142,270
226,Grant Long,27,MIA,69,59,2201,300,672,.446,1,6,.167,187,238,.786,190,305,495,170,89,26,125,244,788
227,Luc Longley,25,TOT,76,46,1502,219,465,.471,0,1,.000,90,125,.720,129,304,433,109,45,79,119,216,528
227,Luc Longley,25,MIN,49,29,989,134,289,.464,0,1,.000,56,80,.700,87,208,295,46,35,58,79,131,324
227,Luc Longley,25,CHI,27,17,513,85,176,.483,0,0,,34,45,.756,42,96,138,63,10,21,40,85,204
228,George Lynch,23,LAL,71,46,1762,291,573,.508,0,5,.000,99,166,.596,220,190,410,96,102,27,87,177,681
229,Malcolm Mackey,23,PHO,22,0,69,14,37,.378,0,2,.000,4,8,.500,12,12,24,1,0,3,2,9,32
230,Don MacLean,24,WSB,75,69,2487,517,1030,.502,3,21,.143,328,398,.824,140,327,467,160,47,22,152,169,1365
231,Mark Macon,24,TOT,42,1,496,69,184,.375,2,10,.200,23,34,.676,18,23,41,51,39,1,40,73,163
231,Mark Macon,24,DEN,7,0,126,14,45,.311,0,3,.000,8,10,.800,3,4,7,11,6,1,14,17,36
231,Mark Macon,24,DET,35,1,370,55,139,.396,2,7,.286,15,24,.625,15,19,34,40,33,0,26,56,127
232,Gerald Madkins,24,CLE,22,0,149,11,31,.355,5,15,.333,8,10,.800,1,10,11,19,9,0,13,16,35
233,Rick Mahorn,35,NJN,28,0,226,23,47,.489,0,1,.000,13,20,.650,16,38,54,5,3,5,7,38,59
234,Dan Majerle,28,PHO,80,76,3207,476,1138,.418,192,503,.382,176,238,.739,120,229,349,275,129,43,137,153,1320
235,Jeff Malone,32,TOT,77,73,2560,525,1081,.486,7,12,.583,205,247,.830,51,148,199,125,40,5,85,123,1262
235,Jeff Malone,32,UTA,50,50,1657,338,692,.488,3,6,.500,129,153,.843,28,87,115,66,26,5,57,77,808
235,Jeff Malone,32,PHI,27,23,903,187,389,.481,4,6,.667,76,94,.809,23,61,84,59,14,0,28,46,454
236,Karl Malone*,30,UTA,82,82,3329,772,1552,.497,8,32,.250,511,736,.694,235,705,940,328,125,126,234,268,2063
237,Moses Malone*,38,PHI,55,0,618,102,232,.440,0,1,.000,90,117,.769,106,120,226,34,11,17,59,52,294
238,Danny Manning,27,TOT,68,66,2520,586,1201,.488,3,17,.176,228,341,.669,131,334,465,261,99,82,233,260,1403
238,Danny Manning,27,LAC,42,41,1595,409,829,.493,2,14,.143,174,258,.674,82,214,296,176,53,57,147,167,994
238,Danny Manning,27,ATL,26,25,925,177,372,.476,1,3,.333,54,83,.651,49,120,169,85,46,25,86,93,409
239,Roy Marble,27,DEN,5,0,32,2,12,.167,0,0,,0,3,.000,3,5,8,1,0,2,3,1,4
240,Bob Martin,24,LAC,53,1,535,40,88,.455,0,0,,31,51,.608,36,81,117,17,8,33,29,106,111
Rk,Player,Age,Tm,G,GS,MP,FG,FGA,FG%,3P,3PA,3P%,FT,FTA,FT%,ORB,DRB,TRB,AST,STL,BLK,TOV,PF,PTS
241,Jamal Mashburn,21,DAL,79,73,2896,561,1382,.406,85,299,.284,306,438,.699,107,246,353,266,89,14,245,205,1513
242,Anthony Mason,27,NYK,73,12,1903,206,433,.476,0,1,.000,116,161,.720,158,269,427,151,31,9,107,190,528
243,Marlon Maxey,24,MIN,55,2,626,89,167,.533,0,2,.000,70,98,.714,75,124,199,10,16,33,40,113,248
244,Vernon Maxwell,28,HOU,75,73,2571,380,976,.389,120,403,.298,143,191,.749,42,187,229,380,125,20,185,143,1023
245,Lee Mayberry,23,MIL,82,6,1472,167,402,.415,41,119,.345,58,84,.690,26,75,101,215,46,4,97,114,433
246,Xavier McDaniel,30,BOS,82,5,1971,387,839,.461,10,41,.244,144,213,.676,142,258,400,126,48,39,116,193,928
247,Derrick McKey,27,IND,76,75,2613,355,710,.500,9,31,.290,192,254,.756,129,273,402,327,111,49,228,248,911
248,Nate McMillan,29,SEA,73,8,1887,177,396,.447,52,133,.391,31,55,.564,50,233,283,387,216,22,126,201,437
249,Darnell Mee,22,DEN,38,0,285,28,88,.318,5,24,.208,12,27,.444,17,18,35,16,15,13,18,34,73
250,Oliver Miller,23,PHO,69,30,1786,277,455,.609,2,9,.222,80,137,.584,140,336,476,244,83,156,164,230,636
251,Reggie Miller*,28,IND,79,79,2638,524,1042,.503,123,292,.421,403,444,.908,30,182,212,248,119,24,175,193,1574
252,Chris Mills,24,CLE,79,18,2022,284,677,.419,38,122,.311,137,176,.778,134,267,401,128,54,50,89,232,743
253,Terry Mills,26,DET,80,74,2773,588,1151,.511,24,73,.329,181,227,.797,193,479,672,177,64,62,153,309,1381
254,Harold Miner,22,MIA,63,31,1358,254,532,.477,4,6,.667,149,180,.828,75,81,156,95,31,13,95,132,661
255,Sam Mitchell,30,IND,75,18,1084,140,306,.458,0,5,.000,82,110,.745,71,119,190,65,33,9,50,152,362
256,Tracy Moore,28,DET,3,0,10,2,3,.667,0,0,,2,2,1.000,0,1,1,0,2,0,0,0,6
257,Darren Morningstar,24,TOT,23,15,367,39,82,.476,0,0,,18,30,.600,31,50,81,15,14,2,19,70,96
257,Darren Morningstar,24,DAL,22,15,363,38,81,.469,0,0,,18,30,.600,31,49,80,15,14,2,19,69,94
257,Darren Morningstar,24,UTA,1,0,4,1,1,1.000,0,0,,0,0,,0,1,1,0,0,0,0,1,2
258,Chris Morris,28,NJN,50,27,1349,203,454,.447,53,147,.361,85,118,.720,91,137,228,83,55,49,52,120,544
259,Alonzo Mourning,23,CHH,60,59,2018,427,845,.505,0,2,.000,433,568,.762,177,433,610,86,27,188,199,207,1287
260,Chris Mullin*,30,GSW,62,39,2324,410,869,.472,55,151,.364,165,219,.753,64,281,345,315,107,53,178,114,1040
Rk,Player,Age,Tm,G,GS,MP,FG,FGA,FG%,3P,3PA,3P%,FT,FTA,FT%,ORB,DRB,TRB,AST,STL,BLK,TOV,PF,PTS
261,Eric Murdock,25,MIL,82,76,2533,477,1019,.468,69,168,.411,234,288,.813,91,170,261,546,197,12,206,189,1257
262,Gheorghe Muresan,22,WSB,54,2,650,128,235,.545,0,0,,48,71,.676,66,126,192,18,28,48,54,120,304
263,Tod Murphy,30,TOT,9,0,67,6,12,.500,0,0,,3,6,.500,4,6,10,4,2,0,1,10,15
263,Tod Murphy,30,DET,7,0,57,6,12,.500,0,0,,3,6,.500,4,5,9,3,2,0,1,8,15
263,Tod Murphy,30,GSW,2,0,10,0,0,,0,0,,0,0,,0,1,1,1,0,0,0,2,0
264,Tracy Murray,22,POR,66,1,820,167,355,.470,50,109,.459,50,72,.694,43,68,111,31,21,20,37,76,434
265,Jerrod Mustaf,24,PHO,33,2,196,30,84,.357,0,0,,13,22,.591,20,35,55,8,4,5,10,29,73
266,Dikembe Mutombo,27,DEN,82,82,2853,365,642,.569,0,1,.000,256,439,.583,286,685,971,127,59,336,206,262,986
267,Pete Myers,30,CHI,82,81,2030,253,556,.455,8,29,.276,136,194,.701,54,127,181,245,78,20,136,195,650
268,Larry Nance,34,CLE,33,19,909,153,314,.487,0,0,,64,85,.753,77,150,227,49,27,55,38,96,370
269,Chuck Nevitt,34,SAS,1,0,1,0,0,,0,0,,3,6,.500,1,0,1,0,0,0,1,1,3
270,Johnny Newman,30,TOT,81,18,1697,313,664,.471,24,90,.267,182,225,.809,86,94,180,72,69,27,90,196,832
270,Johnny Newman,30,CHH,18,18,429,91,174,.523,4,16,.250,48,59,.814,21,37,58,29,18,5,28,44,234
270,Johnny Newman,30,NJN,63,0,1268,222,490,.453,20,74,.270,134,166,.807,65,57,122,43,51,22,62,152,598
271,Ken Norman,29,MIL,82,75,2539,412,919,.448,63,189,.333,92,183,.503,169,331,500,222,58,46,150,209,979
272,Shaquille O'Neal,21,ORL,81,81,3224,953,1591,.599,0,2,.000,471,850,.554,384,688,1072,195,76,231,222,281,2377
273,Dan O'Sullivan,25,DET,13,0,56,4,12,.333,0,0,,9,12,.750,2,8,10,3,0,0,3,10,17
274,Charles Oakley,30,NYK,82,82,2932,363,760,.478,0,3,.000,243,313,.776,349,616,965,218,110,18,193,293,969
275,Hakeem Olajuwon*,31,HOU,80,80,3277,894,1694,.528,8,19,.421,388,542,.716,229,726,955,287,128,297,271,289,2184
276,Jimmy Oliver,24,BOS,44,6,540,89,214,.416,13,32,.406,25,33,.758,8,38,46,33,16,1,21,39,216
277,Bo Outlaw,22,LAC,37,14,871,98,167,.587,0,2,.000,61,103,.592,81,131,212,36,36,37,31,94,257
278,Doug Overton,24,WSB,61,1,749,87,216,.403,1,11,.091,43,52,.827,19,50,69,92,21,1,54,48,218
279,Billy Owens,24,GSW,79,72,2738,492,971,.507,3,15,.200,199,326,.610,230,410,640,326,83,60,214,269,1186
280,Robert Pack,24,DEN,66,4,1382,223,503,.443,6,29,.207,179,236,.758,25,98,123,356,81,9,204,147,631
Rk,Player,Age,Tm,G,GS,MP,FG,FGA,FG%,3P,3PA,3P%,FT,FTA,FT%,ORB,DRB,TRB,AST,STL,BLK,TOV,PF,PTS
281,Gerald Paddio,28,TOT,18,1,137,22,60,.367,0,1,.000,9,16,.563,5,11,16,11,4,0,6,9,53
281,Gerald Paddio,28,IND,7,1,55,9,23,.391,0,0,,1,2,.500,0,5,5,4,1,0,4,2,19
281,Gerald Paddio,28,NYK,3,0,8,2,5,.400,0,0,,0,0,,0,0,0,0,0,0,0,3,4
281,Gerald Paddio,28,WSB,8,0,74,11,32,.344,0,1,.000,8,14,.571,5,6,11,7,3,0,2,4,30
282,Robert Parish*,40,BOS,74,74,1987,356,725,.491,0,0,,154,208,.740,141,401,542,82,42,96,108,190,866
283,John Paxson,33,CHI,27,0,343,30,68,.441,9,22,.409,1,2,.500,3,17,20,33,7,2,6,18,70
284,Gary Payton,25,SEA,82,82,2881,584,1159,.504,15,54,.278,166,279,.595,105,164,269,494,188,19,173,227,1349
285,Anthony Peeler,24,LAL,30,30,923,176,409,.430,14,63,.222,57,71,.803,48,61,109,94,43,8,59,93,423
286,Mike Peplowski,23,SAC,55,19,667,76,141,.539,0,1,.000,24,44,.545,49,120,169,24,17,25,34,131,176
287,Will Perdue,28,CHI,43,6,397,47,112,.420,0,1,.000,23,32,.719,40,86,126,34,8,11,42,61,117
288,Sam Perkins,32,SEA,81,41,2170,341,779,.438,99,270,.367,218,272,.801,120,246,366,111,67,31,103,197,999
289,Elliot Perry,24,PHO,27,9,432,42,113,.372,0,3,.000,21,28,.750,12,27,39,125,25,1,43,36,105
290,Tim Perry,28,PHI,80,68,2336,272,625,.435,73,200,.365,102,176,.580,117,287,404,94,60,82,80,154,719
291,Chuck Person,29,MIN,77,38,2029,356,843,.422,100,272,.368,82,108,.759,55,198,253,185,45,12,121,164,894
292,Richard Petruska,25,HOU,22,0,92,20,46,.435,7,15,.467,6,8,.750,9,22,31,1,2,3,15,15,53
293,Bobby Phills,24,CLE,72,53,1531,242,514,.471,1,12,.083,113,157,.720,71,141,212,133,67,12,63,135,598
294,Ricky Pierce,34,SEA,51,0,1022,272,577,.471,6,32,.188,189,211,.896,29,54,83,91,42,5,64,84,739
295,Ed Pinckney,30,BOS,76,35,1524,151,289,.522,0,0,,92,125,.736,160,318,478,62,58,44,62,131,394
296,Scottie Pippen*,28,CHI,72,72,2759,627,1278,.491,63,197,.320,270,409,.660,173,456,629,403,211,58,232,227,1587
297,Olden Polynice,29,TOT,68,65,2402,346,662,.523,0,2,.000,97,191,.508,299,510,809,41,42,67,78,189,789
297,Olden Polynice,29,DET,37,36,1350,222,406,.547,0,1,.000,42,92,.457,148,308,456,22,24,36,49,108,486
297,Olden Polynice,29,SAC,31,29,1052,124,256,.484,0,1,.000,55,99,.556,151,202,353,19,18,31,29,81,303
298,Terry Porter,30,POR,77,34,2074,348,836,.416,110,282,.390,204,234,.872,45,170,215,401,79,18,166,132,1010
299,Brent Price,25,WSB,65,13,1035,141,326,.433,50,150,.333,68,87,.782,31,59,90,213,55,2,119,114,400
300,Mark Price,29,CLE,76,73,2386,480,1005,.478,118,297,.397,238,268,.888,39,189,228,589,103,11,189,93,1316
Rk,Player,Age,Tm,G,GS,MP,FG,FGA,FG%,3P,3PA,3P%,FT,FTA,FT%,ORB,DRB,TRB,AST,STL,BLK,TOV,PF,PTS
301,Dino Radja,26,BOS,80,47,2303,491,942,.521,0,1,.000,226,301,.751,191,386,577,114,70,67,149,276,1208
302,Kurt Rambis,35,LAL,50,1,635,59,114,.518,0,1,.000,46,71,.648,84,105,189,32,22,23,26,89,164
303,Mark Randall,26,DEN,28,0,155,17,50,.340,2,14,.143,22,28,.786,9,13,22,11,8,3,10,18,58
304,J.R. Reid,25,SAS,70,11,1344,260,530,.491,0,3,.000,107,153,.699,91,129,220,73,43,25,84,165,627
305,Glen Rice,26,MIA,81,81,2999,663,1421,.467,132,346,.382,250,284,.880,76,358,434,184,110,32,130,186,1708
306,Pooh Richardson,27,IND,37,25,1022,160,354,.452,3,12,.250,47,77,.610,28,82,110,237,32,3,88,78,370
307,Mitch Richmond,28,SAC,78,78,2897,635,1428,.445,127,312,.407,426,511,.834,70,216,286,313,103,17,216,211,1823
308,Isaiah Rider,22,MIN,79,60,2415,522,1115,.468,54,150,.360,215,265,.811,118,197,315,202,54,28,218,194,1313
309,Eric Riley,23,HOU,47,2,219,34,70,.486,0,1,.000,20,37,.541,24,35,59,9,5,9,15,30,88
310,Doc Rivers,32,NYK,19,19,499,55,127,.433,19,52,.365,14,22,.636,4,35,39,100,25,5,29,44,143
311,Stanley Roberts,23,LAC,14,14,350,43,100,.430,0,0,,18,44,.409,27,66,93,11,6,25,24,54,104
312,Clifford Robinson,27,POR,82,64,2853,641,1404,.457,13,53,.245,352,460,.765,164,386,550,159,118,111,169,263,1647
313,David Robinson*,28,SAS,80,80,3241,840,1658,.507,10,29,.345,693,925,.749,241,614,855,381,139,265,253,228,2383
314,James Robinson,23,POR,58,3,673,104,285,.365,23,73,.315,45,67,.672,34,44,78,68,30,15,52,69,276
315,Larry Robinson,26,HOU,6,0,55,10,20,.500,2,8,.250,3,8,.375,4,6,10,6,7,0,10,8,25
316,Rumeal Robinson,27,TOT,31,0,396,55,152,.362,8,20,.400,13,29,.448,6,26,32,63,18,3,43,48,131
316,Rumeal Robinson,27,NJN,17,0,301,42,119,.353,7,15,.467,10,20,.500,4,20,24,45,15,3,25,33,101
316,Rumeal Robinson,27,CHH,14,0,95,13,33,.394,1,5,.200,3,9,.333,2,6,8,18,3,0,18,15,30
317,Dennis Rodman*,32,SAS,79,51,2989,156,292,.534,5,24,.208,53,102,.520,453,914,1367,184,52,32,138,229,370
318,Rodney Rogers,22,DEN,79,14,1406,239,545,.439,35,92,.380,127,189,.672,90,136,226,101,63,48,131,195,640
319,Tree Rollins,38,ORL,45,1,384,29,53,.547,0,0,,18,30,.600,33,63,96,9,7,35,13,55,76
320,Sean Rooks,24,DAL,47,28,1255,193,393,.491,0,1,.000,150,210,.714,84,175,259,49,21,44,80,109,536
Rk,Player,Age,Tm,G,GS,MP,FG,FGA,FG%,3P,3PA,3P%,FT,FTA,FT%,ORB,DRB,TRB,AST,STL,BLK,TOV,PF,PTS
321,Donald Royal,27,ORL,74,0,1357,174,347,.501,0,2,.000,199,269,.740,94,154,248,61,50,16,76,121,547
322,Bryon Russell,23,UTA,67,48,1121,135,279,.484,2,22,.091,62,101,.614,61,120,181,54,68,19,55,138,334
323,John Salley,29,MIA,76,45,1910,208,436,.477,2,3,.667,164,225,.729,132,275,407,135,56,78,94,260,582
324,Danny Schayes,34,TOT,36,6,363,28,84,.333,0,0,,29,32,.906,31,48,79,13,10,10,23,45,85
324,Danny Schayes,34,MIL,23,6,230,14,46,.304,0,0,,21,22,.955,16,29,45,5,5,8,14,27,49
324,Danny Schayes,34,LAL,13,0,133,14,38,.368,0,0,,8,10,.800,15,19,34,8,5,2,9,18,36
325,Steve Scheffler,26,SEA,35,1,152,28,46,.609,0,0,,19,20,.950,11,15,26,6,7,0,8,25,75
326,Dwayne Schintzius,25,NJN,30,7,319,29,84,.345,0,0,,10,17,.588,26,63,89,13,7,17,13,49,68
327,Detlef Schrempf,31,SEA,81,80,2728,445,903,.493,22,68,.324,300,390,.769,144,310,454,275,73,9,173,273,1212
328,Byron Scott,32,IND,67,2,1197,256,548,.467,27,74,.365,157,195,.805,19,91,110,133,62,9,103,80,696
329,Dennis Scott,25,ORL,82,37,2283,384,949,.405,155,388,.399,123,159,.774,54,164,218,216,81,32,93,161,1046
330,Malik Sealy,23,IND,43,6,623,111,274,.405,4,16,.250,59,87,.678,43,75,118,48,31,8,51,84,285
331,Rony Seikaly,28,MIA,72,60,2410,392,803,.488,0,2,.000,304,422,.720,244,496,740,136,59,100,195,279,1088
332,Brian Shaw,27,MIA,77,52,2037,278,667,.417,73,216,.338,64,89,.719,104,246,350,385,71,21,173,195,693
333,Lionel Simmons,25,SAC,75,74,2702,436,996,.438,6,17,.353,251,323,.777,168,394,562,305,104,50,183,189,1129
334,Scott Skiles,29,ORL,82,46,2303,276,644,.429,68,165,.412,195,222,.878,42,147,189,503,47,2,193,171,815
335,Charles Smith,28,NYK,43,21,1105,176,397,.443,8,16,.500,87,121,.719,66,99,165,50,26,45,64,144,447
336,Chris Smith,23,MIN,80,16,1617,184,423,.435,10,39,.256,95,141,.674,15,107,122,285,38,18,101,131,473
337,Doug Smith,24,DAL,79,42,1684,295,678,.435,2,9,.222,106,127,.835,114,235,349,119,82,38,93,287,698
338,Kenny Smith,28,HOU,78,78,2209,341,711,.480,89,220,.405,135,155,.871,24,114,138,327,59,4,126,121,906
339,LaBradford Smith,24,TOT,66,2,877,124,306,.405,21,60,.350,63,84,.750,34,50,84,109,40,5,50,96,332
339,LaBradford Smith,24,WSB,7,0,48,8,18,.444,0,0,,15,20,.750,5,3,8,5,3,1,1,8,31
339,LaBradford Smith,24,SAC,59,2,829,116,288,.403,21,60,.350,48,64,.750,29,47,76,104,37,4,49,88,301
340,Reggie Smith,23,POR,43,9,316,29,72,.403,0,0,,18,38,.474,40,59,99,4,12,6,12,47,76
Rk,Player,Age,Tm,G,GS,MP,FG,FGA,FG%,3P,3PA,3P%,FT,FTA,FT%,ORB,DRB,TRB,AST,STL,BLK,TOV,PF,PTS
341,Steve Smith,24,MIA,78,77,2776,491,1076,.456,91,262,.347,273,327,.835,156,196,352,394,84,35,202,217,1346
342,Tony Smith,25,LAL,73,31,1617,272,617,.441,16,50,.320,85,119,.714,106,89,195,148,59,14,76,128,645
343,Rik Smits,27,IND,78,75,2113,493,923,.534,0,1,.000,238,300,.793,135,348,483,156,49,82,151,281,1224
344,Andre Spencer,29,TOT,28,1,349,52,118,.441,0,0,,55,77,.714,30,43,73,22,19,7,21,43,159
344,Andre Spencer,29,GSW,5,1,63,9,18,.500,0,0,,3,4,.750,4,8,12,3,1,2,2,6,21
344,Andre Spencer,29,SAC,23,0,286,43,100,.430,0,0,,52,73,.712,26,35,61,19,18,5,19,37,138
345,Elmore Spencer,24,LAC,76,63,1930,288,540,.533,0,2,.000,97,162,.599,96,319,415,75,30,127,168,208,673
346,Felton Spencer,26,UTA,79,79,2210,256,507,.505,0,0,,165,272,.607,235,423,658,43,41,67,127,304,677
347,Latrell Sprewell,23,GSW,82,82,3533,613,1417,.433,141,391,.361,353,456,.774,80,321,401,385,180,76,226,158,1720
348,John Starks,28,NYK,59,54,2057,410,977,.420,113,337,.335,187,248,.754,37,148,185,348,95,6,184,191,1120
349,Larry Stewart,25,WSB,3,0,35,3,8,.375,0,0,,7,10,.700,1,6,7,2,2,1,2,4,13
350,Bryant Stith,23,DEN,82,82,2853,365,811,.450,2,9,.222,291,351,.829,119,230,349,199,116,16,131,165,1023
351,John Stockton*,31,UTA,82,82,2969,458,868,.528,48,149,.322,272,338,.805,72,186,258,1031,199,22,266,236,1236
352,Rod Strickland,27,POR,82,58,2889,528,1093,.483,2,10,.200,353,471,.749,122,248,370,740,147,24,257,171,1411
353,Derek Strong,25,MIL,67,11,1131,141,341,.413,3,13,.231,159,206,.772,109,172,281,48,38,14,61,69,444
354,Isiah Thomas*,32,DET,58,56,1750,318,763,.417,39,126,.310,181,258,.702,46,113,159,399,68,6,202,126,856
355,Kevin Thompson,22,POR,14,0,58,6,14,.429,0,1,.000,1,2,.500,7,6,13,3,0,2,5,11,13
356,LaSalle Thompson,32,IND,30,1,282,27,77,.351,0,0,,16,30,.533,26,49,75,16,10,8,23,59,70
357,Otis Thorpe,31,HOU,82,82,2909,449,801,.561,0,2,.000,251,382,.657,271,599,870,189,66,28,185,253,1149
358,Sedale Threatt,32,LAL,81,20,2278,411,852,.482,5,33,.152,138,155,.890,28,125,153,344,110,19,106,186,965
359,Wayman Tisdale,29,SAC,79,77,2557,552,1102,.501,0,0,,215,266,.808,159,401,560,139,37,52,124,290,1319
360,Tom Tolbert,28,LAC,49,6,640,74,177,.418,6,16,.375,33,45,.733,36,72,108,30,13,15,39,61,187
Rk,Player,Age,Tm,G,GS,MP,FG,FGA,FG%,3P,3PA,3P%,FT,FTA,FT%,ORB,DRB,TRB,AST,STL,BLK,TOV,PF,PTS
361,Sedric Toney,31,CLE,12,0,64,2,12,.167,0,1,.000,2,2,1.000,1,2,3,11,0,0,5,8,6
362,Keith Tower,23,ORL,11,0,32,4,9,.444,0,0,,0,0,,0,6,6,1,0,0,0,6,8
363,Jeff Turner,31,ORL,68,51,1536,199,426,.467,18,55,.327,35,45,.778,79,192,271,60,23,11,75,239,451
364,Nick Van Exel,22,LAL,81,80,2700,413,1049,.394,123,364,.338,150,192,.781,47,191,238,466,85,8,145,154,1099
365,Loy Vaught,25,LAC,75,56,2118,373,695,.537,0,5,.000,131,182,.720,218,438,656,74,76,22,96,221,877
366,Kenny Walker,29,WSB,73,5,1397,132,274,.482,0,3,.000,87,125,.696,118,171,289,33,26,59,44,156,351
367,Rex Walters,23,NJN,48,0,386,60,115,.522,14,28,.500,28,34,.824,6,32,38,71,15,3,30,41,162
368,Clarence Weatherspoon,23,PHI,82,82,3147,602,1246,.483,4,17,.235,298,430,.693,254,578,832,192,100,116,195,152,1506
369,Spud Webb,30,SAC,79,62,2567,373,810,.460,55,164,.335,204,251,.813,44,178,222,528,93,23,168,182,1005
370,Chris Webber,20,GSW,76,76,2438,572,1037,.552,0,14,.000,189,355,.532,305,389,694,272,93,164,206,247,1333
371,Bill Wennington,30,CHI,76,0,1371,235,482,.488,0,2,.000,72,88,.818,117,236,353,70,43,29,75,214,542
372,Matt Wenstrom,23,BOS,11,0,37,6,10,.600,0,0,,6,10,.600,6,6,12,0,0,2,4,7,18
373,David Wesley,23,NJN,60,0,542,64,174,.368,11,47,.234,44,53,.830,10,34,44,123,38,4,52,47,183
374,Doug West,26,MIN,72,61,2182,434,891,.487,1,8,.125,187,231,.810,61,170,231,172,65,24,137,236,1056
375,Mark West,33,PHO,82,50,1236,162,286,.566,0,0,,58,116,.500,112,183,295,33,31,109,74,214,382
376,Ennis Whatley,31,ATL,82,1,1004,120,236,.508,0,6,.000,52,66,.788,22,77,99,181,59,2,78,93,292
377,Randy White,26,DAL,18,3,320,45,112,.402,6,20,.300,19,33,.576,30,53,83,11,10,10,18,46,115
378,Chris Whitney,22,SAS,40,4,339,25,82,.305,10,30,.333,12,15,.800,5,24,29,53,11,1,37,53,72
379,Morlon Wiley,27,TOT,16,0,158,9,29,.310,3,10,.300,0,0,,0,10,10,23,15,0,17,21,21
379,Morlon Wiley,27,MIA,4,0,34,3,8,.375,1,4,.250,0,0,,0,4,4,7,2,0,6,4,7
379,Morlon Wiley,27,DAL,12,0,124,6,21,.286,2,6,.333,0,0,,0,6,6,16,13,0,11,17,14
380,Dominique Wilkins*,34,TOT,74,74,2635,698,1588,.440,85,295,.288,442,522,.847,182,299,481,169,92,30,172,126,1923
380,Dominique Wilkins*,34,ATL,49,49,1687,430,996,.432,61,198,.308,275,322,.854,119,186,305,114,63,22,120,87,1196
380,Dominique Wilkins*,34,LAC,25,25,948,268,592,.453,24,97,.247,167,200,.835,63,113,176,55,29,8,52,39,727
Rk,Player,Age,Tm,G,GS,MP,FG,FGA,FG%,3P,3PA,3P%,FT,FTA,FT%,ORB,DRB,TRB,AST,STL,BLK,TOV,PF,PTS
381,Gerald Wilkins,30,CLE,82,82,2768,446,975,.457,84,212,.396,194,250,.776,106,197,303,255,105,38,131,186,1170
382,Aaron Williams,22,UTA,6,0,12,2,8,.250,0,0,,0,1,.000,1,2,3,1,0,0,1,4,4
383,Buck Williams,33,POR,81,81,2636,291,524,.555,0,1,.000,201,296,.679,315,528,843,80,58,47,111,239,783
384,Corey Williams,23,MIN,4,0,46,5,13,.385,0,1,.000,1,1,1.000,1,5,6,6,2,0,2,6,11
385,Herb Williams,35,NYK,70,3,774,103,233,.442,0,1,.000,27,42,.643,56,126,182,28,18,43,39,108,233
386,Hot Rod Williams,31,CLE,76,72,2660,394,825,.478,0,0,,252,346,.728,207,368,575,193,78,130,139,219,1040
387,Jayson Williams,25,NJN,70,0,877,125,293,.427,0,0,,72,119,.605,109,154,263,26,17,36,35,140,322
388,John Williams,27,LAC,34,6,725,81,188,.431,5,20,.250,24,36,.667,37,90,127,97,25,10,35,85,191
389,Kenny Williams,24,IND,68,1,982,191,391,.488,0,4,.000,45,64,.703,93,112,205,52,24,49,45,99,427
390,Lorenzo Williams,24,TOT,38,11,716,49,110,.445,0,1,.000,12,28,.429,95,122,217,25,18,46,22,92,110
390,Lorenzo Williams,24,ORL,3,0,19,1,6,.167,0,1,.000,0,0,,3,1,4,2,2,3,0,3,2
390,Lorenzo Williams,24,CHH,1,0,19,0,1,.000,0,0,,0,0,,0,4,4,0,1,2,1,2,0
390,Lorenzo Williams,24,DAL,34,11,678,48,103,.466,0,0,,12,28,.429,92,117,209,23,15,41,21,87,108
391,Micheal Williams,27,MIN,71,66,2206,314,687,.457,10,45,.222,333,397,.839,67,154,221,512,118,24,203,193,971
392,Reggie Williams,29,DEN,82,68,2654,418,1014,.412,64,230,.278,165,225,.733,98,294,392,300,117,66,163,288,1065
393,Scott Williams,25,CHI,38,11,638,114,236,.483,1,5,.200,60,98,.612,69,112,181,39,16,21,44,112,289
394,Walt Williams,23,SAC,57,4,1356,226,580,.390,38,132,.288,148,233,.635,71,164,235,132,52,23,145,200,638
395,Kevin Willis,31,ATL,80,80,2867,627,1257,.499,9,24,.375,268,376,.713,335,628,963,150,79,38,188,250,1531
396,Trevor Wilson,25,TOT,57,13,1221,187,388,.482,0,2,.000,92,166,.554,120,153,273,72,38,11,93,123,466
396,Trevor Wilson,25,LAL,5,4,126,19,39,.487,0,0,,13,25,.520,12,16,28,12,5,1,6,17,51
396,Trevor Wilson,25,SAC,52,9,1095,168,349,.481,0,2,.000,79,141,.560,108,137,245,60,33,10,87,106,415
397,David Wingate,30,CHH,50,36,1005,136,283,.481,4,12,.333,34,51,.667,30,104,134,104,42,6,53,85,310
398,David Wood,29,DET,78,3,1182,119,259,.459,22,49,.449,62,82,.756,104,135,239,51,39,19,35,201,322
399,Randy Woods,23,LAC,40,0,352,49,133,.368,27,78,.346,20,35,.571,13,16,29,71,24,2,34,40,145
400,Orlando Woolridge,34,PHI,74,1,1955,364,773,.471,1,14,.071,208,302,.689,103,195,298,139,41,56,142,186,937
Rk,Player,Age,Tm,G,GS,MP,FG,FGA,FG%,3P,3PA,3P%,FT,FTA,FT%,ORB,DRB,TRB,AST,STL,BLK,TOV,PF,PTS
401,Haywoode Workman,28,IND,65,52,1714,195,460,.424,18,56,.321,93,116,.802,32,172,204,404,85,4,151,152,501
402,James Worthy*,32,LAL,80,2,1597,340,838,.406,32,111,.288,100,135,.741,48,133,181,154,45,18,97,80,812
403,Luther Wright,22,UTA,15,2,92,8,23,.348,0,1,.000,3,4,.750,6,4,10,0,1,2,6,21,19