Rk,Player,Age,Tm,G,GS,MP,FG,FGA,FG%,3P,3PA,3P%,FT,FTA,FT%,ORB,DRB,TRB,AST,STL,BLK,TOV,PF,PTS
1,Tariq Abdul-Wahad,24,SAC,49,49,1205,177,407,.435,6,21,.286,94,136,.691,72,114,186,50,50,16,70,121,454
2,Shareef Abdur-Rahim,22,VAN,50,50,2021,386,893,.432,11,36,.306,369,439,.841,114,260,374,172,69,55,186,137,1152
3,Cory Alexander,25,DEN,36,4,778,97,260,.373,30,105,.286,37,44,.841,7,67,74,119,35,5,69,77,261
4,Ray Allen,23,MIL,50,50,1719,303,673,.450,74,208,.356,176,195,.903,57,155,212,178,53,7,122,117,856
5,Peter Aluma,25,SAC,2,0,5,1,2,.500,0,0,,0,0,,1,1,2,0,1,1,2,4,2
6,Derek Anderson,24,CLE,38,13,978,125,314,.398,21,69,.304,138,165,.836,20,89,109,145,48,4,82,73,409
7,Kenny Anderson,28,BOS,34,33,1010,161,357,.451,6,24,.250,84,101,.832,24,79,103,193,33,2,71,78,412
8,Nick Anderson,31,ORL,47,39,1581,253,640,.395,96,277,.347,99,162,.611,51,226,277,91,64,15,83,72,701
9,Shandon Anderson,25,UTA,50,2,1072,162,363,.446,14,41,.341,89,125,.712,49,83,132,56,39,10,66,89,427
10,Chris Anstey,24,DAL,41,4,470,50,139,.360,0,7,.000,34,48,.708,35,62,97,27,18,13,26,98,134
11,Greg Anthony,31,POR,50,0,806,104,251,.414,49,125,.392,62,89,.697,14,49,63,100,66,3,55,75,319
12,B.J. Armstrong,31,TOT,32,1,358,40,88,.455,7,15,.467,18,21,.857,2,37,39,61,12,0,25,31,105
12,B.J. Armstrong,31,CHH,10,1,178,21,43,.488,6,8,.750,9,10,.900,1,15,16,27,3,0,10,16,57
12,B.J. Armstrong,31,ORL,22,0,180,19,45,.422,1,7,.143,9,11,.818,1,22,23,34,9,0,15,15,48
13,Darrell Armstrong,30,ORL,50,15,1502,230,522,.441,69,189,.365,161,178,.904,53,127,180,335,108,4,158,90,690
14,Keith Askins,31,MIA,33,13,415,20,62,.323,8,29,.276,5,8,.625,10,34,44,10,17,3,13,58,53
15,Stacey Augmon,30,POR,48,21,874,78,174,.448,0,2,.000,52,76,.684,47,78,125,58,57,18,30,81,208
16,Isaac Austin,29,ORL,49,49,1259,185,453,.408,2,7,.286,105,157,.669,83,154,237,89,47,35,114,125,477
17,Anthony Avent,29,UTA,5,0,44,4,13,.308,0,0,,1,2,.500,8,4,12,1,2,0,7,6,9
18,Thurl Bailey,37,UTA,43,0,543,78,175,.446,0,2,.000,25,34,.735,36,58,94,26,9,28,27,78,181
19,Toby Bailey,23,PHO,27,10,249,34,86,.395,1,5,.200,9,13,.692,24,30,54,13,9,2,11,24,78
20,LaMark Baker,29,TOR,1,0,2,0,1,.000,0,0,,0,0,,0,0,0,0,0,0,1,0,0
Rk,Player,Age,Tm,G,GS,MP,FG,FGA,FG%,3P,3PA,3P%,FT,FTA,FT%,ORB,DRB,TRB,AST,STL,BLK,TOV,PF,PTS
21,Vin Baker,27,SEA,34,31,1162,198,437,.453,0,3,.000,72,160,.450,86,125,211,56,32,34,76,121,468
22,Charles Barkley*,35,HOU,42,40,1526,240,502,.478,4,25,.160,192,267,.719,167,349,516,192,43,13,100,89,676
23,Dana Barros,31,BOS,50,16,1156,168,371,.453,64,160,.400,64,73,.877,16,89,105,208,52,5,88,64,464
24,Brent Barry,27,CHI,37,30,1181,141,356,.396,52,172,.302,78,101,.772,39,105,144,116,42,11,72,98,412
25,Drew Barry,25,SEA,17,0,183,10,32,.313,8,24,.333,9,13,.692,3,17,20,29,7,1,12,24,37
26,Jon Barry,29,SAC,43,0,736,59,138,.428,24,79,.304,71,84,.845,25,71,96,112,53,5,47,61,213
27,Tony Battie,22,BOS,50,15,1121,147,283,.519,0,3,.000,41,61,.672,96,204,300,53,29,71,45,159,335
28,Corey Beck,27,TOT,24,0,180,18,39,.462,1,1,1.000,8,15,.533,6,22,28,20,9,2,13,26,45
28,Corey Beck,27,DET,8,0,30,4,8,.500,0,0,,2,2,1.000,3,2,5,0,2,0,2,5,10
28,Corey Beck,27,CHH,16,0,150,14,31,.452,1,1,1.000,6,13,.462,3,20,23,20,7,2,11,21,35
29,Benoit Benjamin,34,PHI,6,0,33,2,7,.286,0,0,,0,0,,3,5,8,1,0,0,3,6,4
30,Corey Benjamin,20,CHI,31,1,320,44,117,.376,3,14,.214,27,40,.675,15,25,40,10,11,8,21,46,118
31,Mario Bennett,25,CHI,3,0,19,2,6,.333,0,0,,3,4,.750,2,3,5,0,1,0,1,4,7
32,Travis Best,26,IND,49,0,1043,127,305,.416,22,59,.373,70,83,.843,19,61,80,169,42,4,62,111,346
33,Mike Bibby,20,VAN,50,50,1758,260,605,.430,15,74,.203,127,169,.751,30,106,136,325,78,5,146,122,662
34,Chauncey Billups,22,DEN,45,41,1488,191,495,.386,85,235,.362,157,172,.913,24,72,96,173,58,14,98,115,624
35,Mookie Blaylock,31,ATL,48,48,1763,247,651,.379,77,251,.307,69,91,.758,45,179,224,278,99,9,115,61,640
36,Corie Blount,30,TOT,34,3,530,36,100,.360,0,1,.000,28,54,.519,58,93,151,12,19,16,21,74,100
36,Corie Blount,30,LAL,14,3,162,13,33,.394,0,1,.000,6,12,.500,24,22,46,2,1,4,6,27,32
36,Corie Blount,30,CLE,20,0,368,23,67,.343,0,0,,22,42,.524,34,71,105,10,18,12,15,47,68
37,Muggsy Bogues,34,GSW,36,5,714,76,154,.494,0,6,.000,31,36,.861,16,57,73,134,43,1,47,44,183
38,Etdrick Bohannon,25,WAS,2,0,4,0,0,,0,0,,0,0,,0,0,0,0,0,0,2,0,0
39,Keith Booth,24,CHI,39,4,432,49,151,.325,1,10,.100,21,42,.500,25,68,93,38,22,11,39,60,120
40,Bruce Bowen,27,BOS,30,1,494,26,93,.280,7,26,.269,11,24,.458,15,37,52,28,21,9,13,51,70
Rk,Player,Age,Tm,G,GS,MP,FG,FGA,FG%,3P,3PA,3P%,FT,FTA,FT%,ORB,DRB,TRB,AST,STL,BLK,TOV,PF,PTS
41,Earl Boykins,22,TOT,22,0,221,30,79,.380,3,18,.167,2,3,.667,7,10,17,33,6,0,20,20,65
41,Earl Boykins,22,NJN,5,0,51,10,21,.476,1,5,.200,0,0,,1,3,4,6,1,0,7,3,21
41,Earl Boykins,22,CLE,17,0,170,20,58,.345,2,13,.154,2,3,.667,6,7,13,27,5,0,13,17,44
42,Shawn Bradley,26,DAL,49,33,1294,167,348,.480,0,4,.000,86,115,.748,130,262,392,40,35,159,56,153,420
43,Terrell Brandon,28,TOT,36,34,1217,212,507,.418,12,47,.255,65,78,.833,27,107,134,309,63,10,74,82,501
43,Terrell Brandon,28,MIL,15,14,505,85,208,.409,7,28,.250,26,31,.839,11,42,53,104,24,3,36,25,203
43,Terrell Brandon,28,MIN,21,20,712,127,299,.425,5,19,.263,39,47,.830,16,65,81,205,39,7,38,57,298
44,Chucky Brown,30,CHH,48,21,1192,176,373,.472,15,40,.375,40,59,.678,36,138,174,57,16,19,38,106,407
45,Dee Brown,30,TOR,49,0,1377,187,495,.378,135,349,.387,40,55,.727,15,88,103,143,56,8,80,75,549
46,Gerald Brown,23,PHO,33,0,236,33,89,.371,3,10,.300,11,14,.786,5,17,22,31,5,1,22,21,80
47,P.J. Brown,29,MIA,50,50,1611,229,477,.480,0,0,,113,146,.774,115,231,346,66,46,48,69,166,571
48,Randy Brown,30,CHI,39,32,1139,132,319,.414,0,10,.000,78,103,.757,27,105,132,149,68,8,80,93,342
49,Rick Brunson,26,NYK,17,0,95,6,21,.286,0,5,.000,5,18,.278,3,7,10,19,9,0,12,8,17
50,Kobe Bryant,20,LAL,50,50,1896,362,779,.465,27,101,.267,245,292,.839,53,211,264,190,72,50,157,153,996
51,Mark Bryant,33,CHI,45,29,1204,168,348,.483,0,1,.000,71,110,.645,92,140,232,48,34,16,68,149,407
52,Jud Buechler,30,DET,50,0,1056,100,240,.417,61,148,.412,13,18,.722,29,104,133,57,37,13,21,83,274
53,Matt Bullard,31,HOU,41,0,413,43,114,.377,24,62,.387,7,10,.700,9,33,42,18,13,4,14,28,117
54,Scott Burrell,28,NJN,32,10,706,75,208,.361,28,72,.389,34,42,.810,32,87,119,45,40,11,23,82,212
55,Willie Burton,30,CHH,3,0,18,1,7,.143,0,1,.000,2,4,.500,4,2,6,0,0,0,1,2,4
56,Mitchell Butler,28,CLE,31,1,418,67,139,.482,11,29,.379,23,32,.719,13,31,44,22,15,4,29,41,168
57,Jason Caffey,25,GSW,35,32,876,123,277,.444,0,1,.000,62,98,.633,79,126,205,18,24,9,75,113,308
58,Marcus Camby,24,NYK,46,0,945,136,261,.521,0,0,,57,103,.553,102,151,253,12,29,74,39,131,329
59,Elden Campbell,30,TOT,49,33,1459,222,465,.477,0,1,.000,172,269,.639,126,271,397,69,39,73,80,159,616
59,Elden Campbell,30,LAL,17,1,325,44,101,.436,0,0,,38,62,.613,38,58,96,8,1,16,22,51,126
59,Elden Campbell,30,CHH,32,32,1134,178,364,.489,0,1,.000,134,207,.647,88,213,301,61,38,57,58,108,490
60,Antoine Carr,37,HOU,18,0,152,21,52,.404,0,1,.000,5,7,.714,9,22,31,9,1,10,9,31,47
Rk,Player,Age,Tm,G,GS,MP,FG,FGA,FG%,3P,3PA,3P%,FT,FTA,FT%,ORB,DRB,TRB,AST,STL,BLK,TOV,PF,PTS
61,Chris Carr,24,TOT,39,4,445,76,205,.371,28,75,.373,27,40,.675,23,48,71,23,8,2,28,45,207
61,Chris Carr,24,MIN,11,2,81,9,26,.346,3,9,.333,2,4,.500,0,12,12,7,1,1,4,9,23
61,Chris Carr,24,NJN,28,2,364,67,179,.374,25,66,.379,25,36,.694,23,36,59,16,7,1,24,36,184
62,Cory Carr,23,CHI,42,7,624,71,216,.329,5,30,.167,24,32,.750,8,41,49,66,21,7,46,66,171
63,Vince Carter,22,TOR,50,49,1760,345,766,.450,19,66,.288,204,268,.761,94,189,283,149,55,77,110,140,913
64,Sam Cassell,29,TOT,8,3,199,39,93,.419,2,10,.200,47,50,.940,5,10,15,36,9,0,20,22,127
64,Sam Cassell,29,NJN,4,3,100,21,49,.429,1,7,.143,29,31,.935,1,5,6,19,3,0,12,13,72
64,Sam Cassell,29,MIL,4,0,99,18,44,.409,1,3,.333,18,19,.947,4,5,9,17,6,0,8,9,55
65,Kelvin Cato,24,POR,43,0,546,58,129,.450,1,1,1.000,34,67,.507,49,101,150,19,23,56,27,100,151
66,Duane Causwell,30,MIA,19,1,137,20,35,.571,0,0,,4,12,.333,14,21,35,2,0,11,18,32,44
67,Cedric Ceballos,29,DAL,13,5,352,59,140,.421,11,28,.393,34,49,.694,23,62,85,12,7,5,28,23,163
68,Rex Chapman,31,PHO,38,35,1183,165,459,.359,53,151,.351,76,91,.835,12,92,104,109,34,9,54,46,459
69,Calbert Cheaney,27,WAS,50,18,1266,172,415,.414,8,37,.216,33,67,.493,33,108,141,73,39,16,42,146,385
70,Pete Chilcutt,30,VAN,46,0,697,63,172,.366,26,68,.382,14,17,.824,29,88,117,30,22,12,28,52,166
71,Chris Childs,31,NYK,48,0,1297,114,267,.427,36,94,.383,64,78,.821,18,115,133,193,44,1,85,156,328
72,Doug Christie,28,TOR,50,50,1768,252,650,.388,49,161,.304,207,246,.841,59,148,207,187,113,26,119,111,760
73,Keon Clark,23,DEN,28,0,409,36,80,.450,0,1,.000,21,37,.568,36,60,96,10,10,31,21,52,93
74,Keith Closs,22,LAC,15,0,87,12,23,.522,0,1,.000,8,10,.800,5,20,25,0,3,9,6,14,32
75,John Coker,27,WAS,14,0,98,13,31,.419,0,0,,5,6,.833,7,15,22,0,1,2,2,17,31
76,Derrick Coleman,31,CHH,37,29,1178,168,406,.414,7,33,.212,143,190,.753,76,252,328,78,24,42,90,96,486
77,Bimbo Coles,30,GSW,48,32,1272,183,414,.442,6,25,.240,83,101,.822,21,96,117,222,45,11,82,113,455
78,Marty Conlon,31,MIA,7,0,35,3,13,.231,0,0,,2,2,1.000,1,4,5,1,0,1,3,6,8
79,Tyrone Corbin,36,ATL,47,6,1066,131,335,.391,38,119,.319,52,80,.650,37,108,145,43,31,7,43,74,352
80,James Cotton,23,SEA,10,0,59,6,18,.333,0,3,.000,13,18,.722,2,8,10,0,3,0,3,6,25
Rk,Player,Age,Tm,G,GS,MP,FG,FGA,FG%,3P,3PA,3P%,FT,FTA,FT%,ORB,DRB,TRB,AST,STL,BLK,TOV,PF,PTS
81,Chris Crawford,23,ATL,42,30,784,110,255,.431,11,33,.333,57,70,.814,37,53,90,24,10,13,48,106,288
82,Austin Croshere,23,IND,27,0,249,32,75,.427,8,29,.276,20,23,.870,16,29,45,10,7,8,23,32,92
83,John Crotty,29,TOT,27,0,382,51,124,.411,14,36,.389,43,50,.860,8,23,31,63,11,0,33,31,159
83,John Crotty,29,POR,3,0,19,4,8,.500,1,1,1.000,3,3,1.000,0,1,1,5,2,0,0,1,12
83,John Crotty,29,SEA,24,0,363,47,116,.405,13,35,.371,40,47,.851,8,22,30,58,9,0,33,30,147
84,Terry Cummings,37,GSW,50,0,1011,186,424,.439,1,1,1.000,81,114,.711,95,160,255,58,46,10,58,168,454
85,William Cunningham,24,TOT,16,6,162,3,18,.167,0,0,,0,2,.000,13,15,28,1,1,11,5,30,6
85,William Cunningham,24,TOR,1,0,1,0,0,,0,0,,0,0,,0,0,0,0,0,0,0,0,0
85,William Cunningham,24,NJN,15,6,161,3,18,.167,0,0,,0,2,.000,13,15,28,1,1,11,5,30,6
86,Bill Curley,26,MIN,35,7,372,29,72,.403,1,5,.200,19,22,.864,20,31,51,14,17,9,10,83,78
87,Dell Curry,34,MIL,42,0,864,163,336,.485,69,145,.476,28,34,.824,18,67,85,48,36,3,45,42,423
88,Michael Curry,30,MIL,50,4,1146,90,206,.437,1,15,.067,63,79,.797,19,89,108,78,42,7,37,135,244
89,Erick Dampier,23,GSW,50,50,1414,161,414,.389,0,0,,120,204,.588,164,218,382,54,26,58,92,165,442
90,Antonio Daniels,23,SAS,47,0,614,83,183,.454,5,17,.294,49,65,.754,13,41,54,106,30,6,44,39,220
91,Kornel David,27,CHI,50,6,902,109,243,.449,0,1,.000,90,111,.811,70,103,173,40,23,17,48,88,308
92,Antonio Davis,30,IND,49,1,1271,164,348,.471,0,0,,135,192,.703,116,228,344,33,22,42,50,136,463
93,Ben Davis,26,NYK,8,0,21,7,17,.412,0,0,,3,6,.500,9,2,11,3,0,0,1,4,17
94,Dale Davis,29,IND,50,50,1374,161,302,.533,0,0,,76,123,.618,155,261,416,22,20,57,43,115,398
95,Hubert Davis,28,DAL,50,21,1378,174,397,.438,65,144,.451,44,50,.880,3,83,86,89,21,3,57,76,457
96,Mark Davis,25,MIA,4,1,35,2,6,.333,0,0,,5,6,.833,2,5,7,1,1,0,7,12,9
97,Ricky Davis,19,CHH,46,1,557,81,200,.405,2,12,.167,45,59,.763,40,44,84,58,30,7,54,46,209
98,Terry Davis,31,WAS,37,34,578,49,92,.533,0,0,,28,38,.737,50,89,139,10,11,3,16,79,126
99,Andrew DeClercq,25,TOT,47,32,1102,138,276,.500,0,0,,95,141,.674,104,151,255,31,50,29,54,161,371
99,Andrew DeClercq,25,BOS,14,1,258,28,57,.491,0,0,,19,29,.655,33,30,63,10,13,9,22,51,75
99,Andrew DeClercq,25,CLE,33,31,844,110,219,.502,0,0,,76,112,.679,71,121,192,21,37,20,32,110,296
100,Terry Dehere,27,TOT,26,0,291,31,85,.365,16,39,.410,5,7,.714,7,17,24,27,7,3,16,30,83
100,Terry Dehere,27,SAC,4,0,20,4,11,.364,1,5,.200,0,0,,2,0,2,1,2,0,2,2,9
100,Terry Dehere,27,VAN,22,0,271,27,74,.365,15,34,.441,5,7,.714,5,17,22,26,5,3,14,28,74
Rk,Player,Age,Tm,G,GS,MP,FG,FGA,FG%,3P,3PA,3P%,FT,FTA,FT%,ORB,DRB,TRB,AST,STL,BLK,TOV,PF,PTS
101,Vinny Del Negro,32,MIL,48,7,1093,114,270,.422,13,30,.433,40,50,.800,14,88,102,174,33,3,55,62,281
102,Bison Dele,29,DET,49,48,1177,216,431,.501,0,1,.000,81,118,.686,92,180,272,71,38,40,111,181,513
103,Tony Delk,25,GSW,36,13,630,92,253,.364,16,66,.242,46,71,.648,11,43,54,95,16,6,45,47,246
104,Michael Dickerson,23,HOU,50,50,1558,215,462,.465,71,164,.433,46,72,.639,26,57,83,95,27,11,66,90,547
105,Vlade Divac,30,SAC,50,50,1761,262,557,.470,11,43,.256,179,255,.702,140,361,501,215,44,51,131,166,714
106,Michael Doleac,21,ORL,49,0,780,125,267,.468,0,0,,54,80,.675,66,82,148,20,19,17,26,117,304
107,Sherman Douglas,32,LAC,30,19,842,96,219,.438,0,11,.000,55,87,.632,16,42,58,124,27,3,61,54,247
108,Bryce Drew,24,HOU,34,0,441,47,129,.364,16,49,.327,8,8,1.000,3,29,32,52,12,4,31,61,118
109,Chris Dudley,33,NYK,46,16,685,48,109,.440,0,0,,19,40,.475,79,114,193,7,13,38,24,116,115
110,Joe Dumars*,35,DET,38,38,1116,144,350,.411,89,221,.403,51,61,.836,12,56,68,134,23,2,53,51,428
111,Tim Duncan,22,SAS,50,50,1963,418,845,.495,1,7,.143,247,358,.690,159,412,571,121,45,126,146,147,1084
112,Blue Edwards,33,MIA,24,0,283,32,72,.444,4,10,.400,9,13,.692,7,26,33,30,17,5,21,23,77
113,Howard Eisley,26,UTA,50,0,1038,140,314,.446,21,50,.420,67,80,.838,12,82,94,185,30,2,109,122,368
114,Mario Elie,35,SAS,47,37,1291,156,331,.471,40,107,.374,103,119,.866,36,101,137,89,46,12,61,91,455
115,Sean Elliott,30,SAS,50,50,1509,208,507,.410,39,119,.328,106,140,.757,35,178,213,117,26,17,71,104,561
116,Dale Ellis,38,SEA,48,5,1232,174,395,.441,94,217,.433,53,70,.757,25,90,115,38,25,3,45,77,495
117,LaPhonso Ellis,28,ATL,20,20,539,80,190,.421,1,5,.200,43,61,.705,25,84,109,18,8,7,34,48,204
118,Brian Evans,25,TOT,16,0,145,13,44,.295,4,13,.308,4,4,1.000,6,13,19,15,5,3,2,8,34
118,Brian Evans,25,NJN,11,0,121,11,34,.324,4,11,.364,4,4,1.000,4,13,17,14,3,3,2,7,30
118,Brian Evans,25,MIN,5,0,24,2,10,.200,0,2,.000,0,0,,2,0,2,1,2,0,0,1,4
119,Patrick Ewing*,36,NYK,38,38,1300,247,568,.435,0,2,.000,163,231,.706,74,303,377,43,30,100,99,105,657
120,Jamie Feick,24,TOT,28,16,852,67,134,.500,0,0,,43,60,.717,112,176,288,24,25,18,34,73,177
120,Jamie Feick,24,MIL,2,0,3,0,1,.000,0,0,,0,0,,0,2,2,0,0,0,0,0,0
120,Jamie Feick,24,NJN,26,16,849,67,133,.504,0,0,,43,60,.717,112,174,286,24,25,18,34,73,177
Rk,Player,Age,Tm,G,GS,MP,FG,FGA,FG%,3P,3PA,3P%,FT,FTA,FT%,ORB,DRB,TRB,AST,STL,BLK,TOV,PF,PTS
121,Duane Ferrell,33,GSW,8,0,46,1,14,.071,0,0,,3,4,.750,5,1,6,0,1,1,1,4,5
122,Danny Ferry,32,CLE,50,10,1058,141,296,.476,38,97,.392,29,33,.879,16,86,102,53,23,10,39,113,349
123,Michael Finley,25,DAL,50,50,2051,389,876,.444,45,136,.331,186,226,.823,69,194,263,218,66,15,107,96,1009
124,Derek Fisher,24,LAL,50,21,1131,99,263,.376,38,97,.392,60,79,.759,21,70,91,197,61,1,77,95,296
125,Danny Fortson,22,DEN,50,38,1417,191,386,.495,0,3,.000,168,231,.727,210,371,581,32,31,22,77,212,550
126,Greg Foster,30,UTA,42,1,458,52,138,.377,1,4,.250,13,21,.619,28,55,83,25,6,8,24,63,118
127,Rick Fox,29,LAL,44,1,944,148,330,.448,32,95,.337,66,89,.742,26,63,89,89,28,10,56,114,394
128,Adonal Foyle,23,GSW,44,0,614,52,121,.430,0,0,,25,51,.490,79,115,194,18,15,43,31,90,129
129,Todd Fuller,24,UTA,42,2,462,56,124,.452,0,0,,30,50,.600,28,73,101,6,6,14,27,60,142
130,Lawrence Funderburke,28,SAC,47,2,936,167,299,.559,1,5,.200,85,120,.708,101,121,222,30,22,23,52,77,420
131,Kevin Garnett,22,MIN,47,47,1780,414,900,.460,4,14,.286,145,206,.704,166,323,489,202,78,83,135,152,977
132,Marlon Garnett,23,BOS,24,0,205,15,51,.294,6,23,.261,15,20,.750,3,18,21,18,5,1,12,18,51
133,Dean Garrett,32,MIN,49,37,1054,116,231,.502,0,0,,38,51,.745,99,158,257,28,30,45,29,113,270
134,Pat Garrity,22,PHO,39,9,538,85,170,.500,7,18,.389,40,56,.714,26,49,75,18,8,3,20,62,217
135,Chris Gatling,31,TOT,48,3,775,117,265,.442,1,8,.125,37,93,.398,52,127,179,32,32,10,62,118,272
135,Chris Gatling,31,NJN,18,2,281,36,97,.371,0,1,.000,12,24,.500,21,44,65,12,8,4,29,40,84
135,Chris Gatling,31,MIL,30,1,494,81,168,.482,1,7,.143,25,69,.362,31,83,114,20,24,6,33,78,188
136,Andrew Gaze,33,SAS,19,0,58,8,25,.320,5,16,.313,0,0,,2,3,5,6,2,1,4,7,21
137,Matt Geiger,29,PHI,50,40,1540,266,555,.479,1,5,.200,141,177,.797,137,225,362,58,39,40,101,157,674
138,Kendall Gill,30,NJN,50,47,1606,236,593,.398,2,17,.118,114,167,.683,61,183,244,123,134,26,71,162,588
139,Armen Gilliam,34,MIL,34,5,668,101,223,.453,0,1,.000,79,101,.782,33,93,126,19,22,12,36,48,281
140,Brian Grant,26,POR,48,46,1525,183,382,.479,0,0,,184,226,.814,173,297,470,67,21,34,96,136,550
Rk,Player,Age,Tm,G,GS,MP,FG,FGA,FG%,3P,3PA,3P%,FT,FTA,FT%,ORB,DRB,TRB,AST,STL,BLK,TOV,PF,PTS
141,Gary Grant,33,POR,2,0,7,0,1,.000,0,0,,0,0,,0,0,0,3,1,0,0,0,0
142,Harvey Grant,33,PHI,47,10,798,62,168,.369,1,6,.167,21,29,.724,36,74,110,23,20,16,21,73,146
143,Horace Grant,33,ORL,50,50,1660,198,456,.434,0,2,.000,47,70,.671,117,234,351,90,46,60,44,99,443
144,Paul Grant,25,TOT,6,0,13,2,6,.333,0,0,,0,0,,1,0,1,0,1,0,2,4,4
144,Paul Grant,25,MIN,4,0,8,1,4,.250,0,0,,0,0,,1,0,1,0,0,0,1,4,2
144,Paul Grant,25,MIL,2,0,5,1,2,.500,0,0,,0,0,,0,0,0,0,1,0,1,0,2
145,Ed Gray,23,ATL,30,3,337,53,182,.291,12,42,.286,28,37,.757,7,21,28,12,12,1,29,30,146
146,A.C. Green,35,DAL,50,35,924,108,256,.422,0,8,.000,30,52,.577,82,146,228,25,28,8,19,69,246
147,Litterial Green,28,CLE,1,0,2,0,1,.000,0,0,,0,0,,0,0,0,0,0,0,0,0,0
148,Tom Gugliotta,29,PHO,43,43,1563,277,573,.483,2,7,.286,173,218,.794,131,250,381,121,59,21,88,110,729
149,Tom Hammonds,31,MIN,49,0,716,82,179,.458,0,0,,48,75,.640,54,82,136,20,8,7,32,88,212
150,Anfernee Hardaway,27,ORL,50,50,1944,301,717,.420,40,140,.286,149,211,.706,74,210,284,266,111,23,150,111,791
151,Tim Hardaway,32,MIA,48,48,1772,301,752,.400,112,311,.360,121,149,.812,15,137,152,352,57,6,131,102,835
152,Derek Harper,37,LAL,45,29,1120,120,291,.412,43,117,.368,26,32,.813,13,54,67,187,44,4,52,66,309
153,Ron Harper,35,CHI,35,35,1107,147,390,.377,27,85,.318,71,101,.703,49,131,180,115,60,35,65,80,392
154,Matt Harpring,22,ORL,50,22,1114,148,320,.463,10,25,.400,102,143,.713,88,126,214,45,30,6,73,112,408
155,Al Harrington,18,IND,21,0,160,18,56,.321,0,5,.000,9,15,.600,20,19,39,5,4,2,11,26,45
156,Othella Harrington,25,HOU,41,10,903,156,304,.513,0,0,,88,122,.721,72,174,246,15,6,25,61,103,400
157,Lucious Harris,28,NJN,36,5,602,73,181,.403,11,50,.220,36,48,.750,21,46,67,31,18,7,18,52,193
158,Hersey Hawkins,32,SEA,50,34,1644,171,408,.419,55,180,.306,119,132,.902,51,150,201,123,80,18,80,90,516
159,Michael Hawkins,26,SAC,24,0,203,14,40,.350,5,19,.263,3,3,1.000,10,15,25,27,3,1,13,14,36
160,Alan Henderson,26,ATL,38,37,1142,187,423,.442,0,1,.000,100,149,.671,100,150,250,28,33,19,58,96,474
Rk,Player,Age,Tm,G,GS,MP,FG,FGA,FG%,3P,3PA,3P%,FT,FTA,FT%,ORB,DRB,TRB,AST,STL,BLK,TOV,PF,PTS
161,Cedric Henderson,23,CLE,50,48,1517,189,453,.417,2,12,.167,74,91,.813,45,152,197,113,58,24,97,136,454
162,J.R. Henderson,22,VAN,30,0,331,35,96,.365,2,5,.400,25,45,.556,20,27,47,22,9,4,18,29,97
163,Mark Hendrickson,24,NJN,22,6,399,39,88,.443,0,1,.000,42,50,.840,27,41,68,13,12,1,15,39,120
164,Steve Henson,30,DET,4,0,25,1,2,.500,0,0,,2,2,1.000,0,0,0,3,1,0,3,1,4
165,Carl Herrera,32,TOT,28,0,307,30,76,.395,0,1,.000,5,11,.455,25,37,62,4,12,7,16,40,65
165,Carl Herrera,32,VAN,4,0,42,3,13,.231,0,0,,0,2,.000,5,3,8,3,0,0,4,3,6
165,Carl Herrera,32,DEN,24,0,265,27,63,.429,0,1,.000,5,9,.556,20,34,54,1,12,7,12,37,59
166,Grant Hill,26,DET,50,50,1852,384,802,.479,0,14,.000,285,379,.752,65,290,355,300,80,27,184,114,1053
167,Tyrone Hill,30,TOT,38,23,1104,122,268,.455,0,0,,81,150,.540,115,172,287,35,34,16,59,145,325
167,Tyrone Hill,30,MIL,17,17,517,50,118,.424,0,0,,46,81,.568,51,83,134,17,18,8,24,68,146
167,Tyrone Hill,30,PHI,21,6,587,72,150,.480,0,0,,35,69,.507,64,89,153,18,16,8,35,77,179
168,Fred Hoiberg,26,IND,12,0,87,6,21,.286,1,9,.111,6,6,1.000,2,9,11,4,0,0,3,11,19
169,Jerald Honeycutt,24,TOT,16,0,102,9,32,.281,5,17,.294,7,10,.700,3,9,12,3,5,2,9,16,30
169,Jerald Honeycutt,24,MIL,3,0,12,2,5,.400,0,3,.000,1,2,.500,0,1,1,0,1,0,1,6,5
169,Jerald Honeycutt,24,PHI,13,0,90,7,27,.259,5,14,.357,6,8,.750,3,8,11,3,4,2,8,10,25
170,Jeff Hornacek,35,UTA,48,48,1435,214,449,.477,34,81,.420,125,140,.893,33,127,160,192,52,14,82,95,587
171,Robert Horry,28,LAL,38,5,744,67,146,.459,20,45,.444,34,46,.739,56,96,152,56,36,39,49,103,188
172,Allan Houston,27,NYK,50,50,1815,294,703,.418,57,140,.407,168,195,.862,20,132,152,137,35,9,130,115,813
173,Juwan Howard,25,WAS,36,36,1430,286,604,.474,0,3,.000,110,146,.753,90,203,293,107,42,14,95,130,682
174,Troy Hudson,22,LAC,25,6,524,60,150,.400,15,47,.319,34,38,.895,15,40,55,92,11,2,38,28,169
175,Larry Hughes,20,PHI,50,1,988,170,414,.411,8,52,.154,107,151,.709,83,106,189,77,44,14,68,97,455
176,Lindsey Hunter,28,DET,49,49,1755,228,524,.435,59,153,.386,67,89,.753,26,142,168,193,86,8,92,126,582
177,Zydrunas Ilgauskas,23,CLE,5,5,171,29,57,.509,0,0,,18,30,.600,17,27,44,4,4,7,9,24,76
178,Allen Iverson,23,PHI,48,48,1990,435,1056,.412,58,199,.291,356,474,.751,66,170,236,223,110,7,167,98,1284
179,Bobby Jackson,25,MIN,50,12,941,141,348,.405,10,27,.370,61,79,.772,43,92,135,167,39,3,75,75,353
180,Jaren Jackson,31,SAS,47,13,861,108,284,.380,53,147,.361,32,39,.821,21,78,99,49,41,9,37,63,301
Rk,Player,Age,Tm,G,GS,MP,FG,FGA,FG%,3P,3PA,3P%,FT,FTA,FT%,ORB,DRB,TRB,AST,STL,BLK,TOV,PF,PTS
181,Jim Jackson,28,POR,49,9,1175,152,370,.411,25,90,.278,85,101,.842,36,123,159,128,43,6,82,80,414
182,Mark Jackson,33,IND,49,49,1382,138,329,.419,32,103,.311,65,79,.823,33,151,184,386,42,3,99,58,373
183,Randell Jackson,23,WAS,27,8,271,46,108,.426,1,7,.143,21,32,.656,30,24,54,8,3,11,26,29,114
184,Sam Jacobson,23,LAL,2,0,12,3,5,.600,0,1,.000,2,2,1.000,0,3,3,0,0,0,1,2,8
185,Jerome James,23,SAC,16,0,42,9,24,.375,0,0,,6,12,.500,6,11,17,1,2,6,9,11,24
186,Antawn Jamison,22,GSW,47,24,1058,178,394,.452,3,10,.300,90,153,.588,131,170,301,34,38,16,68,102,449
187,Anthony Johnson,24,ATL,49,2,885,91,225,.404,5,19,.263,57,82,.695,16,59,75,107,35,7,65,67,244
188,Avery Johnson,33,SAS,50,50,1672,218,461,.473,1,12,.083,50,88,.568,22,96,118,369,51,11,112,101,487
189,Eddie Johnson,39,HOU,3,0,18,6,13,.462,0,1,.000,0,0,,0,2,2,1,0,0,2,3,12
190,Ervin Johnson,31,MIL,50,7,1027,96,189,.508,0,0,,64,105,.610,120,200,320,19,29,57,47,151,256
191,Larry Johnson,29,NYK,49,48,1639,210,458,.459,33,92,.359,134,164,.817,91,193,284,119,34,10,89,147,587
192,Charles Jones,23,CHI,29,5,476,39,123,.317,19,61,.311,11,22,.500,9,33,42,41,18,5,29,30,108
193,Damon Jones,22,TOT,24,0,344,43,119,.361,25,62,.403,14,17,.824,6,38,44,42,13,0,17,23,125
193,Damon Jones,22,NJN,11,0,131,14,44,.318,10,29,.345,11,13,.846,2,11,13,13,7,0,5,7,49
193,Damon Jones,22,BOS,13,0,213,29,75,.387,15,33,.455,3,4,.750,4,27,31,29,6,0,12,16,76
194,Eddie Jones,27,TOT,50,50,1881,260,595,.437,48,142,.338,212,271,.782,50,144,194,186,125,58,93,128,780
194,Eddie Jones,27,LAL,20,20,724,96,227,.423,20,64,.313,59,80,.738,20,56,76,61,35,24,21,42,271
194,Eddie Jones,27,CHH,30,30,1157,164,368,.446,28,78,.359,153,191,.801,30,88,118,125,90,34,72,86,509
195,Popeye Jones,28,BOS,18,2,206,20,51,.392,0,1,.000,14,17,.824,28,24,52,15,5,0,7,31,54
196,Adonis Jordan,28,MIL,4,0,18,2,4,.500,0,2,.000,2,4,.500,0,0,0,3,3,0,2,0,6
197,Reggie Jordan,31,MIN,27,1,296,15,54,.278,0,0,,21,38,.553,27,32,59,41,12,5,14,38,51
198,Adam Keefe,28,UTA,44,0,642,56,124,.452,0,4,.000,62,89,.697,51,91,142,28,16,12,33,63,174
199,Shawn Kemp,29,CLE,42,42,1475,277,575,.482,1,2,.500,307,389,.789,131,257,388,101,48,45,127,159,862
200,Jonathan Kerner,24,ORL,1,0,5,0,1,.000,0,0,,0,0,,0,0,0,0,0,0,0,2,0
Rk,Player,Age,Tm,G,GS,MP,FG,FGA,FG%,3P,3PA,3P%,FT,FTA,FT%,ORB,DRB,TRB,AST,STL,BLK,TOV,PF,PTS
201,Steve Kerr,33,SAS,44,0,734,68,174,.391,25,80,.313,31,35,.886,6,38,44,49,23,3,22,28,192
202,Jerome Kersey,36,SAS,45,0,699,68,200,.340,3,14,.214,6,14,.429,42,88,130,41,37,14,30,92,145
203,Jason Kidd,25,PHO,50,50,2060,310,698,.444,45,123,.366,181,239,.757,87,252,339,539,114,19,150,108,846
204,Chris King,29,UTA,8,0,42,2,7,.286,0,0,,0,4,.000,1,10,11,1,2,1,4,8,4
205,Gerard King,26,SAS,19,0,63,6,14,.429,0,0,,11,18,.611,6,8,14,4,2,1,4,12,23
206,Kerry Kittles,24,NJN,46,40,1570,227,613,.370,50,158,.316,88,114,.772,52,139,191,116,79,26,66,82,592
207,Joe Kleine,37,PHO,31,5,374,30,74,.405,0,2,.000,8,12,.667,27,40,67,12,8,1,10,46,68
208,Brevin Knight,23,CLE,39,38,1186,134,315,.425,0,5,.000,105,141,.745,16,115,131,302,70,7,105,115,373
209,Negele Knight,31,TOR,6,0,56,3,8,.375,0,1,.000,2,4,.500,1,5,6,8,1,0,7,5,8
210,Travis Knight,24,LAL,37,23,525,67,130,.515,0,1,.000,22,29,.759,34,94,128,31,21,27,35,108,156
211,Toni Kukoc,30,CHI,44,44,1654,315,750,.420,39,137,.285,159,215,.740,65,245,310,235,49,11,121,82,828
212,Christian Laettner,29,DET,16,0,337,38,106,.358,1,3,.333,44,57,.772,21,33,54,24,15,12,19,30,121
213,Raef LaFrentz,22,DEN,12,12,387,59,129,.457,12,31,.387,36,48,.750,33,58,91,8,9,17,9,38,166
214,Andrew Lang,32,CHI,21,13,386,32,99,.323,0,0,,16,23,.696,33,60,93,13,5,12,17,43,80
215,Antonio Lang,26,CLE,10,0,65,4,6,.667,0,0,,5,9,.556,6,10,16,1,2,1,4,13,13
216,Rusty LaRue,25,CHI,43,6,732,78,217,.359,30,89,.337,17,17,1.000,9,47,56,63,33,3,34,66,203
217,Tim Legler,32,WAS,30,0,377,51,115,.443,14,35,.400,3,6,.500,8,32,40,21,4,3,14,42,119
218,Voshon Lenard,25,MIA,12,2,190,31,79,.392,12,35,.343,8,11,.727,4,12,16,10,3,1,7,18,82
219,Rashard Lewis,19,SEA,20,7,145,19,52,.365,1,6,.167,8,14,.571,13,12,25,4,8,1,20,19,47
220,Randy Livingston,23,PHO,1,0,22,5,8,.625,0,0,,2,2,1.000,0,2,2,3,2,0,1,1,12
Rk,Player,Age,Tm,G,GS,MP,FG,FGA,FG%,3P,3PA,3P%,FT,FTA,FT%,ORB,DRB,TRB,AST,STL,BLK,TOV,PF,PTS
221,Grant Long,32,ATL,50,13,1380,151,359,.421,3,18,.167,184,235,.783,100,196,296,53,57,16,74,143,489
222,Luc Longley,30,PHO,39,39,933,140,290,.483,0,0,,59,76,.776,59,162,221,45,23,21,53,119,339
223,Felipe Lopez,24,VAN,47,32,1218,169,379,.446,12,44,.273,87,135,.644,69,97,166,62,49,14,82,128,437
224,Tyronn Lue,21,LAL,15,0,188,28,65,.431,7,16,.438,12,21,.571,2,4,6,25,5,0,11,28,75
225,George Lynch,28,PHI,43,43,1315,147,349,.421,9,23,.391,53,84,.631,110,169,279,76,85,22,79,142,356
226,Sam Mack,28,TOT,44,15,1083,167,384,.435,87,219,.397,51,58,.879,14,81,95,55,35,4,33,94,472
226,Sam Mack,28,VAN,19,15,577,86,212,.406,42,108,.389,28,30,.933,7,46,53,23,20,1,20,53,242
226,Sam Mack,28,HOU,25,0,506,81,172,.471,45,111,.405,23,28,.821,7,35,42,32,15,3,13,41,230
227,Don MacLean,29,SEA,17,10,365,63,159,.396,9,33,.273,50,80,.625,18,47,65,16,5,5,25,34,185
228,Mark Macon,29,DET,7,3,69,4,20,.200,1,3,.333,0,0,,3,2,5,4,5,1,6,6,9
229,Rick Mahorn,40,PHI,16,0,127,5,18,.278,0,0,,3,8,.375,7,16,23,2,5,1,6,22,13
230,Dan Majerle,33,MIA,48,48,1624,118,298,.396,68,203,.335,33,46,.717,21,187,208,150,38,7,55,100,337
231,Karl Malone*,35,UTA,49,49,1832,393,797,.493,0,1,.000,378,480,.788,107,356,463,201,62,28,162,134,1164
232,Matt Maloney,27,HOU,15,7,186,5,28,.179,1,15,.067,10,11,.909,2,8,10,21,4,0,14,7,21
233,Danny Manning,32,PHO,50,5,1184,187,386,.484,1,9,.111,78,112,.696,62,157,219,113,36,38,69,129,453
234,Stephon Marbury,21,TOT,49,49,1895,378,883,.428,66,197,.335,222,278,.799,37,105,142,437,59,8,164,125,1044
234,Stephon Marbury,21,MIN,18,18,661,124,304,.408,8,39,.205,63,87,.724,17,45,62,167,29,5,55,44,319
234,Stephon Marbury,21,NJN,31,31,1234,254,579,.439,58,158,.367,159,191,.832,20,60,80,270,30,3,109,81,725
235,Sean Marks,23,TOR,8,0,28,5,8,.625,0,0,,1,2,.500,0,1,1,0,1,0,3,3,11
236,Donyell Marshall,25,GSW,48,20,1250,208,494,.421,26,72,.361,88,121,.727,115,227,342,66,47,37,80,123,530
237,Darrick Martin,27,LAC,37,25,941,102,278,.367,31,106,.292,61,76,.803,5,43,48,144,43,4,67,82,296
238,Jamal Mashburn,26,MIA,24,23,855,134,297,.451,13,30,.433,75,104,.721,24,122,146,75,20,3,60,58,356
239,Tony Massenburg,31,VAN,43,35,1143,189,388,.487,0,2,.000,103,155,.665,83,174,257,23,26,39,64,108,481
240,Vernon Maxwell,33,SAC,46,1,1007,164,421,.390,80,231,.346,84,114,.737,13,72,85,76,30,3,67,111,492
Rk,Player,Age,Tm,G,GS,MP,FG,FGA,FG%,3P,3PA,3P%,FT,FTA,FT%,ORB,DRB,TRB,AST,STL,BLK,TOV,PF,PTS
241,Lee Mayberry,28,VAN,9,0,126,7,19,.368,2,10,.200,4,5,.800,0,3,3,23,7,0,11,13,20
242,Kelly McCarty,23,DEN,2,0,4,2,3,.667,0,0,,0,0,,2,1,3,0,0,0,2,0,4
243,Walter McCarty,24,BOS,32,4,659,64,177,.362,13,50,.260,40,57,.702,36,79,115,40,24,13,40,88,181
244,George McCloud,31,PHO,48,16,1245,142,324,.438,69,166,.416,75,87,.862,34,128,162,79,45,14,49,127,428
245,Jelani McCoy,21,SEA,26,0,331,56,76,.737,0,0,,21,42,.500,27,52,79,4,11,20,10,42,133
246,Antonio McDyess,24,DEN,50,50,1937,415,882,.471,1,9,.111,230,338,.680,168,369,537,82,73,115,138,175,1061
247,Tracy McGrady,19,TOR,49,2,1106,168,385,.436,8,35,.229,114,157,.726,120,158,278,113,52,66,80,94,458
248,Jim McIlvaine,26,NJN,22,1,269,22,51,.431,0,0,,4,6,.667,31,23,54,2,9,32,13,59,48
249,Jeff McInnis,24,WAS,35,6,427,50,134,.373,9,35,.257,21,28,.750,9,12,21,73,19,1,30,36,130
250,Derrick McKey,32,IND,13,0,244,23,52,.442,0,1,.000,14,17,.824,18,23,41,13,12,4,12,24,60
251,Aaron McKie,26,PHI,50,4,959,95,237,.401,6,31,.194,44,62,.710,27,113,140,100,63,3,57,90,240
252,Roshown McLeod,23,ATL,34,0,348,62,163,.380,1,10,.100,37,45,.822,12,38,50,14,2,1,23,24,162
253,Ron Mercer,22,BOS,41,40,1551,305,707,.431,5,30,.167,83,105,.790,37,118,155,104,67,12,89,81,698
254,Loren Meyer,26,DEN,14,0,70,7,28,.250,1,5,.200,1,2,.500,4,12,16,1,0,3,4,22,16
255,Marko Milic,21,PHO,11,0,53,8,20,.400,0,1,.000,0,0,,3,2,5,2,3,1,6,7,16
256,Anthony Miller,27,HOU,29,0,249,28,60,.467,0,1,.000,14,22,.636,26,41,67,7,7,5,9,34,70
257,Brad Miller,22,CHH,38,0,469,78,138,.565,1,2,.500,81,102,.794,35,82,117,22,9,18,32,65,238
258,Oliver Miller,28,SAC,4,0,35,5,11,.455,0,0,,0,0,,7,1,8,0,0,2,4,3,10
259,Reggie Miller*,33,IND,50,50,1787,294,671,.438,106,275,.385,226,247,.915,25,110,135,112,37,9,76,101,920
260,Chris Mills,29,GSW,47,24,1395,186,453,.411,32,115,.278,79,96,.823,49,188,237,103,39,14,58,125,483
Rk,Player,Age,Tm,G,GS,MP,FG,FGA,FG%,3P,3PA,3P%,FT,FTA,FT%,ORB,DRB,TRB,AST,STL,BLK,TOV,PF,PTS
261,Terry Mills,31,MIA,1,0,29,3,8,.375,2,4,.500,1,2,.500,3,1,4,0,1,0,3,3,9
262,Greg Minor,27,BOS,44,7,765,85,204,.417,8,28,.286,36,48,.750,31,86,117,50,20,6,38,69,214
263,Sam Mitchell,35,MIN,50,20,1344,213,522,.408,9,38,.237,126,165,.764,55,127,182,98,35,16,34,111,561
264,Cuttino Mobley,23,HOU,49,37,1456,172,405,.425,53,148,.358,90,110,.818,22,89,111,121,44,23,79,98,487
265,Nazr Mohammed,21,PHI,26,0,121,15,42,.357,0,0,,12,21,.571,18,19,37,2,5,4,12,22,42
266,Eric Montross,27,DET,46,2,577,42,80,.525,0,1,.000,11,32,.344,45,94,139,14,12,27,16,107,95
267,Mikki Moore,23,DET,2,0,6,1,1,1.000,0,0,,2,2,1.000,0,1,1,0,0,0,0,0,4
268,Chris Morris,33,PHO,44,2,535,64,149,.430,16,56,.286,40,46,.870,54,67,121,23,16,11,21,54,184
269,Alonzo Mourning,28,MIA,46,46,1753,324,634,.511,0,2,.000,276,423,.652,166,341,507,74,34,180,139,161,924
270,Chris Mullin*,35,IND,50,50,1179,177,371,.477,73,157,.465,80,92,.870,25,135,160,81,47,13,60,101,507
271,Eric Murdock,30,NJN,15,8,401,45,114,.395,8,22,.364,21,26,.808,3,32,35,66,22,2,29,35,119
272,Gheorghe Muresan,27,NJN,1,0,1,0,1,.000,0,0,,0,0,,0,0,0,0,0,0,1,0,0
273,Lamond Murray,25,LAC,50,13,1317,226,578,.391,34,103,.330,126,157,.803,59,136,195,61,58,20,99,107,612
274,Tracy Murray,27,WAS,36,0,653,83,237,.350,33,103,.320,34,42,.810,18,63,81,27,21,6,29,65,233
275,Dikembe Mutombo,32,ATL,50,50,1829,173,338,.512,0,0,,195,285,.684,192,418,610,57,16,147,94,145,541
276,Makhtar N'Diaye,25,VAN,4,0,27,1,4,.250,0,0,,3,4,.750,3,2,5,1,0,1,1,9,5
277,Steve Nash,24,DAL,40,40,1269,114,314,.363,49,131,.374,38,46,.826,32,82,114,219,37,2,83,98,315
278,Tyrone Nesby,23,LAC,50,36,1288,182,405,.449,35,96,.365,104,133,.782,57,118,175,82,77,20,53,143,503
279,Rasho Nesterovic,22,MIN,2,0,30,3,12,.250,0,0,,2,2,1.000,3,5,8,1,0,0,1,5,8
280,Johnny Newman,35,CLE,50,2,949,106,251,.422,23,61,.377,68,84,.810,15,60,75,41,28,12,41,126,303
Rk,Player,Age,Tm,G,GS,MP,FG,FGA,FG%,3P,3PA,3P%,FT,FTA,FT%,ORB,DRB,TRB,AST,STL,BLK,TOV,PF,PTS
281,Moochie Norris,25,SEA,12,0,140,13,40,.325,6,15,.400,6,16,.375,4,16,20,24,7,0,16,17,38
282,Dirk Nowitzki,20,DAL,47,24,958,136,336,.405,14,68,.206,99,128,.773,41,121,162,47,29,27,73,105,385
283,Charles O'Bannon,23,DET,18,1,165,24,56,.429,0,1,.000,8,8,1.000,18,16,34,12,2,3,8,22,56
284,Jermaine O'Neal,20,POR,35,1,310,36,83,.434,0,1,.000,18,35,.514,42,55,97,13,4,14,14,41,90
285,Shaquille O'Neal,26,LAL,49,49,1705,510,885,.576,0,1,.000,269,498,.540,187,338,525,114,36,82,122,155,1289
286,Charles Oakley,35,TOR,50,50,1633,140,327,.428,1,5,.200,67,83,.807,96,278,374,168,46,21,96,182,348
287,Hakeem Olajuwon*,36,HOU,50,50,1784,373,725,.514,4,13,.308,195,272,.717,106,372,478,88,82,123,139,160,945
288,Jimmy Oliver,29,PHO,2,0,11,1,3,.333,1,1,1.000,0,0,,0,0,0,0,0,0,0,2,3
289,Kevin Ollie,26,TOT,8,0,72,4,14,.286,0,0,,5,7,.714,0,7,7,3,3,1,3,9,13
289,Kevin Ollie,26,SAC,7,0,68,4,13,.308,0,0,,4,5,.800,0,6,6,3,3,1,3,8,12
289,Kevin Ollie,26,ORL,1,0,4,0,1,.000,0,0,,1,2,.500,0,1,1,0,0,0,0,1,1
290,Michael Olowokandi,23,LAC,45,36,1279,172,399,.431,0,0,,57,118,.483,120,237,357,25,27,55,85,137,401
291,Greg Ostertag,25,UTA,48,48,1340,99,208,.476,0,0,,75,121,.620,105,243,348,23,12,131,45,140,273
292,Bo Outlaw,27,ORL,31,22,851,84,154,.545,0,3,.000,35,81,.432,54,113,167,56,40,43,58,79,203
293,Doug Overton,29,TOT,24,1,244,36,84,.429,2,7,.286,18,20,.900,7,14,21,23,5,1,20,18,92
293,Doug Overton,29,ORL,6,0,33,6,12,.500,0,2,.000,6,6,1.000,1,1,2,3,1,0,3,2,18
293,Doug Overton,29,NJN,8,1,174,25,57,.439,2,4,.500,12,14,.857,6,11,17,16,3,1,15,14,64
293,Doug Overton,29,PHI,10,0,37,5,15,.333,0,1,.000,0,0,,0,2,2,4,1,0,2,2,10
294,Billy Owens,29,SEA,21,19,451,65,165,.394,5,11,.455,28,35,.800,35,45,80,38,12,4,33,37,163
295,Robert Pack,29,DAL,25,0,468,75,174,.431,0,4,.000,72,88,.818,9,27,36,81,20,1,49,41,222
296,Anthony Parker,23,PHI,2,0,3,1,1,1.000,0,0,,0,0,,0,0,0,0,0,0,0,0,2
297,Cherokee Parks,26,VAN,48,41,1118,118,275,.429,0,1,.000,30,55,.545,75,168,243,36,28,28,49,114,266
298,Andrae Patterson,23,MIN,35,0,284,43,97,.443,0,5,.000,28,36,.778,30,35,65,15,19,7,22,62,114
299,Ruben Patterson,23,LAL,24,2,144,21,51,.412,1,6,.167,22,31,.710,17,13,30,2,5,3,12,16,65
300,Gary Payton,30,SEA,50,50,2008,401,923,.434,83,281,.295,199,276,.721,62,182,244,436,109,12,154,115,1084
Rk,Player,Age,Tm,G,GS,MP,FG,FGA,FG%,3P,3PA,3P%,FT,FTA,FT%,ORB,DRB,TRB,AST,STL,BLK,TOV,PF,PTS
301,Anthony Peeler,29,MIN,28,28,810,103,272,.379,34,114,.298,30,41,.732,30,54,84,78,35,6,38,60,270
302,Will Perdue,33,SAS,37,1,445,38,60,.633,0,0,,14,26,.538,33,105,138,18,9,10,22,63,90
303,Sam Perkins,37,IND,48,0,789,80,200,.400,35,90,.389,43,60,.717,36,102,138,25,15,14,22,74,238
304,Elliot Perry,29,TOT,35,0,290,39,103,.379,10,24,.417,10,14,.714,7,27,34,47,20,0,34,25,98
304,Elliot Perry,29,MIL,5,0,47,9,17,.529,1,1,1.000,1,2,.500,1,7,8,12,4,0,2,3,20
304,Elliot Perry,29,NJN,30,0,243,30,86,.349,9,23,.391,9,12,.750,6,20,26,35,16,0,32,22,78
305,Chuck Person,34,CHH,50,21,990,112,289,.388,55,157,.350,24,32,.750,17,115,132,60,20,8,41,90,303
306,Wesley Person,27,CLE,45,42,1342,198,437,.453,75,200,.375,32,53,.604,19,123,142,80,37,16,41,52,503
307,Bobby Phills,29,CHH,43,43,1574,215,497,.433,68,172,.395,115,168,.685,39,135,174,149,60,25,92,124,613
308,Eric Piatkowski,28,LAC,49,38,1242,180,417,.432,65,165,.394,88,102,.863,39,101,140,53,44,6,53,86,513
309,Paul Pierce,21,BOS,48,47,1632,284,647,.439,84,204,.412,139,195,.713,117,192,309,115,82,50,113,139,791
310,Scottie Pippen*,33,HOU,50,50,2011,261,604,.432,72,212,.340,132,183,.721,63,260,323,293,98,37,159,118,726
311,Scot Pollard,23,SAC,16,5,259,33,61,.541,0,0,,16,23,.696,38,44,82,4,8,18,5,41,82
312,Olden Polynice,34,SEA,48,47,1481,169,358,.472,1,1,1.000,29,94,.309,184,241,425,43,20,30,49,150,368
313,Mark Pope,26,IND,4,0,26,1,7,.143,0,4,.000,0,1,.000,2,2,4,0,0,0,1,6,2
314,Terry Porter,35,MIA,50,1,1365,172,370,.465,58,141,.411,123,148,.831,13,127,140,146,48,11,74,97,525
315,Vitaly Potapenko,23,TOT,50,44,1394,204,412,.495,0,1,.000,91,155,.587,114,218,332,75,35,36,100,169,499
315,Vitaly Potapenko,23,CLE,17,12,467,55,126,.437,0,1,.000,33,49,.673,23,71,94,16,11,16,28,53,143
315,Vitaly Potapenko,23,BOS,33,32,927,149,286,.521,0,0,,58,106,.547,91,147,238,59,24,20,72,116,356
316,Brent Price,30,HOU,40,6,806,100,207,.483,46,112,.411,46,61,.754,18,60,78,113,33,1,65,90,292
317,Theo Ratliff,25,PHI,50,50,1627,197,419,.470,0,0,,166,229,.725,139,268,407,30,45,149,92,180,560
318,Eldridge Recasner,31,CHH,44,2,708,82,184,.446,24,60,.400,34,39,.872,20,57,77,91,17,1,58,66,222
319,Bryant Reeves,25,VAN,25,14,702,102,251,.406,0,1,.000,67,116,.578,50,88,138,37,13,8,47,103,271
320,Khalid Reeves,26,DET,11,0,112,8,21,.381,1,3,.333,8,14,.571,3,4,7,11,4,0,7,13,25
Rk,Player,Age,Tm,G,GS,MP,FG,FGA,FG%,3P,3PA,3P%,FT,FTA,FT%,ORB,DRB,TRB,AST,STL,BLK,TOV,PF,PTS
321,Don Reid,25,DET,47,30,935,97,174,.557,0,0,,48,79,.608,66,104,170,33,27,43,36,156,242
322,J.R. Reid,30,TOT,41,26,1029,132,277,.477,0,1,.000,105,137,.766,45,167,212,48,37,10,51,135,369
322,J.R. Reid,30,CHH,16,16,556,88,169,.521,0,0,,67,84,.798,21,92,113,25,22,10,28,63,243
322,J.R. Reid,30,LAL,25,10,473,44,108,.407,0,1,.000,38,53,.717,24,75,99,23,15,0,23,72,126
323,Shawn Respert,26,PHO,12,1,99,13,36,.361,4,13,.308,7,10,.700,2,11,13,8,5,0,5,10,37
324,Rodrick Rhodes,25,TOT,13,1,156,13,52,.250,1,7,.143,16,25,.640,9,8,17,11,5,2,20,21,43
324,Rodrick Rhodes,25,HOU,3,0,33,2,8,.250,0,0,,5,6,.833,2,2,4,1,1,0,5,5,9
324,Rodrick Rhodes,25,VAN,10,1,123,11,44,.250,1,7,.143,11,19,.579,7,6,13,10,4,2,15,16,34
325,Glen Rice,31,LAL,27,25,985,171,396,.432,53,135,.393,77,90,.856,9,90,99,71,17,6,45,67,472
326,Pooh Richardson,32,LAC,11,0,130,12,36,.333,0,6,.000,4,4,1.000,1,12,13,30,4,0,9,5,28
327,Mitch Richmond,33,WAS,50,50,1912,331,803,.412,70,221,.317,251,293,.857,30,142,172,122,64,10,136,121,983
328,Isaiah Rider,27,POR,47,41,1385,249,605,.412,42,111,.378,111,147,.755,59,137,196,104,25,9,95,100,651
329,Eric Riley,28,BOS,35,11,337,28,54,.519,0,0,,22,31,.710,36,63,99,13,9,26,26,73,78
330,Stanley Roberts,28,HOU,6,0,33,5,13,.385,0,0,,4,8,.500,4,7,11,0,0,1,4,2,14
331,Clifford Robinson,32,PHO,50,35,1740,299,629,.475,58,139,.417,163,234,.697,69,158,227,128,75,59,88,154,819
332,David Robinson*,33,SAS,49,49,1554,268,527,.509,0,1,.000,239,363,.658,148,344,492,103,69,119,108,143,775
333,Glenn Robinson,26,MIL,47,47,1579,347,756,.459,31,79,.392,140,161,.870,73,203,276,100,46,41,106,114,865
334,James Robinson,28,TOT,31,0,506,67,185,.362,21,74,.284,28,41,.683,18,44,62,56,22,8,44,60,183
334,James Robinson,28,LAC,14,0,280,39,98,.398,8,30,.267,20,27,.741,10,17,27,18,14,3,16,29,106
334,James Robinson,28,MIN,17,0,226,28,87,.322,13,44,.295,8,14,.571,8,27,35,38,8,5,28,31,77
335,Dennis Rodman*,37,LAL,23,11,657,16,46,.348,0,2,.000,17,39,.436,62,196,258,30,10,12,31,71,49
336,Carlos Rogers,27,POR,2,0,8,2,2,1.000,0,0,,1,4,.250,0,1,1,1,0,0,0,2,5
337,Rodney Rogers,27,LAC,47,7,968,131,297,.441,18,63,.286,68,101,.673,65,114,179,77,47,22,66,140,348
338,Sean Rooks,29,LAL,36,0,315,32,79,.405,0,2,.000,34,48,.708,33,39,72,9,2,9,21,61,98
339,Jalen Rose,26,IND,49,1,1238,200,496,.403,17,65,.262,125,158,.791,34,120,154,93,50,15,72,128,542
340,Malik Rose,24,SAS,47,0,608,93,201,.463,0,1,.000,98,146,.671,90,92,182,29,40,22,56,120,284
Rk,Player,Age,Tm,G,GS,MP,FG,FGA,FG%,3P,3PA,3P%,FT,FTA,FT%,ORB,DRB,TRB,AST,STL,BLK,TOV,PF,PTS
341,Bryon Russell,28,UTA,50,50,1770,217,468,.464,52,147,.354,136,171,.795,65,201,266,74,76,15,76,154,622
342,Arvydas Sabonis*,34,POR,50,48,1349,232,478,.485,7,24,.292,135,175,.771,88,305,393,119,34,63,85,147,606
343,Jason Sasser,25,VAN,6,0,39,5,11,.455,0,0,,1,2,.500,2,5,7,2,2,0,2,4,11
344,Danny Schayes,39,ORL,19,1,143,11,29,.379,0,0,,6,8,.750,3,11,14,4,1,2,8,23,28
345,Dwayne Schintzius,30,BOS,16,0,67,4,16,.250,0,0,,3,4,.750,7,12,19,8,0,3,10,17,11
346,Detlef Schrempf,36,SEA,50,39,1765,259,549,.472,34,86,.395,200,243,.823,77,293,370,184,41,26,103,152,752
347,Dennis Scott,30,TOT,36,9,738,87,213,.408,37,97,.381,23,31,.742,8,50,58,40,15,3,19,49,234
347,Dennis Scott,30,NYK,15,0,206,17,56,.304,8,29,.276,1,4,.250,3,17,20,8,3,1,5,17,43
347,Dennis Scott,30,MIN,21,9,532,70,157,.446,29,68,.426,22,27,.815,5,33,38,32,12,2,14,32,191
348,Malik Sealy,28,MIN,31,7,731,95,231,.411,6,23,.261,55,61,.902,23,69,92,36,30,5,33,68,251
349,Rony Seikaly,33,NJN,9,0,88,4,20,.200,0,0,,7,18,.389,5,16,21,2,4,6,10,15,15
350,Charles Shackleford,32,CHH,32,4,367,44,90,.489,0,0,,19,29,.655,41,88,129,13,5,13,27,66,107
351,Brian Shaw,32,POR,1,0,5,0,1,.000,0,0,,0,0,,0,1,1,1,0,0,1,1,0
352,Casey Shaw,23,PHI,9,0,14,1,8,.125,0,0,,0,0,,3,0,3,0,0,0,2,2,2
353,Jeffrey Sheppard,24,ATL,18,5,185,15,39,.385,2,7,.286,8,13,.615,6,16,22,16,3,0,7,12,40
354,Miles Simon,23,ORL,5,0,19,1,5,.200,0,2,.000,0,0,,1,1,2,0,1,0,3,1,2
355,Dickey Simpkins,26,CHI,50,35,1448,150,324,.463,0,1,.000,156,242,.645,110,229,339,65,36,13,72,128,456
356,Alvin Sims,24,PHO,4,0,25,4,10,.400,1,1,1.000,2,5,.400,3,1,4,5,2,0,6,2,11
357,Brian Skinner,22,LAC,21,0,258,33,71,.465,0,0,,20,33,.606,20,33,53,1,10,13,19,20,86
358,Reggie Slater,28,TOR,30,0,263,31,81,.383,0,0,,53,85,.624,36,34,70,5,3,3,25,50,115
359,Charles Smith,23,LAC,23,10,317,35,97,.361,7,33,.212,7,16,.438,7,17,24,13,17,14,20,35,84
360,Joe Smith,23,MIN,43,42,1418,223,522,.427,0,3,.000,142,188,.755,154,200,354,68,32,66,66,147,588
Rk,Player,Age,Tm,G,GS,MP,FG,FGA,FG%,3P,3PA,3P%,FT,FTA,FT%,ORB,DRB,TRB,AST,STL,BLK,TOV,PF,PTS
361,Michael Smith,26,VAN,48,10,1098,77,144,.535,0,1,.000,76,128,.594,135,215,350,48,46,18,60,107,230
362,Steve Smith,29,ATL,36,36,1314,217,540,.402,47,139,.338,191,225,.849,50,101,151,118,36,11,99,100,672
363,Rik Smits,32,IND,49,49,1271,310,633,.490,0,2,.000,108,132,.818,73,202,275,52,18,52,75,159,728
364,Eric Snow,25,PHI,48,48,1716,149,348,.428,5,21,.238,110,150,.733,25,137,162,301,100,1,111,149,413
365,Felton Spencer,31,GSW,26,0,159,15,33,.455,0,0,,12,26,.462,18,28,46,0,5,10,9,41,42
366,Latrell Sprewell,28,NYK,37,4,1233,215,518,.415,21,77,.273,155,191,.812,41,115,156,91,46,2,79,65,606
367,Ryan Stack,23,CLE,18,0,199,14,37,.378,0,0,,19,20,.950,19,15,34,5,2,11,9,31,47
368,Jerry Stackhouse,24,DET,42,9,1188,181,488,.371,35,126,.278,210,247,.850,26,81,107,118,34,19,121,79,607
369,John Starks,33,GSW,50,50,1686,269,728,.370,78,269,.290,74,100,.740,33,130,163,235,69,5,83,135,690
370,Vladimir Stepania,22,SEA,23,6,313,53,125,.424,0,3,.000,21,40,.525,27,48,75,12,10,23,32,58,127
371,Michael Stewart,23,TOR,42,2,394,22,53,.415,0,0,,17,25,.680,43,56,99,5,4,28,12,76,61
372,Bryant Stith,28,DEN,46,32,1194,114,290,.393,31,106,.292,61,71,.859,30,77,107,82,28,15,45,65,320
373,John Stockton*,36,UTA,50,50,1410,200,410,.488,16,50,.320,137,169,.811,31,115,146,374,81,13,110,107,553
374,Peja Stojakovic,21,SAC,48,1,1025,141,373,.378,57,178,.320,63,74,.851,43,100,143,72,41,7,53,43,402
375,Damon Stoudamire,25,POR,50,50,1673,249,629,.396,44,142,.310,89,122,.730,41,126,167,312,49,4,110,81,631
376,Erick Strickland,25,DAL,33,2,567,89,221,.403,18,59,.305,53,65,.815,12,71,83,64,40,2,36,44,249
377,Mark Strickland,28,MIA,32,1,357,50,101,.495,0,1,.000,19,26,.731,26,52,78,9,7,8,13,28,119
378,Rod Strickland,32,WAS,44,43,1632,251,603,.416,12,42,.286,176,236,.746,56,156,212,434,76,5,142,91,690
379,Derek Strong,30,ORL,44,0,695,76,180,.422,0,2,.000,71,99,.717,66,95,161,17,15,7,37,64,223
380,Bruno Sundov,18,DAL,3,0,11,2,7,.286,0,0,,0,0,,0,0,0,1,0,0,1,4,4
Rk,Player,Age,Tm,G,GS,MP,FG,FGA,FG%,3P,3PA,3P%,FT,FTA,FT%,ORB,DRB,TRB,AST,STL,BLK,TOV,PF,PTS
381,Bob Sura,25,CLE,50,6,841,70,210,.333,9,45,.200,65,103,.631,21,81,102,152,46,14,67,98,214
382,Johnny Taylor,24,DEN,36,9,724,82,198,.414,26,68,.382,17,23,.739,30,71,101,24,28,17,34,97,207
383,Maurice Taylor,22,LAC,46,45,1505,311,675,.461,1,6,.167,150,206,.728,100,142,242,67,16,29,120,179,773
384,John Thomas,23,TOR,39,11,593,71,123,.577,0,1,.000,27,48,.563,65,69,134,15,17,9,21,82,169
385,Kurt Thomas,26,NYK,50,44,1182,170,368,.462,0,1,.000,66,108,.611,82,204,286,55,45,17,73,159,406
386,Tim Thomas,21,TOT,50,26,812,132,279,.473,21,68,.309,73,112,.652,49,77,126,46,26,12,46,107,358
386,Tim Thomas,21,PHI,17,0,188,27,67,.403,5,19,.263,19,24,.792,7,26,33,15,3,3,15,21,78
386,Tim Thomas,21,MIL,33,26,624,105,212,.495,16,49,.327,54,88,.614,42,51,93,31,23,9,31,86,280
387,Otis Thorpe,36,WAS,49,38,1539,240,440,.545,0,2,.000,74,106,.698,96,238,334,101,42,19,88,196,554
388,Robert Traylor,21,MIL,49,43,786,108,201,.537,0,1,.000,43,80,.538,80,102,182,38,44,44,42,140,259
389,Gary Trent,24,DAL,45,23,1362,287,602,.477,0,5,.000,145,235,.617,127,224,351,77,29,23,66,122,719
390,Nick Van Exel,27,DEN,50,50,1802,306,769,.398,72,234,.308,142,175,.811,14,99,113,368,40,3,121,90,826
391,Keith Van Horn,23,NJN,42,42,1576,322,752,.428,16,53,.302,256,298,.859,114,244,358,65,43,53,133,134,916
392,David Vaughn,25,NJN,10,0,103,13,24,.542,0,0,,8,10,.800,13,21,34,1,2,8,11,22,34
393,Jacque Vaughn,23,UTA,19,0,87,11,30,.367,2,8,.250,20,24,.833,1,10,11,12,5,0,14,14,44
394,Loy Vaught,30,DET,37,10,481,59,155,.381,0,1,.000,9,14,.643,36,110,146,11,15,6,17,54,127
395,Stojko Vrankovic,35,LAC,2,0,12,1,4,.250,0,0,,0,0,,4,2,6,0,0,0,0,2,2
396,Antoine Walker,22,BOS,42,41,1549,303,735,.412,65,176,.369,113,202,.559,106,253,359,130,63,28,119,142,784
397,Samaki Walker,22,DAL,39,2,568,88,190,.463,0,1,.000,53,98,.541,46,97,143,6,9,16,37,87,229
398,Ben Wallace,24,WAS,46,16,1231,115,199,.578,0,0,,47,132,.356,137,247,384,18,50,90,36,111,277
399,John Wallace,24,TOR,48,3,812,153,354,.432,0,0,,105,150,.700,54,117,171,46,12,43,70,92,411
400,Rasheed Wallace,24,POR,49,18,1414,242,476,.508,13,31,.419,131,179,.732,57,184,241,60,48,54,80,175,628
Rk,Player,Age,Tm,G,GS,MP,FG,FGA,FG%,3P,3PA,3P%,FT,FTA,FT%,ORB,DRB,TRB,AST,STL,BLK,TOV,PF,PTS
401,Rex Walters,28,MIA,33,13,506,35,95,.368,12,38,.316,19,23,.826,10,40,50,58,10,3,32,63,101
402,Charlie Ward,28,NYK,50,50,1556,135,334,.404,53,149,.356,55,78,.705,23,149,172,271,103,8,131,105,378
403,Eric Washington,24,DEN,38,6,761,73,184,.397,37,97,.381,22,32,.688,35,54,89,30,25,18,34,87,205
404,Jamie Watson,26,MIA,3,0,18,1,2,.500,0,0,,0,0,,0,1,1,1,0,0,1,1,2
405,Clarence Weatherspoon,28,MIA,49,3,1040,141,264,.534,0,0,,115,143,.804,72,171,243,34,28,17,61,107,397
406,Chris Webber,25,SAC,42,42,1719,378,778,.486,4,34,.118,79,174,.454,149,396,545,173,60,89,148,145,839
407,Bonzi Wells,22,POR,7,0,35,11,20,.550,1,3,.333,8,18,.444,4,5,9,3,1,1,6,5,31
408,Bill Wennington,35,CHI,38,3,451,62,178,.348,1,1,1.000,18,22,.818,20,59,79,18,13,12,17,79,143
409,David Wesley,28,CHH,50,50,1848,243,545,.446,61,170,.359,159,191,.832,23,138,161,322,100,10,142,130,706
410,Doug West,31,VAN,14,2,294,31,65,.477,0,2,.000,19,25,.760,5,20,25,19,16,7,12,38,81
411,Mark West,38,ATL,49,0,499,22,59,.373,0,0,,16,45,.356,49,76,125,13,4,22,17,81,60
412,DeJuan Wheat,25,VAN,46,0,590,73,193,.378,22,60,.367,40,55,.727,11,34,45,102,26,2,48,59,208
413,Tyson Wheeler,23,DEN,1,0,3,1,1,1.000,1,1,1.000,1,2,.500,0,0,0,2,0,0,0,1,4
414,Jahidi White,22,WAS,20,0,191,17,32,.531,0,0,,15,35,.429,23,35,58,1,3,11,12,39,49
415,Chris Whitney,27,WAS,39,1,441,64,156,.410,32,95,.337,27,31,.871,8,39,47,69,18,2,36,49,187
416,Dominique Wilkins*,39,ORL,27,2,252,50,132,.379,5,19,.263,29,42,.690,30,41,71,16,4,1,23,19,134
417,Gerald Wilkins,35,ORL,3,0,28,0,9,.000,0,0,,2,2,1.000,0,1,1,1,0,0,3,3,2
418,Aaron Williams,27,SEA,40,2,458,52,123,.423,0,1,.000,54,74,.730,54,74,128,22,14,24,30,75,158
419,Alvin Williams,24,TOR,50,45,1051,95,237,.401,14,42,.333,44,52,.846,19,63,82,130,51,12,56,94,248
420,Brandon Williams,23,SAS,3,0,4,0,0,,0,0,,2,4,.500,1,0,1,0,0,0,0,0,2
Rk,Player,Age,Tm,G,GS,MP,FG,FGA,FG%,3P,3PA,3P%,FT,FTA,FT%,ORB,DRB,TRB,AST,STL,BLK,TOV,PF,PTS
421,Eric Williams,26,DEN,38,8,780,80,219,.365,6,26,.231,111,139,.799,34,47,81,37,27,8,49,76,277
422,Herb Williams,40,NYK,6,0,34,4,8,.500,0,0,,2,2,1.000,3,3,6,0,0,2,2,2,10
423,Hot Rod Williams,36,DAL,25,11,403,11,33,.333,0,0,,7,10,.700,36,47,83,15,13,18,13,49,29
424,Jason Williams,23,SAC,50,50,1805,231,617,.374,100,323,.310,79,105,.752,14,139,153,299,95,1,143,91,641
425,Jayson Williams,30,NJN,30,30,1020,97,218,.445,0,2,.000,48,85,.565,147,213,360,33,24,60,46,126,242
426,Jerome Williams,25,DET,50,10,1154,124,248,.500,0,0,,107,159,.673,158,191,349,23,63,7,41,108,355
427,Micheal Williams,32,TOR,2,0,15,1,5,.200,0,0,,0,0,,1,0,1,0,0,0,1,1,2
428,Monty Williams,27,DEN,1,0,6,0,2,.000,0,0,,1,2,.500,0,0,0,0,0,0,0,0,1
429,Scott Williams,30,TOT,7,0,46,5,17,.294,0,0,,4,7,.571,3,11,14,1,3,2,4,9,14
429,Scott Williams,30,PHI,2,0,17,0,2,.000,0,0,,0,0,,1,1,2,1,2,1,2,4,0
429,Scott Williams,30,MIL,5,0,29,5,15,.333,0,0,,4,7,.571,2,10,12,0,1,1,2,5,14
430,Shammond Williams,23,ATL,2,0,4,0,1,.000,0,0,,3,4,.750,0,0,0,1,0,0,0,0,3
431,Travis Williams,29,CHH,8,0,62,6,13,.462,0,0,,3,4,.750,6,13,19,2,2,1,6,10,15
432,Walt Williams,28,POR,48,16,1044,147,347,.424,63,144,.438,89,107,.832,36,107,143,80,37,28,63,101,446
433,Corliss Williamson,25,SAC,50,50,1374,269,555,.485,1,5,.200,120,188,.638,85,121,206,66,30,8,75,118,659
434,Kevin Willis,36,TOR,42,38,1216,187,447,.418,0,2,.000,130,155,.839,109,241,350,67,28,28,86,134,504
435,David Wingate,35,NYK,20,0,92,7,16,.438,0,0,,0,0,,3,5,8,5,4,0,6,10,14
436,Trevor Winter,25,MIN,1,0,5,0,0,,0,0,,0,0,,1,2,3,0,0,0,0,5,0
437,Joe Wolf,34,CHH,3,0,12,0,1,.000,0,0,,0,2,.000,0,1,1,0,0,0,0,6,0
438,Haywoode Workman,33,MIL,29,29,815,73,170,.429,17,47,.362,37,47,.787,14,88,102,172,32,1,63,53,200
439,Lorenzen Wright,23,LAC,48,15,1135,119,260,.458,0,1,.000,81,117,.692,142,219,361,33,26,36,48,162,319
440,Korleone Young,20,DET,3,0,15,5,10,.500,1,4,.250,2,2,1.000,2,2,4,1,0,0,1,3,13