Rk,Player,Age,Tm,G,GS,MP,FG,FGA,FG%,3P,3PA,3P%,FT,FTA,FT%,ORB,DRB,TRB,AST,STL,BLK,TOV,PF,PTS
1,Tariq Abdul-Wahad,25,TOT,61,56,1578,274,646,.424,3,23,.130,146,193,.756,101,190,291,98,59,28,106,147,697
1,Tariq Abdul-Wahad,25,ORL,46,46,1205,223,515,.433,2,21,.095,115,151,.762,77,162,239,72,53,16,87,116,563
1,Tariq Abdul-Wahad,25,DEN,15,10,373,51,131,.389,1,2,.500,31,42,.738,24,28,52,26,6,12,19,31,134
2,Shareef Abdur-Rahim,23,VAN,82,82,3223,594,1277,.465,29,96,.302,446,551,.809,218,607,825,271,89,87,249,244,1663
3,Cory Alexander,26,DEN,29,2,329,28,98,.286,9,35,.257,17,22,.773,8,34,42,58,24,2,28,39,82
4,Ray Allen,24,MIL,82,82,3070,642,1411,.455,172,407,.423,353,398,.887,83,276,359,308,110,19,183,187,1809
5,Rafer Alston,23,MIL,27,0,361,27,95,.284,3,14,.214,3,4,.750,5,18,23,70,12,0,29,29,60
6,John Amaechi,29,ORL,80,53,1684,306,700,.437,1,6,.167,223,291,.766,62,204,266,95,35,37,139,161,836
7,Derek Anderson,25,LAC,64,58,2201,377,860,.438,55,178,.309,271,309,.877,80,178,258,220,90,11,167,149,1080
8,Kenny Anderson,29,BOS,82,82,2593,434,986,.440,85,220,.386,196,253,.775,55,170,225,420,139,8,130,230,1149
9,Nick Anderson,32,SAC,72,72,2094,306,782,.391,132,397,.332,37,76,.487,83,256,339,123,94,16,95,118,781
10,Shandon Anderson,26,HOU,82,82,2700,368,778,.473,79,225,.351,194,253,.767,91,293,384,239,96,32,194,182,1009
11,Chris Anstey,25,CHI,73,11,1007,161,364,.442,1,6,.167,116,147,.789,90,190,280,65,29,25,80,180,439
12,Greg Anthony,32,POR,82,3,1548,169,416,.406,88,233,.378,88,114,.772,17,116,133,208,59,9,85,143,514
13,B.J. Armstrong,32,CHI,27,18,583,83,186,.446,13,29,.448,22,25,.880,2,45,47,78,7,1,40,34,201
14,Darrell Armstrong,31,ORL,82,82,2590,484,1119,.433,137,403,.340,225,247,.911,65,205,270,501,169,9,248,137,1330
15,Chucky Atkins,25,ORL,82,0,1626,314,741,.424,57,163,.350,97,133,.729,20,106,126,306,52,3,142,137,782
16,Stacey Augmon,31,POR,59,0,692,83,175,.474,0,2,.000,37,55,.673,42,74,116,53,27,11,38,69,203
17,Isaac Austin,30,WAS,59,23,1173,151,352,.429,1,4,.250,94,137,.686,64,218,282,74,17,38,107,128,397
18,Anthony Avent,30,LAC,49,3,377,29,96,.302,0,0,,23,32,.719,23,51,74,11,16,15,24,62,81
19,William Avery,20,MIN,59,1,484,56,181,.309,18,63,.286,24,36,.667,8,32,40,88,14,2,42,60,154
20,Toby Bailey,24,PHO,46,2,449,58,140,.414,2,10,.200,45,65,.692,26,46,72,30,13,4,24,55,163
Rk,Player,Age,Tm,G,GS,MP,FG,FGA,FG%,3P,3PA,3P%,FT,FTA,FT%,ORB,DRB,TRB,AST,STL,BLK,TOV,PF,PTS
21,Vin Baker,28,SEA,79,75,2849,514,1129,.455,2,8,.250,281,412,.682,227,378,605,148,47,66,213,288,1311
22,Charles Barkley*,36,HOU,20,18,620,106,222,.477,6,26,.231,71,110,.645,71,138,209,63,14,4,44,48,289
23,Dana Barros,32,BOS,72,0,1139,196,435,.451,59,144,.410,66,76,.868,13,86,99,133,31,4,66,80,517
24,Brent Barry,28,SEA,80,74,2726,327,707,.463,164,399,.411,127,157,.809,50,322,372,291,103,31,142,228,945
25,Drew Barry,26,TOT,16,0,159,15,33,.455,7,18,.389,4,5,.800,0,12,12,33,2,0,13,23,41
25,Drew Barry,26,GSW,8,0,85,9,18,.500,3,9,.333,1,2,.500,0,8,8,17,2,0,6,14,22
25,Drew Barry,26,ATL,8,0,74,6,15,.400,4,9,.444,3,3,1.000,0,4,4,16,0,0,7,9,19
26,Jon Barry,30,SAC,62,1,1281,161,346,.465,66,154,.429,107,116,.922,38,121,159,150,75,7,85,104,495
27,Tony Battie,23,BOS,82,4,1505,219,459,.477,1,8,.125,102,151,.675,152,258,410,63,47,70,67,249,541
28,Jonathan Bender,19,IND,24,1,130,23,70,.329,2,12,.167,16,24,.667,4,17,21,3,1,5,7,18,64
29,Benoit Benjamin,35,CLE,3,0,8,1,3,.333,0,0,,0,0,,0,1,1,0,0,1,0,1,2
30,Corey Benjamin,21,CHI,48,10,862,145,350,.414,31,89,.348,49,82,.598,21,67,88,54,31,22,74,122,370
31,Mario Bennett,26,LAC,1,0,3,0,3,.000,0,0,,0,0,,1,1,2,0,0,0,0,1,0
32,Travis Best,27,IND,82,0,1691,271,561,.483,35,93,.376,156,190,.821,16,126,142,272,76,5,107,204,733
33,Mike Bibby,21,VAN,82,82,3155,459,1031,.445,77,212,.363,195,250,.780,73,233,306,665,132,15,247,171,1190
34,Chauncey Billups,23,DEN,13,5,305,34,101,.337,7,41,.171,37,44,.841,8,26,34,39,10,2,24,27,112
35,Mookie Blaylock,32,GSW,73,72,2459,327,837,.391,101,301,.336,67,95,.705,55,215,270,489,146,22,143,122,822
36,Corie Blount,31,PHO,38,1,446,44,89,.494,0,2,.000,19,33,.576,52,61,113,10,15,7,28,78,107
37,Muggsy Bogues,35,TOR,80,5,1731,157,358,.439,17,51,.333,79,87,.908,25,110,135,299,65,4,59,119,410
38,Etdrick Bohannon,26,TOT,13,0,118,7,13,.538,0,0,,15,24,.625,13,18,31,5,2,6,10,25,29
38,Etdrick Bohannon,26,NYK,2,0,5,0,0,,0,0,,3,4,.750,1,0,1,0,0,0,2,1,3
38,Etdrick Bohannon,26,LAC,11,0,113,7,13,.538,0,0,,12,20,.600,12,18,30,5,2,6,8,24,26
39,Calvin Booth,23,WAS,11,0,143,16,46,.348,0,0,,10,14,.714,15,17,32,7,3,14,6,23,42
40,Lazaro Borrell,27,SEA,17,6,167,28,63,.444,0,3,.000,6,11,.545,14,26,40,10,6,3,6,9,62
Rk,Player,Age,Tm,G,GS,MP,FG,FGA,FG%,3P,3PA,3P%,FT,FTA,FT%,ORB,DRB,TRB,AST,STL,BLK,TOV,PF,PTS
41,Cal Bowdler,22,ATL,46,0,423,49,115,.426,0,1,.000,24,38,.632,22,63,85,14,14,9,21,46,122
42,Bruce Bowen,28,TOT,69,2,878,72,194,.371,27,58,.466,25,43,.581,27,69,96,34,23,15,19,118,196
42,Bruce Bowen,28,PHI,42,0,311,26,73,.356,1,2,.500,6,12,.500,14,22,36,16,9,5,5,37,59
42,Bruce Bowen,28,MIA,27,2,567,46,121,.380,26,56,.464,19,31,.613,13,47,60,18,14,10,14,81,137
43,Ryan Bowen,24,DEN,52,0,589,46,117,.393,1,9,.111,38,53,.717,75,39,114,20,39,13,14,95,131
44,Ira Bowman,26,PHI,11,0,20,2,2,1.000,0,0,,1,2,.500,0,2,2,1,1,0,1,0,5
45,Earl Boykins,23,TOT,26,0,261,56,116,.483,8,20,.400,18,23,.783,12,14,26,48,12,1,17,23,138
45,Earl Boykins,23,ORL,1,0,8,3,4,.750,0,0,,0,0,,1,0,1,3,0,0,0,0,6
45,Earl Boykins,23,CLE,25,0,253,53,112,.473,8,20,.400,18,23,.783,11,14,25,45,12,1,17,23,132
46,Shawn Bradley,27,DAL,77,54,1901,266,555,.479,1,5,.200,114,149,.765,160,337,497,60,71,190,74,260,647
47,A.J. Bramlett,23,CLE,8,0,61,4,21,.190,0,0,,0,0,,12,10,22,0,1,0,3,13,8
48,Elton Brand,20,CHI,81,80,2999,630,1306,.482,0,2,.000,367,536,.685,348,462,810,155,66,132,228,259,1627
49,Terrell Brandon,29,MIN,71,71,2587,486,1042,.466,53,132,.402,187,208,.899,44,194,238,629,134,30,184,158,1212
50,Chucky Brown,31,TOT,63,29,1096,148,328,.451,2,10,.200,36,52,.692,35,132,167,66,20,18,45,114,334
50,Chucky Brown,31,SAS,30,27,602,82,176,.466,1,3,.333,25,31,.806,11,66,77,41,8,10,28,53,190
50,Chucky Brown,31,CHH,33,2,494,66,152,.434,1,7,.143,11,21,.524,24,66,90,25,12,8,17,61,144
51,Dee Brown,31,TOR,38,12,673,93,258,.360,67,187,.358,11,16,.688,9,45,54,86,24,5,39,62,264
52,Marcus Brown,25,DET,6,0,45,4,14,.286,0,7,.000,2,2,1.000,3,4,7,3,0,0,3,8,10
53,P.J. Brown,30,MIA,80,80,2302,322,671,.480,0,1,.000,120,159,.755,216,384,600,145,65,61,100,264,764
54,Randy Brown,31,CHI,59,55,1625,157,435,.361,3,6,.500,62,84,.738,23,121,144,202,61,15,105,120,379
55,Rick Brunson,27,NYK,37,0,289,29,70,.414,2,13,.154,11,18,.611,3,24,27,49,9,1,31,35,71
56,Kobe Bryant,21,LAL,66,62,2524,554,1183,.468,46,144,.319,331,403,.821,108,308,416,323,106,62,182,220,1485
57,Mark Bryant,34,CLE,75,50,1712,174,346,.503,0,0,,76,94,.809,126,226,352,61,31,31,87,250,424
58,Greg Buckner,23,DAL,48,1,923,111,233,.476,10,26,.385,43,63,.683,56,118,174,55,38,20,36,148,275
59,Jud Buechler,31,DET,58,5,657,55,156,.353,18,83,.217,2,7,.286,30,61,91,33,25,16,13,50,130
60,Rodney Buford,22,MIA,34,0,386,62,151,.411,7,29,.241,16,22,.727,10,38,48,21,10,8,9,44,147
Rk,Player,Age,Tm,G,GS,MP,FG,FGA,FG%,3P,3PA,3P%,FT,FTA,FT%,ORB,DRB,TRB,AST,STL,BLK,TOV,PF,PTS
61,Matt Bullard,32,HOU,56,27,1024,139,340,.409,79,177,.446,25,30,.833,13,125,138,63,19,13,36,85,382
62,Scott Burrell,29,NJN,74,9,1336,165,419,.394,82,232,.353,39,50,.780,65,191,256,72,67,44,38,173,451
63,Jason Caffey,26,GSW,71,56,2159,323,675,.479,0,2,.000,206,345,.597,189,293,482,119,62,20,170,269,852
64,Michael Cage,38,NJN,20,7,242,12,24,.500,0,0,,3,3,1.000,33,48,81,9,8,8,4,30,27
65,Marcus Camby,25,NYK,59,11,1548,226,471,.480,1,2,.500,148,221,.670,174,287,461,49,43,116,72,204,601
66,Elden Campbell,31,CHH,78,77,2538,370,829,.446,0,6,.000,247,358,.690,168,422,590,129,56,150,127,269,987
67,Antoine Carr,38,VAN,21,0,221,28,64,.438,0,0,,11,14,.786,8,24,32,7,3,6,9,42,67
68,Chris Carr,25,TOT,57,2,1166,196,496,.395,32,101,.317,107,125,.856,41,132,173,84,30,15,117,113,531
68,Chris Carr,25,GSW,7,0,74,11,33,.333,1,8,.125,16,19,.842,5,8,13,3,0,1,5,12,39
68,Chris Carr,25,CHI,50,2,1092,185,463,.400,31,93,.333,91,106,.858,36,124,160,81,30,14,112,101,492
69,Anthony Carter,24,MIA,79,30,1859,201,509,.395,3,23,.130,93,124,.750,48,151,199,378,93,5,173,167,498
70,Vince Carter,23,TOR,82,82,3126,788,1696,.465,95,236,.403,436,551,.791,150,326,476,322,110,92,178,263,2107
71,Sam Cassell,30,MIL,81,81,2899,545,1170,.466,26,90,.289,390,445,.876,69,232,301,729,102,8,267,255,1506
72,Kelvin Cato,25,HOU,65,32,1581,216,402,.537,0,4,.000,135,208,.649,102,287,389,26,33,124,71,175,567
73,Duane Causwell,31,MIA,25,2,185,20,37,.541,0,0,,26,38,.684,11,36,47,2,2,16,10,42,66
74,Cedric Ceballos,30,DAL,69,25,2064,447,1002,.446,44,134,.328,209,248,.843,172,290,462,90,56,24,125,165,1147
75,John Celestand,22,LAL,16,0,185,15,45,.333,2,9,.222,5,6,.833,1,10,11,20,7,0,16,22,37
76,Rex Chapman,32,PHO,53,19,957,124,320,.388,41,123,.333,59,78,.756,10,70,80,62,22,1,38,70,348
77,Calbert Cheaney,28,BOS,67,19,1309,120,273,.440,18,54,.333,9,21,.429,23,115,138,80,44,14,46,158,267
78,Pete Chilcutt,31,TOT,56,2,601,53,127,.417,6,26,.231,8,8,1.000,46,85,131,27,15,10,20,73,120
78,Pete Chilcutt,31,UTA,26,0,224,22,62,.355,1,10,.100,2,2,1.000,15,28,43,10,5,4,9,31,47
78,Pete Chilcutt,31,CLE,6,0,30,0,2,.000,0,0,,0,0,,4,5,9,1,0,0,0,3,0
78,Pete Chilcutt,31,LAC,24,2,347,31,63,.492,5,16,.313,6,6,1.000,27,52,79,16,10,6,11,39,73
79,Chris Childs,32,NYK,71,2,1675,146,357,.409,37,104,.356,47,59,.797,17,130,147,285,36,4,105,240,376
80,Doug Christie,29,TOR,73,73,2264,311,764,.407,99,275,.360,182,216,.843,63,222,285,321,102,43,144,167,903
Rk,Player,Age,Tm,G,GS,MP,FG,FGA,FG%,3P,3PA,3P%,FT,FTA,FT%,ORB,DRB,TRB,AST,STL,BLK,TOV,PF,PTS
81,Keon Clark,24,DEN,81,20,1850,286,528,.542,1,8,.125,121,176,.688,162,343,505,71,45,114,125,231,694
82,Keith Closs,23,LAC,57,6,820,96,197,.487,0,3,.000,46,78,.590,65,114,179,25,13,73,34,80,238
83,Derrick Coleman,32,CHH,74,64,2347,446,979,.456,51,141,.362,296,377,.785,124,508,632,175,34,130,173,195,1239
84,Bimbo Coles,31,ATL,80,54,1924,276,607,.455,8,39,.205,85,104,.817,30,142,172,290,58,11,103,178,645
85,Marty Conlon,32,LAC,3,0,9,1,2,.500,0,0,,0,0,,1,1,2,0,0,0,0,1,2
86,Tyrone Corbin,37,SAC,54,5,941,88,247,.356,10,44,.227,33,39,.846,40,125,165,60,36,5,29,99,219
87,Chris Crawford,24,ATL,55,11,668,91,229,.397,7,27,.259,63,81,.778,51,48,99,33,17,16,37,83,252
88,Austin Croshere,24,IND,81,14,1885,288,653,.441,63,174,.362,196,231,.848,135,381,516,89,44,60,121,203,835
89,John Crotty,30,DET,69,0,937,106,251,.422,33,80,.413,80,93,.860,17,58,75,128,27,5,54,104,325
90,Terry Cummings,38,GSW,22,0,398,76,177,.429,0,0,,32,39,.821,45,62,107,21,13,8,27,74,184
91,Vonteego Cummings,23,GSW,75,11,1793,265,655,.405,49,151,.325,127,169,.751,57,127,184,247,91,13,132,174,706
92,Bill Curley,27,TOT,28,0,309,29,68,.426,0,1,.000,18,25,.720,18,32,50,14,13,4,21,61,76
92,Bill Curley,27,HOU,4,0,50,6,11,.545,0,0,,0,0,,4,4,8,0,2,0,4,10,12
92,Bill Curley,27,GSW,24,0,259,23,57,.404,0,1,.000,18,25,.720,14,28,42,14,11,4,17,51,64
93,Dell Curry,35,TOR,67,9,1095,194,454,.427,95,242,.393,24,32,.750,11,89,100,89,32,9,40,66,507
94,Michael Curry,31,DET,82,3,1611,182,379,.480,1,5,.200,141,168,.839,21,83,104,87,33,5,73,209,506
95,Erick Dampier,24,GSW,21,12,495,70,173,.405,0,0,,27,51,.529,48,86,134,19,8,15,29,75,167
96,Antonio Daniels,24,SAS,68,1,1195,163,344,.474,22,66,.333,72,101,.713,16,70,86,177,55,5,58,73,420
97,Kornel David,28,TOT,32,5,474,67,157,.427,0,3,.000,45,56,.804,26,55,81,17,17,3,33,56,179
97,Kornel David,28,CHI,26,5,443,63,148,.426,0,3,.000,42,52,.808,22,51,73,16,13,2,31,49,168
97,Kornel David,28,CLE,6,0,31,4,9,.444,0,0,,3,4,.750,4,4,8,1,4,1,2,7,11
98,Antonio Davis,31,TOR,79,78,2479,313,712,.440,0,0,,284,371,.765,235,461,696,105,38,100,121,267,910
99,Baron Davis,20,CHH,82,0,1523,182,433,.420,25,111,.225,97,153,.634,48,117,165,309,97,19,140,201,486
100,Ben Davis,27,PHO,5,0,22,2,6,.333,0,0,,0,0,,3,6,9,2,1,1,3,2,4
Rk,Player,Age,Tm,G,GS,MP,FG,FGA,FG%,3P,3PA,3P%,FT,FTA,FT%,ORB,DRB,TRB,AST,STL,BLK,TOV,PF,PTS
101,Dale Davis,30,IND,74,72,2127,302,602,.502,0,0,,139,203,.685,256,473,729,64,52,94,91,203,743
102,Emanual Davis,31,SEA,54,2,701,80,220,.364,31,103,.301,26,38,.684,15,85,100,70,38,5,44,72,217
103,Hubert Davis,29,DAL,79,15,1817,217,464,.468,82,167,.491,67,77,.870,17,117,134,141,24,3,70,109,583
104,Mark Davis,26,GSW,23,7,464,56,137,.409,0,2,.000,31,47,.660,31,53,84,38,25,4,40,52,143
105,Ricky Davis,20,CHH,48,4,570,94,187,.503,0,4,.000,39,51,.765,29,54,83,62,30,8,46,39,227
106,Todd Day,30,PHO,58,1,941,130,330,.394,64,165,.388,72,108,.667,31,98,129,65,44,22,50,127,396
107,Andrew DeClercq,26,CLE,82,31,1831,225,443,.508,0,0,,94,160,.588,156,283,439,58,63,66,108,275,544
108,Vinny Del Negro,33,MIL,67,0,1211,153,325,.471,8,24,.333,35,39,.897,9,98,107,160,36,0,48,81,349
109,Tony Delk,26,SAC,46,1,682,120,279,.430,9,40,.225,47,59,.797,36,52,88,55,35,5,32,58,296
110,Derrick Dial,24,SAS,8,0,95,17,46,.370,3,12,.250,3,5,.600,14,12,26,5,1,1,6,10,40
111,Michael Dickerson,24,VAN,82,82,3103,554,1270,.436,119,291,.409,269,324,.830,78,201,279,208,116,45,165,226,1496
112,Vlade Divac,31,SAC,82,81,2374,384,764,.503,7,26,.269,230,333,.691,174,482,656,244,103,103,190,251,1005
113,Michael Doleac,22,ORL,81,29,1335,242,535,.452,1,2,.500,80,95,.842,89,245,334,63,29,34,65,224,565
114,Sherman Douglas,33,NJN,20,2,309,45,90,.500,5,16,.313,25,28,.893,13,16,29,34,17,0,24,26,120
115,Bryce Drew,25,HOU,72,5,1293,158,413,.383,59,163,.362,45,53,.849,23,80,103,162,41,1,66,79,420
116,Chris Dudley,34,NYK,47,3,459,23,67,.343,0,0,,9,27,.333,63,73,136,5,7,21,18,95,55
117,Tim Duncan,23,SAS,74,74,2875,628,1281,.490,1,11,.091,459,603,.761,262,656,918,234,66,165,242,210,1716
118,Howard Eisley,27,UTA,82,5,2096,282,675,.418,60,163,.368,84,102,.824,23,147,170,347,59,9,132,223,708
119,Obinna Ekezie,24,VAN,39,0,351,41,88,.466,0,0,,43,64,.672,34,58,92,8,9,4,26,61,125
120,Mario Elie,36,SAS,79,79,2217,195,457,.427,74,186,.398,126,149,.846,48,201,249,193,73,9,130,156,590
Rk,Player,Age,Tm,G,GS,MP,FG,FGA,FG%,3P,3PA,3P%,FT,FTA,FT%,ORB,DRB,TRB,AST,STL,BLK,TOV,PF,PTS
121,Sean Elliott,31,SAS,19,19,391,38,106,.358,13,37,.351,25,32,.781,6,41,47,28,12,2,19,34,114
122,Dale Ellis,39,TOT,42,5,564,66,159,.415,37,100,.370,9,13,.692,13,43,56,14,13,0,20,45,178
122,Dale Ellis,39,MIL,18,0,324,47,101,.465,23,65,.354,6,9,.667,7,27,34,6,6,0,7,23,123
122,Dale Ellis,39,CHH,24,5,240,19,58,.328,14,35,.400,3,4,.750,6,16,22,8,7,0,13,22,55
123,LaPhonso Ellis,29,ATL,58,8,1309,209,464,.450,3,21,.143,66,95,.695,98,192,290,59,32,25,52,133,487
124,Pervis Ellison,32,BOS,30,5,269,19,43,.442,0,0,,15,21,.714,29,38,67,13,10,8,13,67,53
125,Evan Eschmeyer,24,NJN,31,5,373,38,72,.528,0,0,,15,30,.500,40,68,108,21,8,21,21,84,91
126,Patrick Ewing*,37,NYK,62,62,2035,361,775,.466,0,2,.000,207,283,.731,140,464,604,58,36,84,142,196,929
127,Tony Farmer,30,GSW,74,9,1199,127,312,.407,8,44,.182,203,265,.766,118,177,295,74,66,16,82,167,465
128,Jamie Feick,25,NJN,81,17,2241,181,423,.428,3,3,1.000,94,133,.707,264,491,755,68,43,38,59,206,459
129,Danny Ferry,33,CLE,63,3,1326,189,380,.497,33,75,.440,52,57,.912,55,183,238,67,22,24,55,181,463
130,Michael Finley,26,DAL,82,82,3464,748,1636,.457,99,247,.401,260,317,.820,122,396,518,438,109,32,196,171,1855
131,Derek Fisher,25,LAL,78,22,1803,167,483,.346,52,166,.313,105,145,.724,22,121,143,216,80,3,75,150,491
132,Danny Fortson,23,BOS,55,5,856,140,265,.528,0,0,,139,189,.735,141,225,366,29,20,5,67,180,419
133,Greg Foster,31,SEA,60,5,718,91,224,.406,3,15,.200,18,28,.643,16,91,107,41,10,18,28,105,203
134,Jeff Foster,23,IND,19,0,86,13,23,.565,0,1,.000,17,25,.680,12,20,32,5,5,1,2,18,43
135,Rick Fox,30,LAL,82,1,1473,206,498,.414,59,181,.326,63,78,.808,63,135,198,138,52,26,87,203,534
136,Adonal Foyle,24,GSW,76,59,1654,193,380,.508,0,0,,34,90,.378,174,250,424,42,26,136,71,218,420
137,Steve Francis,22,HOU,77,77,2776,497,1117,.445,107,310,.345,287,365,.786,152,257,409,507,118,29,306,231,1388
138,Todd Fuller,25,CHH,41,2,399,51,122,.418,0,0,,32,53,.604,36,74,110,5,9,8,27,46,134
139,Lawrence Funderburke,29,SAC,75,1,1026,184,352,.523,0,2,.000,115,163,.706,98,136,234,33,32,20,40,91,483
140,Kevin Garnett,23,MIN,81,81,3243,759,1526,.497,30,81,.370,309,404,.765,223,733,956,401,120,126,268,205,1857
Rk,Player,Age,Tm,G,GS,MP,FG,FGA,FG%,3P,3PA,3P%,FT,FTA,FT%,ORB,DRB,TRB,AST,STL,BLK,TOV,PF,PTS
141,Dean Garrett,33,MIN,56,23,604,48,108,.444,0,0,,18,26,.692,41,99,140,19,8,40,21,94,114
142,Kiwane Garris,25,ORL,3,0,23,2,10,.200,0,1,.000,0,0,,0,1,1,2,0,0,1,0,4
143,Pat Garrity,23,ORL,82,1,1479,258,585,.441,79,197,.401,80,111,.721,44,166,210,58,31,19,85,197,675
144,Chris Gatling,32,TOT,85,0,1811,365,802,.455,18,70,.257,266,373,.713,154,348,502,71,82,23,169,246,1014
144,Chris Gatling,32,ORL,45,0,1041,210,462,.455,7,23,.304,171,245,.698,91,206,297,40,48,10,105,142,598
144,Chris Gatling,32,DEN,40,0,770,155,340,.456,11,47,.234,95,128,.742,63,142,205,31,34,13,64,104,416
145,Matt Geiger,30,PHI,65,20,1406,260,589,.441,0,4,.000,109,140,.779,154,233,387,39,29,22,91,194,629
146,Devean George,22,LAL,49,1,345,56,144,.389,16,47,.340,27,41,.659,29,46,75,12,10,4,21,54,155
147,Kendall Gill,31,NJN,76,75,2355,396,956,.414,20,78,.256,181,255,.710,82,201,283,210,139,41,89,211,993
148,Armen Gilliam,35,UTA,50,0,782,133,305,.436,0,1,.000,67,86,.779,72,137,209,42,12,16,55,83,333
149,Dion Glover,21,ATL,30,1,446,66,171,.386,12,45,.267,51,70,.729,15,23,38,27,15,4,28,28,195
150,Brian Grant,27,POR,63,14,1322,173,352,.491,1,2,.500,112,166,.675,121,223,344,64,32,28,84,166,459
151,Gary Grant,34,POR,3,0,24,6,14,.429,0,0,,0,0,,0,3,3,1,1,0,2,3,12
152,Horace Grant,34,SEA,76,76,2688,266,599,.444,0,4,.000,80,111,.721,167,424,591,188,55,60,61,192,612
153,Devin Gray,27,HOU,21,2,124,15,37,.405,0,0,,19,29,.655,11,14,25,5,5,3,4,22,49
154,A.C. Green,36,LAL,82,82,1929,173,387,.447,1,4,.250,66,95,.695,160,326,486,80,53,18,53,127,413
155,Adrian Griffin,25,BOS,72,47,1927,175,413,.424,16,57,.281,119,158,.753,128,244,372,177,116,15,93,222,485
156,Tom Gugliotta,30,PHO,54,54,1767,310,645,.481,1,8,.125,117,151,.775,141,284,425,124,80,31,106,152,738
157,Darvin Ham,26,MIL,35,21,792,71,128,.555,0,1,.000,35,78,.449,85,87,172,42,29,29,29,102,177
158,Richard Hamilton,21,WAS,71,12,1373,254,605,.420,28,77,.364,103,133,.774,38,91,129,108,28,6,84,142,639
159,Thomas Hamilton,24,HOU,22,7,273,35,79,.443,0,0,,12,23,.522,31,59,90,15,4,14,28,25,82
160,Tom Hammonds,32,MIN,56,0,372,42,97,.433,0,0,,33,56,.589,34,67,101,10,8,3,21,55,117
Rk,Player,Age,Tm,G,GS,MP,FG,FGA,FG%,3P,3PA,3P%,FT,FTA,FT%,ORB,DRB,TRB,AST,STL,BLK,TOV,PF,PTS
161,Anfernee Hardaway,28,PHO,60,60,2253,378,798,.474,33,102,.324,226,286,.790,91,256,347,315,94,38,153,164,1015
162,Tim Hardaway,33,MIA,52,52,1672,246,638,.386,94,256,.367,110,133,.827,25,125,150,385,49,4,119,112,696
163,Ron Harper,36,LAL,80,78,2042,212,531,.399,33,106,.311,100,147,.680,96,241,337,270,85,39,132,164,557
164,Matt Harpring,23,ORL,4,0,63,4,17,.235,2,2,1.000,6,7,.857,5,7,12,8,5,1,1,7,16
165,Al Harrington,19,IND,50,0,854,121,264,.458,8,34,.235,78,111,.703,47,112,159,38,25,9,65,130,328
166,Othella Harrington,26,VAN,82,82,2677,420,830,.506,0,2,.000,236,298,.792,196,367,563,97,36,58,217,287,1076
167,Lucious Harris,29,NJN,77,11,1510,198,463,.428,38,115,.330,79,99,.798,53,134,187,100,65,6,42,98,513
168,Antonio Harvey,29,POR,19,0,137,17,30,.567,0,0,,7,12,.583,8,25,33,5,1,6,12,20,41
169,Hersey Hawkins,33,CHI,61,49,1622,159,375,.424,55,141,.390,107,119,.899,31,144,175,134,74,15,100,146,480
170,Michael Hawkins,27,CHH,12,0,36,3,13,.231,1,5,.200,1,2,.500,0,7,7,13,0,0,3,2,8
171,Alan Henderson,27,ATL,82,82,2775,429,930,.461,1,10,.100,224,334,.671,265,306,571,77,81,54,139,233,1083
172,Cedric Henderson,24,CLE,61,7,1107,129,326,.396,1,15,.067,69,104,.663,34,106,140,55,39,17,68,99,328
173,Mark Hendrickson,25,TOT,15,0,71,5,8,.625,0,0,,3,4,.750,3,10,13,6,2,1,3,8,13
173,Mark Hendrickson,25,CLE,10,0,47,5,7,.714,0,0,,2,2,1.000,2,9,11,3,2,1,3,7,12
173,Mark Hendrickson,25,NJN,5,0,24,0,1,.000,0,0,,1,2,.500,1,1,2,3,0,0,0,1,1
174,Chris Herren,24,DEN,45,1,597,45,124,.363,24,67,.358,27,40,.675,12,40,52,111,15,2,42,74,141
175,Grant Hill,27,DET,74,74,2776,696,1422,.489,34,98,.347,480,604,.795,97,393,490,385,103,43,240,190,1906
176,Tyrone Hill,31,PHI,68,65,2155,318,656,.485,0,1,.000,179,259,.691,220,405,625,52,64,27,124,243,815
177,Fred Hoiberg,27,CHI,31,11,845,89,230,.387,32,94,.340,69,76,.908,7,103,110,85,40,2,43,66,279
178,Derek Hood,23,CHH,2,0,4,0,3,.000,0,0,,0,0,,0,1,1,0,0,0,0,0,0
179,Jeff Hornacek,36,UTA,77,77,2133,358,728,.492,66,138,.478,171,180,.950,49,133,182,202,66,16,113,149,953
180,Robert Horry,29,LAL,76,0,1685,159,363,.438,29,94,.309,89,113,.788,133,228,361,118,84,80,73,189,436
Rk,Player,Age,Tm,G,GS,MP,FG,FGA,FG%,3P,3PA,3P%,FT,FTA,FT%,ORB,DRB,TRB,AST,STL,BLK,TOV,PF,PTS
181,Allan Houston,28,NYK,82,82,3169,614,1271,.483,106,243,.436,280,334,.838,38,233,271,224,65,14,186,219,1614
182,Juwan Howard,26,WAS,82,82,2909,509,1108,.459,0,7,.000,202,275,.735,132,338,470,247,67,21,225,299,1220
183,Troy Hudson,23,LAC,62,38,1592,204,541,.377,60,193,.311,77,95,.811,28,120,148,242,43,0,108,65,545
184,Larry Hughes,21,TOT,82,37,2324,459,1147,.400,29,125,.232,279,377,.740,113,236,349,205,115,28,195,191,1226
184,Larry Hughes,21,PHI,50,5,1018,192,461,.416,11,51,.216,106,142,.746,52,107,159,75,54,12,95,94,501
184,Larry Hughes,21,GSW,32,32,1306,267,686,.389,18,74,.243,173,235,.736,61,129,190,130,61,16,100,97,725
185,Rick Hughes,26,DAL,21,0,224,35,72,.486,0,1,.000,12,26,.462,24,25,49,9,3,1,14,30,82
186,Lindsey Hunter,29,DET,82,82,2919,379,892,.425,168,389,.432,117,154,.760,35,215,250,327,129,22,145,216,1043
187,Allen Iverson,24,PHI,70,70,2853,729,1733,.421,89,261,.341,442,620,.713,71,196,267,328,144,5,230,162,1989
188,Bobby Jackson,26,MIN,73,10,1034,140,346,.405,13,46,.283,76,98,.776,50,103,153,172,48,7,58,114,369
189,Jaren Jackson,32,SAS,81,12,1691,186,488,.381,108,306,.353,33,51,.647,34,147,181,118,54,7,66,157,513
190,Jermaine Jackson,23,DET,7,0,73,1,11,.091,0,1,.000,5,8,.625,1,10,11,4,3,0,7,7,7
191,Jim Jackson,29,ATL,79,76,2767,507,1235,.411,117,303,.386,186,212,.877,101,293,394,230,57,10,185,167,1317
192,Mark Jackson,34,IND,81,81,2190,246,570,.432,89,221,.403,79,98,.806,63,233,296,650,76,10,174,111,660
193,Randell Jackson,24,DAL,1,0,1,0,0,,0,0,,0,0,,0,0,0,0,0,0,0,0,0
194,Sam Jacobson,24,TOT,52,5,681,108,212,.509,9,24,.375,30,41,.732,25,46,71,32,30,3,33,113,255
194,Sam Jacobson,24,LAL,3,0,18,5,9,.556,0,0,,0,2,.000,0,1,1,2,1,0,2,1,10
194,Sam Jacobson,24,GSW,49,5,663,103,203,.507,9,24,.375,30,39,.769,25,45,70,30,29,3,31,112,245
195,Tim James,23,MIA,4,0,23,5,14,.357,0,0,,1,3,.333,3,1,4,2,0,3,2,1,11
196,Antawn Jamison,23,GSW,43,41,1556,356,756,.471,2,7,.286,127,208,.611,172,187,359,90,30,15,113,115,841
197,Harold Jamison,23,MIA,12,0,74,7,20,.350,0,0,,4,18,.222,16,5,21,4,2,1,4,17,18
198,Anthony Johnson,25,TOT,56,6,637,62,164,.378,2,11,.182,28,39,.718,21,30,51,72,33,4,32,58,154
198,Anthony Johnson,25,ATL,38,2,423,36,103,.350,1,6,.167,19,24,.792,15,24,39,59,23,2,24,41,92
198,Anthony Johnson,25,ORL,18,4,214,26,61,.426,1,5,.200,9,15,.600,6,6,12,13,10,2,8,17,62
199,Avery Johnson,34,SAS,82,82,2571,402,850,.473,1,9,.111,114,155,.735,33,125,158,491,76,18,140,150,919
200,DeMarco Johnson,24,NYK,5,0,37,3,9,.333,0,0,,0,0,,3,4,7,0,1,0,3,5,6
Rk,Player,Age,Tm,G,GS,MP,FG,FGA,FG%,3P,3PA,3P%,FT,FTA,FT%,ORB,DRB,TRB,AST,STL,BLK,TOV,PF,PTS
201,Ervin Johnson,32,MIL,80,74,2129,144,279,.516,0,1,.000,95,157,.605,233,415,648,44,81,127,80,298,383
202,Kevin Johnson,33,PHO,6,0,113,16,28,.571,1,1,1.000,7,7,1.000,0,16,16,24,2,0,7,6,40
203,Larry Johnson,30,NYK,70,68,2281,282,652,.433,58,174,.333,128,167,.766,87,293,380,175,42,7,94,205,750
204,Charles Jones,24,LAC,56,0,662,66,201,.328,39,118,.331,17,23,.739,17,45,62,94,30,5,28,46,188
205,Damon Jones,23,TOT,55,1,612,80,208,.385,41,114,.360,32,48,.667,12,43,55,96,18,1,40,34,233
205,Damon Jones,23,GSW,13,1,196,25,54,.463,11,23,.478,7,9,.778,0,16,16,39,6,0,15,13,68
205,Damon Jones,23,DAL,42,0,416,55,154,.357,30,91,.330,25,39,.641,12,27,39,57,12,1,25,21,165
206,Eddie Jones,28,CHH,72,72,2807,478,1119,.427,128,341,.375,362,419,.864,81,262,343,305,192,49,160,176,1446
207,Jumaine Jones,20,PHI,33,0,138,22,58,.379,2,4,.500,11,18,.611,16,22,38,5,6,5,14,10,57
208,Popeye Jones,29,DEN,40,1,330,44,104,.423,2,3,.667,14,19,.737,41,62,103,19,3,6,13,50,104
209,Reggie Jordan,32,WAS,36,0,243,17,53,.321,0,1,.000,7,13,.538,16,25,41,32,12,2,19,29,41
210,Adam Keefe,29,UTA,62,3,604,53,130,.408,0,1,.000,29,36,.806,45,91,136,34,17,13,46,90,135
211,Shawn Kemp,30,CLE,82,82,2492,484,1160,.417,2,6,.333,493,635,.776,231,494,725,138,100,96,291,371,1463
212,Steve Kerr,34,SAS,32,0,268,32,74,.432,16,31,.516,9,11,.818,3,16,19,12,4,0,7,14,89
213,Jerome Kersey,37,SAS,72,18,1310,146,354,.412,0,9,.000,29,41,.707,58,167,225,69,67,47,51,161,321
214,Lari Ketner,22,TOT,22,0,132,13,32,.406,0,0,,8,12,.667,12,22,34,1,4,3,10,20,34
214,Lari Ketner,22,CHI,6,0,41,4,10,.400,0,0,,2,2,1.000,0,7,7,1,1,1,3,8,10
214,Lari Ketner,22,CLE,16,0,91,9,22,.409,0,0,,6,10,.600,12,15,27,0,3,2,7,12,24
215,Jason Kidd,26,PHO,67,67,2616,350,855,.409,56,166,.337,203,245,.829,96,387,483,678,134,28,226,148,959
216,Gerard King,27,WAS,62,28,1060,139,277,.502,0,0,,49,66,.742,84,166,250,49,34,15,41,132,327
217,Kerry Kittles,25,NJN,62,61,1896,305,698,.437,96,240,.400,101,127,.795,46,179,225,142,79,19,56,120,807
218,Joe Kleine,38,POR,7,0,31,4,11,.364,0,0,,3,3,1.000,0,6,6,2,1,0,2,7,11
219,Brevin Knight,24,CLE,65,46,1754,230,558,.412,2,10,.200,140,184,.761,38,155,193,458,107,21,157,185,602
220,Travis Knight,25,LAL,63,0,410,46,118,.390,0,0,,17,28,.607,46,83,129,23,6,23,26,88,109
Rk,Player,Age,Tm,G,GS,MP,FG,FGA,FG%,3P,3PA,3P%,FT,FTA,FT%,ORB,DRB,TRB,AST,STL,BLK,TOV,PF,PTS
221,Toni Kukoc,31,TOT,56,31,1784,297,728,.408,44,168,.262,192,265,.725,75,198,273,265,77,28,146,112,830
221,Toni Kukoc,31,CHI,24,23,868,148,388,.381,18,78,.231,118,155,.761,37,93,130,124,44,19,75,51,432
221,Toni Kukoc,31,PHI,32,8,916,149,340,.438,26,90,.289,74,110,.673,38,105,143,141,33,9,71,61,398
222,Christian Laettner,30,DET,82,82,2443,379,801,.473,7,24,.292,237,292,.812,175,378,553,186,83,45,186,326,1002
223,Raef LaFrentz,23,DEN,81,80,2435,392,879,.446,60,183,.328,162,236,.686,170,471,641,97,42,180,96,292,1006
224,Andrew Lang,33,NYK,19,10,244,28,64,.438,0,0,,3,7,.429,16,44,60,3,8,6,5,31,59
225,Antonio Lang,27,TOT,10,0,38,1,6,.167,0,0,,4,5,.800,0,5,5,2,4,1,2,8,6
225,Antonio Lang,27,TOR,7,0,32,0,5,.000,0,0,,3,4,.750,0,5,5,1,4,1,2,7,3
225,Antonio Lang,27,PHI,3,0,6,1,1,1.000,0,0,,1,1,1.000,0,0,0,1,0,0,0,1,3
226,Trajan Langdon,23,CLE,10,0,145,15,40,.375,8,19,.421,11,11,1.000,4,11,15,11,5,0,6,16,49
227,Rusty LaRue,26,CHI,4,1,129,15,43,.349,2,14,.143,5,7,.714,1,9,10,11,7,0,7,9,37
228,Tim Legler,33,GSW,23,4,284,28,78,.359,7,21,.333,14,18,.778,4,19,23,24,4,1,6,33,77
229,Voshon Lenard,26,MIA,53,13,1434,228,560,.407,89,228,.390,84,106,.792,37,116,153,136,41,15,80,127,629
230,Quincy Lewis,22,UTA,74,0,896,111,298,.372,23,63,.365,38,52,.731,46,67,113,40,24,15,46,158,283
231,Rashard Lewis,20,SEA,82,8,1575,275,566,.486,40,120,.333,84,123,.683,127,209,336,70,62,36,78,163,674
232,Randy Livingston,24,PHO,79,15,1081,155,373,.416,19,55,.345,52,62,.839,25,105,130,170,49,13,92,129,381
233,Grant Long,33,VAN,42,1,920,74,167,.443,0,4,.000,55,71,.775,86,148,234,43,45,10,49,108,203
234,Luc Longley,31,PHO,72,68,1417,186,399,.466,0,0,,80,97,.825,100,223,323,77,22,42,136,221,452
235,Felipe Lopez,25,VAN,65,0,781,111,261,.425,3,18,.167,67,109,.615,59,65,124,44,32,17,53,94,292
236,Tyronn Lue,22,LAL,8,0,146,19,39,.487,4,8,.500,6,8,.750,2,10,12,17,3,0,9,17,48
237,George Lynch,29,PHI,75,75,2416,297,644,.461,15,36,.417,113,183,.617,216,366,582,136,119,38,120,231,722
238,Todd MacCulloch,24,PHI,56,6,528,89,161,.553,0,0,,28,54,.519,48,98,146,13,11,37,26,94,206
239,Sam Mack,29,GSW,23,5,333,37,122,.303,21,64,.328,19,20,.950,7,32,39,24,18,1,19,45,114
240,Don MacLean,30,PHO,16,0,143,18,49,.367,2,6,.333,4,6,.667,6,17,23,8,2,1,8,24,42
Rk,Player,Age,Tm,G,GS,MP,FG,FGA,FG%,3P,3PA,3P%,FT,FTA,FT%,ORB,DRB,TRB,AST,STL,BLK,TOV,PF,PTS
241,Corey Maggette,20,ORL,77,5,1370,224,469,.478,2,11,.182,196,261,.751,123,180,303,61,24,26,138,169,646
242,Dan Majerle,34,MIA,69,69,2308,170,422,.403,110,304,.362,56,69,.812,27,306,333,206,89,17,62,156,506
243,Karl Malone*,36,UTA,82,82,2947,752,1476,.509,2,8,.250,589,739,.797,169,610,779,304,79,71,231,229,2095
244,Matt Maloney,28,CHI,51,12,1175,114,318,.358,62,174,.356,37,45,.822,10,54,64,138,32,3,63,42,327
245,Danny Manning,33,MIL,72,0,1217,149,339,.440,1,4,.250,34,52,.654,50,158,208,73,62,29,55,183,333
246,Stephon Marbury,22,NJN,74,74,2881,569,1317,.432,66,233,.283,436,536,.813,61,179,240,622,112,15,270,195,1640
247,Shawn Marion,21,PHO,51,38,1260,222,471,.471,4,22,.182,72,85,.847,105,227,332,69,38,53,51,113,520
248,Sean Marks,24,TOR,5,0,12,2,6,.333,0,1,.000,4,4,1.000,0,2,2,0,1,1,3,3,8
249,Donny Marshall,27,CLE,6,0,39,3,11,.273,0,3,.000,5,6,.833,0,1,1,0,2,0,3,7,11
250,Donyell Marshall,26,GSW,64,51,2071,331,840,.394,49,138,.355,199,255,.780,189,448,637,167,68,68,123,180,910
251,Darrick Martin,28,SAC,71,1,893,133,350,.380,38,124,.306,98,119,.824,7,37,44,122,28,2,62,89,402
252,Jamal Mashburn,27,MIA,76,76,2828,515,1158,.445,112,278,.403,186,239,.778,64,317,381,298,79,14,180,215,1328
253,Anthony Mason,33,CHH,82,81,3133,317,661,.480,0,1,.000,314,421,.746,145,554,699,367,74,29,160,220,948
254,Tony Massenburg,32,HOU,10,0,109,16,36,.444,0,0,,14,16,.875,7,20,27,3,2,5,9,13,46
255,Vernon Maxwell,34,SEA,47,0,989,169,490,.345,67,223,.300,108,148,.730,15,64,79,75,38,9,53,83,513
256,Walter McCarty,25,BOS,61,5,879,78,230,.339,34,110,.309,39,54,.722,33,77,110,70,24,23,67,83,229
257,George McCloud,32,DEN,78,11,2118,266,638,.417,107,283,.378,148,181,.818,72,213,285,246,48,26,134,180,787
258,Jelani McCoy,22,SEA,58,2,746,102,177,.576,0,0,,45,91,.495,54,125,179,24,15,46,45,127,249
259,Antonio McDyess,25,DEN,81,81,2698,614,1211,.507,0,2,.000,323,516,.626,234,451,685,159,69,139,230,316,1551
260,Tracy McGrady,20,TOR,79,34,2462,459,1018,.451,18,65,.277,277,392,.707,188,313,501,263,90,151,160,201,1213
Rk,Player,Age,Tm,G,GS,MP,FG,FGA,FG%,3P,3PA,3P%,FT,FTA,FT%,ORB,DRB,TRB,AST,STL,BLK,TOV,PF,PTS
261,Jim McIlvaine,27,NJN,66,53,1048,64,154,.416,0,0,,29,56,.518,106,124,230,36,26,117,38,205,157
262,Jeff McInnis,25,LAC,25,10,597,80,186,.430,7,21,.333,13,17,.765,18,54,72,89,15,2,27,55,180
263,Derrick McKey,33,IND,32,0,634,43,108,.398,10,23,.435,43,56,.768,29,106,135,35,29,13,19,81,139
264,Aaron McKie,27,PHI,82,14,1952,244,593,.411,44,121,.364,121,146,.829,47,199,246,240,108,18,113,194,653
265,Roshown McLeod,24,ATL,44,20,860,131,332,.395,2,13,.154,54,70,.771,41,97,138,52,16,5,59,84,318
266,Ron Mercer,23,TOT,68,68,2377,460,1080,.426,15,48,.313,213,270,.789,64,186,250,158,75,23,151,151,1148
266,Ron Mercer,23,DEN,37,37,1408,272,612,.444,15,39,.385,119,151,.788,29,123,152,104,33,15,87,75,678
266,Ron Mercer,23,ORL,31,31,969,188,468,.402,0,9,.000,94,119,.790,35,63,98,54,42,8,64,76,470
267,Andre Miller,23,CLE,82,36,2093,339,755,.449,10,49,.204,226,292,.774,85,195,280,476,84,17,166,194,914
268,Anthony Miller,28,HOU,35,14,476,52,97,.536,0,0,,26,51,.510,49,115,164,16,11,10,19,68,130
269,Brad Miller,23,CHH,55,4,961,135,293,.461,0,2,.000,153,195,.785,113,180,293,45,23,35,48,111,423
270,Oliver Miller,29,PHO,51,9,1088,137,233,.588,0,0,,49,73,.671,87,174,261,68,42,80,74,132,323
271,Reggie Miller*,34,IND,81,81,2987,466,1041,.448,165,404,.408,373,406,.919,50,189,239,187,85,25,129,126,1470
272,Chris Mills,30,GSW,20,11,649,123,292,.421,8,30,.267,68,84,.810,46,77,123,47,18,4,25,60,322
273,Terry Mills,32,DET,82,78,1842,214,488,.439,95,242,.393,25,34,.735,50,340,390,85,38,24,46,242,548
274,Jason Miskiri,24,CHH,1,0,3,0,1,.000,0,1,.000,0,0,,0,0,0,1,0,0,0,2,0
275,Sam Mitchell,36,MIN,66,24,1227,168,376,.447,10,23,.435,81,92,.880,28,110,138,111,27,14,44,116,427
276,Cuttino Mobley,24,HOU,81,8,2496,437,1016,.430,104,292,.356,299,353,.847,59,229,288,208,87,32,186,171,1277
277,Nazr Mohammed,22,PHI,28,3,190,21,54,.389,0,0,,12,22,.545,16,34,50,2,4,12,18,29,54
278,Eric Montross,28,DET,51,0,332,17,55,.309,0,0,,6,12,.500,18,54,72,7,6,9,22,81,40
279,Mikki Moore,24,DET,29,0,488,87,140,.621,0,0,,54,68,.794,44,68,112,17,9,31,23,104,228
280,Alonzo Mourning,29,MIA,79,78,2748,652,1184,.551,0,4,.000,414,582,.711,215,538,753,123,40,294,217,308,1718
Rk,Player,Age,Tm,G,GS,MP,FG,FGA,FG%,3P,3PA,3P%,FT,FTA,FT%,ORB,DRB,TRB,AST,STL,BLK,TOV,PF,PTS
281,Chris Mullin*,36,IND,47,2,582,80,187,.428,45,110,.409,37,41,.902,14,62,76,37,28,9,28,60,242
282,Eric Murdock,31,LAC,40,15,693,79,205,.385,16,42,.381,51,80,.638,15,62,77,108,47,5,58,67,225
283,Gheorghe Muresan,28,NJN,30,2,267,41,90,.456,0,0,,23,38,.605,24,44,68,9,0,12,16,52,105
284,Lamond Murray,26,CLE,74,72,2365,460,1019,.451,51,139,.367,204,268,.761,127,296,423,132,105,36,184,208,1175
285,Tracy Murray,28,WAS,80,8,1831,290,670,.433,113,263,.430,120,141,.851,63,208,271,72,45,24,84,185,813
286,Dikembe Mutombo,33,ATL,82,82,2984,322,573,.562,0,0,,298,421,.708,304,853,1157,105,27,269,174,248,942
287,Steve Nash,25,DAL,56,27,1532,173,363,.477,60,149,.403,75,85,.882,34,87,121,272,37,3,102,122,481
288,Tyrone Nesby,24,LAC,73,39,2317,364,915,.398,94,281,.335,151,191,.791,82,193,275,121,75,31,102,205,973
289,Rasho Nesterovic,23,MIN,82,55,1723,206,433,.476,0,2,.000,59,103,.573,135,244,379,93,21,85,71,262,471
290,Johnny Newman,36,NJN,82,9,1763,278,623,.446,72,190,.379,192,229,.838,39,115,154,65,53,11,89,207,820
291,Moochie Norris,26,HOU,30,0,502,69,159,.434,12,29,.414,57,73,.781,16,52,68,94,23,1,30,32,207
292,Dirk Nowitzki,21,DAL,82,81,2938,515,1118,.461,116,306,.379,289,348,.830,102,430,532,203,63,68,141,256,1435
293,Jermaine O'Neal,21,POR,70,8,859,108,222,.486,0,1,.000,57,98,.582,97,132,229,18,11,55,47,127,273
294,Shaquille O'Neal,27,LAL,79,79,3163,956,1665,.574,0,1,.000,432,824,.524,336,742,1078,299,36,239,223,255,2344
295,Charles Oakley,36,TOR,80,80,2431,234,560,.418,14,41,.341,66,85,.776,117,423,540,253,102,45,154,294,548
296,Lamar Odom,20,LAC,76,70,2767,449,1024,.438,59,164,.360,302,420,.719,159,436,595,317,91,95,258,291,1259
297,Hakeem Olajuwon*,37,HOU,44,28,1049,193,421,.458,0,2,.000,69,112,.616,65,209,274,61,41,70,73,88,455
298,Kevin Ollie,27,PHI,40,0,290,22,49,.449,0,0,,28,37,.757,4,27,31,46,10,0,10,27,72
299,Michael Olowokandi,24,LAC,80,77,2493,330,756,.437,0,0,,123,189,.651,194,462,656,38,35,140,177,304,783
300,Greg Ostertag,26,UTA,81,3,1606,124,267,.464,0,1,.000,119,187,.636,172,310,482,18,20,172,79,196,367
Rk,Player,Age,Tm,G,GS,MP,FG,FGA,FG%,3P,3PA,3P%,FT,FTA,FT%,ORB,DRB,TRB,AST,STL,BLK,TOV,PF,PTS
301,Bo Outlaw,28,ORL,82,55,2326,204,339,.602,0,3,.000,82,162,.506,202,323,525,245,113,148,133,203,490
302,Doug Overton,30,BOS,48,0,432,61,154,.396,10,28,.357,20,21,.952,14,19,33,53,10,0,20,46,152
303,Billy Owens,30,TOT,62,11,1305,150,358,.419,11,34,.324,63,106,.594,99,202,301,97,33,21,85,166,374
303,Billy Owens,30,PHI,46,7,919,112,258,.434,9,27,.333,38,64,.594,63,129,192,59,26,16,61,119,271
303,Billy Owens,30,GSW,16,4,386,38,100,.380,2,7,.286,25,42,.595,36,73,109,38,7,5,24,47,103
304,Robert Pack,30,DAL,29,22,665,96,230,.417,4,11,.364,63,78,.808,7,35,42,168,31,3,76,44,259
305,Scott Padgett,23,UTA,47,9,432,44,140,.314,13,44,.295,19,27,.704,24,64,88,25,14,8,22,55,120
306,Milt Palacio,21,VAN,53,0,394,43,98,.439,0,2,.000,22,37,.595,17,34,51,48,20,0,44,32,108
307,Anthony Parker,24,ORL,16,0,185,24,57,.421,1,14,.071,8,11,.727,5,22,27,10,8,4,11,13,57
308,Cherokee Parks,27,VAN,56,14,808,72,145,.497,0,1,.000,24,37,.649,55,128,183,35,29,45,28,115,168
309,Andrae Patterson,24,MIN,5,0,20,3,4,.750,0,0,,0,0,,1,1,2,1,1,0,1,4,6
310,Ruben Patterson,24,SEA,81,74,2097,354,661,.536,12,27,.444,222,321,.692,218,216,434,126,94,40,144,190,942
311,Gary Payton,31,SEA,82,82,3425,747,1666,.448,177,520,.340,311,423,.735,100,429,529,732,153,18,224,178,1982
312,Anthony Peeler,30,MIN,82,22,2073,316,725,.436,85,255,.333,87,109,.798,58,174,232,195,62,10,85,171,804
313,Will Perdue,34,CHI,67,15,1012,59,168,.351,0,0,,50,105,.476,88,174,262,65,14,42,78,126,168
314,Sam Perkins,38,IND,81,0,1620,184,441,.417,89,218,.408,80,97,.825,64,225,289,68,31,33,63,136,537
315,Elliot Perry,30,NJN,60,5,803,128,294,.435,11,39,.282,50,62,.806,13,48,61,139,39,1,60,47,317
316,Chuck Person,35,SEA,37,0,340,37,123,.301,24,95,.253,4,8,.500,6,47,53,22,5,2,12,56,102
317,Wesley Person,28,CLE,79,38,2056,280,654,.428,106,250,.424,61,77,.792,44,223,267,146,40,19,60,119,727
318,Bobby Phills,30,CHH,28,9,825,152,335,.454,30,91,.330,47,65,.723,17,54,71,79,41,8,48,72,381
319,Eric Piatkowski,29,LAC,75,23,1712,238,573,.415,93,243,.383,85,100,.850,74,148,222,81,44,13,57,140,654
320,Paul Pierce,22,BOS,73,72,2583,486,1099,.442,96,280,.343,359,450,.798,83,313,396,221,152,62,178,237,1427
Rk,Player,Age,Tm,G,GS,MP,FG,FGA,FG%,3P,3PA,3P%,FT,FTA,FT%,ORB,DRB,TRB,AST,STL,BLK,TOV,PF,PTS
321,Scottie Pippen*,34,POR,82,82,2749,388,860,.451,86,263,.327,160,223,.717,114,399,513,406,117,41,208,208,1022
322,Scot Pollard,24,SAC,76,5,1336,149,283,.527,0,0,,114,159,.717,168,236,404,43,55,59,50,213,412
323,Olden Polynice,35,UTA,82,79,1819,203,398,.510,1,2,.500,28,90,.311,166,287,453,37,30,84,70,260,435
324,Terry Porter,36,SAS,68,8,1613,207,463,.447,90,207,.435,137,170,.806,24,167,191,221,50,9,100,79,641
325,James Posey,23,DEN,81,77,2052,230,536,.429,82,220,.373,120,150,.800,85,232,317,146,98,33,95,207,662
326,Vitaly Potapenko,24,BOS,79,72,1797,307,615,.499,0,1,.000,109,160,.681,182,317,499,77,41,29,145,239,723
327,Brent Price,31,VAN,41,0,424,41,119,.345,25,68,.368,34,39,.872,8,29,37,69,17,1,47,63,141
328,Laron Profit,22,WAS,33,1,225,21,59,.356,3,17,.176,4,10,.400,2,24,26,25,7,4,19,26,49
329,Aleksandar Radojevic,23,TOR,3,0,24,2,7,.286,0,0,,3,6,.500,2,6,8,1,2,1,5,5,7
330,Theo Ratliff,26,PHI,57,56,1795,247,491,.503,0,0,,182,236,.771,140,295,435,36,32,171,108,185,676
331,Eldridge Recasner,32,CHH,7,0,28,3,7,.429,1,4,.250,0,0,,0,4,4,5,0,0,0,1,7
332,Bryant Reeves,26,VAN,69,67,1773,252,562,.448,0,4,.000,107,165,.648,126,264,390,82,33,38,119,245,611
333,Khalid Reeves,27,CHI,3,0,48,3,12,.250,0,3,.000,5,5,1.000,2,2,4,13,2,0,6,8,11
334,Don Reid,26,TOT,38,3,498,60,112,.536,0,0,,24,34,.706,31,71,102,11,24,31,23,118,144
334,Don Reid,26,DET,21,3,165,16,34,.471,0,0,,3,6,.500,5,20,25,1,5,12,11,45,35
334,Don Reid,26,WAS,17,0,333,44,78,.564,0,0,,21,28,.750,26,51,77,10,19,19,12,73,109
335,J.R. Reid,31,MIL,34,7,602,53,127,.417,1,7,.143,43,56,.768,29,88,117,18,19,5,20,81,150
336,Rodrick Rhodes,26,DAL,1,0,8,0,3,.000,0,0,,0,0,,1,0,1,0,2,0,2,0,0
337,Glen Rice,32,LAL,80,80,2530,421,980,.430,84,229,.367,346,396,.874,56,271,327,176,47,12,114,179,1272
338,Mitch Richmond,34,WAS,74,69,2397,447,1049,.426,93,241,.386,298,340,.876,37,176,213,185,110,13,154,191,1285
339,Isaiah Rider,28,ATL,60,47,2084,449,1072,.419,56,180,.311,204,260,.785,63,195,258,219,41,6,168,132,1158
340,Stanley Roberts,29,PHI,5,1,51,5,16,.313,0,1,.000,0,3,.000,6,9,15,3,1,1,2,15,10
Rk,Player,Age,Tm,G,GS,MP,FG,FGA,FG%,3P,3PA,3P%,FT,FTA,FT%,ORB,DRB,TRB,AST,STL,BLK,TOV,PF,PTS
341,Ryan Robertson,23,SAC,1,0,25,2,6,.333,0,2,.000,1,1,1.000,0,0,0,0,0,0,0,0,5
342,Clifford Robinson,33,PHO,80,67,2839,530,1142,.464,120,324,.370,298,381,.782,105,254,359,224,90,61,166,239,1478
343,David Robinson*,34,SAS,80,80,2557,528,1031,.512,0,2,.000,371,511,.726,193,577,770,142,97,183,164,247,1427
344,Eddie Robinson,23,CHH,67,8,1112,212,386,.549,0,4,.000,47,64,.734,54,130,184,32,48,25,39,67,471
345,Glenn Robinson,27,MIL,81,81,2909,690,1461,.472,86,237,.363,227,283,.802,107,378,485,193,78,41,223,212,1693
346,Dennis Rodman*,38,DAL,12,12,389,12,31,.387,0,1,.000,10,14,.714,48,123,171,14,2,1,19,41,34
347,Carlos Rogers,28,HOU,53,15,1101,170,324,.525,1,14,.071,81,137,.591,98,177,275,42,14,34,63,77,422
348,Rodney Rogers,28,PHO,82,7,2286,428,881,.486,115,262,.439,159,249,.639,138,309,447,170,94,47,163,290,1130
349,Roy Rogers,26,DEN,40,0,355,35,88,.398,0,1,.000,19,41,.463,33,47,80,9,2,38,10,36,89
350,Sean Rooks,30,DAL,71,13,1001,122,283,.431,0,0,,65,89,.730,82,166,248,68,29,52,70,169,309
351,Jalen Rose,27,IND,80,80,2978,563,1196,.471,77,196,.393,254,307,.827,42,345,387,320,84,49,188,234,1457
352,Malik Rose,25,SAS,74,3,1341,176,385,.457,1,3,.333,143,198,.722,133,202,335,47,35,52,99,232,496
353,Michael Ruffin,23,CHI,71,6,975,58,138,.420,0,0,,43,88,.489,117,133,250,44,26,26,59,170,159
354,Bryon Russell,29,UTA,82,70,2900,408,914,.446,106,268,.396,237,316,.750,99,328,427,158,128,23,101,255,1159
355,Arvydas Sabonis*,35,POR,66,61,1688,302,598,.505,7,19,.368,167,198,.843,97,416,513,118,43,78,97,184,778
356,John Salley,35,LAL,45,3,303,25,69,.362,0,0,,21,28,.750,20,45,65,26,8,14,18,67,71
357,Detlef Schrempf,37,POR,77,6,1662,187,433,.432,21,52,.404,179,215,.833,79,253,332,197,37,17,100,182,574
358,Dennis Scott,31,VAN,66,0,1263,125,333,.375,71,189,.376,48,57,.842,16,90,106,69,28,9,30,104,369
359,Malik Sealy,29,MIN,82,61,2392,371,780,.476,10,35,.286,177,218,.812,119,233,352,197,76,19,110,197,929
360,Brian Shaw,33,LAL,74,2,1249,123,322,.382,18,58,.310,41,54,.759,45,171,216,201,35,14,75,105,305
Rk,Player,Age,Tm,G,GS,MP,FG,FGA,FG%,3P,3PA,3P%,FT,FTA,FT%,ORB,DRB,TRB,AST,STL,BLK,TOV,PF,PTS
361,Dickey Simpkins,27,CHI,69,48,1651,111,274,.405,0,1,.000,65,120,.542,124,248,372,100,22,22,128,217,287
362,Brian Skinner,23,LAC,33,9,775,68,134,.507,0,0,,43,65,.662,63,138,201,11,16,44,37,75,179
363,Joe Smith,24,MIN,78,9,1975,289,623,.464,1,1,1.000,195,258,.756,186,298,484,88,45,85,119,302,774
364,Michael Smith,27,WAS,46,46,1145,108,192,.563,0,1,.000,73,101,.723,121,210,331,56,27,23,45,127,289
365,Steve Smith,30,POR,82,81,2689,420,900,.467,96,241,.398,289,340,.850,123,190,313,209,71,31,117,214,1225
366,Rik Smits,33,IND,79,79,1852,431,890,.484,0,1,.000,156,211,.739,94,307,401,85,20,100,108,249,1018
367,Eric Snow,26,PHI,82,80,2866,257,597,.430,11,45,.244,126,177,.712,42,219,261,624,140,8,162,243,651
368,Felton Spencer,32,SAS,26,0,149,15,33,.455,0,0,,20,30,.667,15,24,39,3,6,8,9,32,50
369,Latrell Sprewell,29,NYK,82,82,3276,568,1305,.435,44,127,.346,344,397,.866,49,300,349,332,109,22,226,184,1524
370,Ryan Stack,24,CLE,25,0,198,17,51,.333,0,1,.000,18,27,.667,15,30,45,5,4,11,17,47,52
371,Jerry Stackhouse,25,DET,82,82,3148,619,1447,.428,83,288,.288,618,758,.815,118,197,315,365,103,36,311,188,1939
372,John Starks,34,TOT,37,30,1190,203,542,.375,59,171,.345,50,59,.847,10,91,101,181,42,4,67,102,515
372,John Starks,34,GSW,33,30,1108,192,508,.378,56,161,.348,45,54,.833,10,81,91,170,37,3,64,93,485
372,John Starks,34,CHI,4,0,82,11,34,.324,3,10,.300,5,5,1.000,0,10,10,11,5,1,3,9,30
373,Vladimir Stepania,23,SEA,30,1,202,29,79,.367,0,6,.000,17,36,.472,21,26,47,3,10,11,22,44,75
374,Joe Stephens,27,VAN,13,0,181,19,51,.373,0,8,.000,3,4,.750,13,23,36,11,7,3,6,9,41
375,Michael Stewart,24,TOR,42,1,389,20,53,.377,0,0,,18,32,.563,33,61,94,6,5,19,17,81,58
376,Bryant Stith,29,DEN,45,6,691,86,189,.455,17,56,.304,64,77,.831,23,61,84,61,18,12,33,56,253
377,John Stockton*,37,UTA,82,82,2432,363,725,.501,43,121,.355,221,257,.860,45,170,215,703,143,15,179,192,990
378,Peja Stojakovic,22,SAC,74,11,1749,321,717,.448,100,267,.375,135,153,.882,74,202,276,106,52,7,88,97,877
379,Damon Stoudamire,26,POR,78,78,2372,386,894,.432,80,212,.377,122,145,.841,61,182,243,405,77,1,149,173,974
380,Erick Strickland,26,DAL,68,67,2025,316,730,.433,73,186,.392,162,195,.831,69,254,323,211,105,13,102,190,867
Rk,Player,Age,Tm,G,GS,MP,FG,FGA,FG%,3P,3PA,3P%,FT,FTA,FT%,ORB,DRB,TRB,AST,STL,BLK,TOV,PF,PTS
381,Mark Strickland,29,MIA,58,5,663,122,224,.545,0,0,,40,56,.714,44,96,140,22,15,18,24,68,284
382,Rod Strickland,33,WAS,69,67,2188,327,762,.429,1,21,.048,214,305,.702,73,186,259,519,94,18,187,147,869
383,Derek Strong,31,ORL,20,0,148,21,48,.438,1,4,.250,11,14,.786,11,33,44,4,5,2,12,15,54
384,Bruno Sundov,19,DAL,14,0,61,12,31,.387,0,0,,2,2,1.000,5,7,12,2,2,2,4,16,26
385,Bob Sura,26,CLE,73,45,2216,356,815,.437,122,332,.367,175,251,.697,50,238,288,284,91,19,148,201,1009
386,Wally Szczerbiak,22,MIN,73,53,2171,342,669,.511,28,78,.359,133,161,.826,89,183,272,201,58,23,83,175,845
387,Zan Tabak,29,IND,18,0,114,16,34,.471,0,0,,5,8,.625,16,16,32,4,3,9,11,13,37
388,Johnny Taylor,25,TOT,6,0,34,5,14,.357,1,1,1.000,0,0,,2,4,6,1,1,1,2,5,11
388,Johnny Taylor,25,DEN,1,0,5,0,2,.000,0,0,,0,0,,0,1,1,0,0,0,0,1,0
388,Johnny Taylor,25,ORL,5,0,29,5,12,.417,1,1,1.000,0,0,,2,3,5,1,1,1,2,4,11
389,Maurice Taylor,23,LAC,62,60,2227,458,988,.464,1,8,.125,143,201,.711,96,304,400,101,51,48,169,217,1060
390,Jason Terry,22,ATL,81,27,1888,249,600,.415,46,157,.293,113,140,.807,24,142,166,346,90,10,156,133,657
391,Jamel Thomas,26,TOT,7,0,46,8,18,.444,0,3,.000,1,1,1.000,1,4,5,6,1,0,5,2,17
391,Jamel Thomas,26,BOS,3,0,19,5,10,.500,0,1,.000,1,1,1.000,0,2,2,2,0,0,1,0,11
391,Jamel Thomas,26,GSW,4,0,27,3,8,.375,0,2,.000,0,0,,1,2,3,4,1,0,4,2,6
392,John Thomas,24,TOR,55,6,477,49,107,.458,0,1,.000,16,41,.390,37,38,75,9,12,14,14,106,114
393,Kenny Thomas,22,HOU,72,29,1797,212,531,.399,32,122,.262,138,209,.660,147,290,437,113,54,22,112,167,594
394,Kurt Thomas,27,NYK,80,21,1971,270,535,.505,1,3,.333,100,128,.781,144,361,505,82,51,42,105,278,641
395,Tim Thomas,22,MIL,80,1,2093,347,753,.461,63,182,.346,188,243,.774,100,232,332,113,59,31,129,227,945
396,Otis Thorpe,37,MIA,51,1,777,125,243,.514,0,3,.000,29,48,.604,56,110,166,33,26,9,59,136,279
397,Robert Traylor,22,MIL,44,16,447,58,122,.475,0,4,.000,41,68,.603,50,65,115,20,25,25,27,79,157
398,Gary Trent,25,DAL,11,11,301,70,142,.493,0,2,.000,11,21,.524,20,32,52,22,8,3,25,28,151
399,Mirsad Turkcan,23,TOT,17,0,90,14,38,.368,0,6,.000,5,8,.625,13,20,33,5,3,1,8,14,33
399,Mirsad Turkcan,23,NYK,7,0,25,2,10,.200,0,2,.000,0,0,,2,8,10,1,2,0,1,4,4
399,Mirsad Turkcan,23,MIL,10,0,65,12,28,.429,0,4,.000,5,8,.625,11,12,23,4,1,1,7,10,29
400,Wayne Turner,23,BOS,3,0,41,1,6,.167,0,0,,2,6,.333,1,2,3,5,0,0,3,4,4
Rk,Player,Age,Tm,G,GS,MP,FG,FGA,FG%,3P,3PA,3P%,FT,FTA,FT%,ORB,DRB,TRB,AST,STL,BLK,TOV,PF,PTS
401,Nick Van Exel,28,DEN,79,79,2950,473,1213,.390,133,401,.332,196,240,.817,34,277,311,714,68,11,221,148,1275
402,Keith Van Horn,24,NJN,80,80,2782,559,1257,.445,84,228,.368,333,393,.847,200,476,676,158,64,60,245,258,1535
403,Jacque Vaughn,24,UTA,78,0,884,109,262,.416,14,34,.412,57,76,.750,11,54,65,121,32,0,77,92,289
404,Loy Vaught,31,DET,43,0,292,32,89,.360,0,3,.000,11,16,.688,26,65,91,11,6,4,11,45,75
405,Fred Vinson,29,SEA,8,0,40,5,17,.294,2,7,.286,1,2,.500,0,1,1,0,3,0,4,2,13
406,Antoine Walker,23,BOS,82,82,3003,648,1506,.430,73,285,.256,311,445,.699,199,453,652,305,117,32,259,263,1680
407,Samaki Walker,23,SAS,71,7,980,137,305,.449,0,0,,86,126,.683,77,195,272,38,10,35,64,108,360
408,Ben Wallace,25,ORL,81,81,1959,168,334,.503,0,0,,54,114,.474,211,454,665,67,72,130,67,162,390
409,John Wallace,25,NYK,60,0,798,155,332,.467,0,3,.000,82,102,.804,42,93,135,22,10,14,63,103,392
410,Rasheed Wallace,25,POR,81,77,2845,542,1045,.519,8,50,.160,233,331,.704,129,437,566,142,87,107,157,216,1325
411,Rex Walters,29,MIA,33,0,389,38,91,.418,5,20,.250,12,16,.750,8,28,36,65,6,0,29,44,93
412,Charlie Ward,29,NYK,72,69,1986,189,447,.423,102,264,.386,48,58,.828,22,206,228,300,95,16,102,176,528
413,Clarence Weatherspoon,29,MIA,78,2,1615,215,419,.513,0,0,,135,183,.738,128,321,449,93,51,49,100,165,565
414,Chris Webber,26,SAC,75,75,2880,748,1548,.483,27,95,.284,311,414,.751,189,598,787,345,120,128,218,264,1834
415,Bonzi Wells,23,POR,66,0,1162,236,480,.492,20,53,.377,88,129,.682,78,104,182,97,69,12,97,153,580
416,Bill Wennington,36,SAC,7,0,57,6,19,.316,0,0,,2,2,1.000,5,14,19,1,2,2,1,13,14
417,David Wesley,29,CHH,82,82,2760,407,955,.426,88,248,.355,214,275,.778,39,186,225,463,109,11,159,186,1116
418,Doug West,32,VAN,38,0,581,59,145,.407,0,3,.000,34,40,.850,18,53,71,43,12,8,19,80,152
419,Mark West,39,PHO,22,2,127,5,12,.417,0,0,,5,8,.625,6,25,31,2,2,4,6,23,15
420,Jahidi White,23,WAS,80,59,1537,228,450,.507,0,0,,113,211,.536,202,351,553,15,31,83,94,234,569
Rk,Player,Age,Tm,G,GS,MP,FG,FGA,FG%,3P,3PA,3P%,FT,FTA,FT%,ORB,DRB,TRB,AST,STL,BLK,TOV,PF,PTS
421,Chris Whitney,28,WAS,82,15,1627,217,521,.417,96,255,.376,112,132,.848,20,114,134,313,55,5,107,166,642
422,Aaron Williams,28,WAS,81,0,1545,235,450,.522,0,3,.000,146,201,.726,159,250,409,58,41,92,80,234,616
423,Alvin Williams,25,TOR,55,28,779,114,287,.397,16,55,.291,48,65,.738,27,58,85,126,34,11,47,78,292
424,Eric Williams,27,BOS,68,17,1378,165,386,.427,25,72,.347,134,169,.793,55,101,156,93,44,16,66,165,489
425,Jason Williams,24,SAC,81,81,2760,363,973,.373,145,505,.287,128,170,.753,22,208,230,589,117,8,296,140,999
426,Jerome Williams,26,DET,82,1,2102,257,456,.564,0,3,.000,175,284,.616,277,512,789,68,95,21,105,196,689
427,Lorenzo Williams,30,WAS,8,0,76,7,9,.778,0,0,,0,0,,12,13,25,1,3,6,3,13,14
428,Monty Williams,28,ORL,75,23,1501,263,538,.489,2,5,.400,123,166,.741,96,154,250,106,46,17,109,187,651
429,Scott Williams,31,MIL,68,46,1488,213,426,.500,0,0,,94,129,.729,177,271,448,28,40,66,65,230,520
430,Shammond Williams,24,SEA,43,5,517,84,225,.373,24,81,.296,33,51,.647,12,40,52,78,18,0,40,39,225
431,Walt Williams,29,HOU,76,66,1859,312,681,.458,102,261,.391,101,123,.821,69,237,306,157,49,44,113,190,827
432,Corliss Williamson,26,SAC,76,76,1707,311,622,.500,0,0,,163,212,.769,122,168,290,82,38,19,110,192,785
433,Kevin Willis,37,TOR,79,1,1679,236,569,.415,1,3,.333,131,164,.799,201,281,482,49,36,48,98,256,604
434,Dedric Willoughby,25,CHI,25,1,508,61,179,.341,29,98,.296,39,51,.765,11,40,51,66,23,2,37,32,190
435,David Wingate,36,NYK,7,0,32,1,9,.111,0,0,,0,0,,1,1,2,3,1,2,2,7,2
436,Haywoode Workman,34,TOT,36,2,350,31,90,.344,14,43,.326,10,15,.667,1,25,26,61,20,0,18,37,86
436,Haywoode Workman,34,MIL,23,1,248,23,62,.371,11,29,.379,9,13,.692,1,16,17,44,11,0,14,23,66
436,Haywoode Workman,34,TOR,13,1,102,8,28,.286,3,14,.214,1,2,.500,0,9,9,17,9,0,4,14,20
437,Metta World Peace,20,CHI,72,63,2238,309,759,.407,60,191,.314,188,279,.674,62,246,308,202,119,39,166,159,866
438,Lorenzen Wright,24,ATL,75,0,1205,180,361,.499,1,3,.333,87,135,.644,117,188,305,21,29,40,66,203,448
439,Tim Young,23,GSW,25,0,137,13,39,.333,0,0,,28,36,.778,13,22,35,5,2,1,9,18,54