Rk,Player,Age,Tm,G,GS,MP,FG,FGA,FG%,3P,3PA,3P%,FT,FTA,FT%,ORB,DRB,TRB,AST,STL,BLK,TOV,PF,PTS
1,Tariq Abdul-Wahad,28,DAL,14,0,204,27,58,.466,0,1,.000,3,6,.500,14,26,40,21,6,3,7,26,57
2,Shareef Abdur-Rahim,26,ATL,81,81,3087,566,1183,.478,21,60,.350,455,541,.841,175,502,677,242,87,38,212,240,1608
3,Courtney Alexander,25,NOH,66,7,1360,193,505,.382,19,57,.333,118,146,.808,39,79,118,79,31,6,68,125,523
4,Malik Allen,24,MIA,80,73,2318,335,790,.424,0,4,.000,97,121,.802,134,291,425,54,37,78,128,234,767
5,Ray Allen,27,TOT,76,75,2880,598,1363,.439,201,533,.377,316,345,.916,94,287,381,334,103,14,198,220,1713
5,Ray Allen,27,MIL,47,46,1683,351,803,.437,123,311,.395,178,195,.913,45,173,218,164,57,11,117,149,1003
5,Ray Allen,27,SEA,29,29,1197,247,560,.441,78,222,.351,138,150,.920,49,114,163,170,46,3,81,71,710
6,Rafer Alston,26,TOR,47,4,980,139,335,.415,51,130,.392,37,54,.685,21,86,107,192,38,15,86,120,366
7,John Amaechi,32,UTA,50,1,474,37,118,.314,0,0,,25,52,.481,26,51,77,21,14,7,34,50,99
8,Chris Andersen,24,DEN,59,3,907,114,285,.400,0,1,.000,77,140,.550,109,165,274,32,30,60,60,90,305
9,Derek Anderson,28,POR,76,76,2556,355,832,.427,116,331,.350,231,269,.859,53,211,264,325,90,16,128,141,1057
10,Kenny Anderson,32,TOT,61,2,1135,163,382,.427,1,7,.143,45,57,.789,31,101,132,198,58,5,75,106,372
10,Kenny Anderson,32,SEA,38,1,689,102,232,.440,0,5,.000,29,35,.829,17,70,87,121,40,1,33,63,233
10,Kenny Anderson,32,NOH,23,1,446,61,150,.407,1,2,.500,16,22,.727,14,31,45,77,18,4,42,43,139
11,Shandon Anderson,29,NYK,82,9,1731,248,537,.462,52,140,.371,139,190,.732,64,190,254,87,73,20,114,177,687
12,Robert Archibald,22,MEM,12,0,72,6,20,.300,0,0,,7,18,.389,6,11,17,3,0,3,7,9,19
13,Gilbert Arenas,21,GSW,82,82,2866,509,1180,.431,109,313,.348,370,468,.791,97,289,386,514,124,17,290,260,1497
14,Brandon Armstrong,22,NJN,17,0,69,9,27,.333,1,6,.167,5,6,.833,0,4,4,2,3,1,5,8,24
15,Darrell Armstrong,34,ORL,82,23,2350,263,643,.409,78,232,.336,165,188,.878,91,204,295,323,135,13,160,167,769
16,Carlos Arroyo,23,UTA,44,0,287,50,109,.459,3,7,.429,18,22,.818,11,15,26,53,12,1,30,28,121
17,Chucky Atkins,28,DET,65,7,1398,168,465,.361,86,242,.355,40,49,.816,21,75,96,175,27,4,77,108,462
18,Stacey Augmon,34,NOH,70,3,862,79,192,.411,0,7,.000,54,72,.750,26,93,119,69,27,9,40,80,212
19,Dalibor Bagaric,22,CHI,10,0,76,8,26,.308,0,0,,3,4,.750,7,13,20,4,3,3,5,11,19
20,Vin Baker,31,BOS,52,9,942,99,207,.478,0,4,.000,72,107,.673,90,108,198,29,22,30,61,146,270
Rk,Player,Age,Tm,G,GS,MP,FG,FGA,FG%,3P,3PA,3P%,FT,FTA,FT%,ORB,DRB,TRB,AST,STL,BLK,TOV,PF,PTS
21,Brent Barry,31,SEA,75,68,2480,264,577,.458,118,293,.403,128,161,.795,48,253,301,384,113,15,142,199,774
22,Jon Barry,33,DET,80,0,1473,191,424,.450,87,214,.407,86,100,.860,33,147,180,206,63,14,81,104,555
23,Maceo Baston,27,TOR,16,0,106,15,25,.600,0,0,,10,12,.833,4,19,23,0,4,11,6,16,40
24,Mengke Bateer,27,SAS,12,0,46,4,17,.235,1,3,.333,0,2,.000,2,8,10,4,0,0,6,14,9
25,Mike Batiste,25,MEM,75,2,1248,197,467,.422,18,81,.222,69,88,.784,82,175,257,52,42,16,69,120,481
26,Tony Battie,26,BOS,67,62,1683,199,369,.539,1,5,.200,88,118,.746,148,285,433,49,33,81,48,197,487
27,Shane Battier,24,MEM,78,47,2383,275,569,.483,86,216,.398,120,145,.828,128,217,345,105,102,88,68,207,756
28,Lonny Baxter,24,CHI,55,0,682,96,206,.466,0,2,.000,70,103,.680,65,100,165,16,9,22,46,135,262
29,Raja Bell,26,DAL,75,32,1173,93,211,.441,21,51,.412,23,34,.676,47,98,145,57,52,8,43,134,230
30,Jonathan Bender,22,IND,46,2,819,112,254,.441,19,53,.358,60,84,.714,42,91,133,42,8,56,42,86,303
31,Corey Benjamin,24,ATL,9,0,152,13,43,.302,2,13,.154,12,16,.750,10,21,31,10,1,2,6,20,40
32,Travis Best,30,MIA,72,52,1807,231,583,.396,36,109,.330,105,123,.854,26,121,147,255,44,7,106,174,603
33,Mike Bibby,24,SAC,55,55,1835,329,700,.470,56,137,.409,161,187,.861,34,113,147,285,72,8,127,93,875
34,Chauncey Billups,26,DET,74,74,2327,366,870,.421,149,380,.392,318,362,.878,38,235,273,287,63,15,134,136,1199
35,Corie Blount,34,CHI,50,3,836,65,134,.485,0,0,,20,35,.571,68,137,205,50,33,19,43,121,150
36,Mark Blount,27,TOT,81,31,1403,150,347,.432,0,0,,101,139,.727,111,197,308,56,42,68,103,187,401
36,Mark Blount,27,DEN,54,24,885,105,267,.393,0,0,,71,99,.717,62,121,183,35,22,51,70,112,281
36,Mark Blount,27,BOS,27,7,518,45,80,.563,0,0,,30,40,.750,49,76,125,21,20,17,33,75,120
37,Calvin Booth,26,SEA,47,0,575,52,119,.437,0,2,.000,34,47,.723,32,77,109,12,11,33,22,74,138
38,Carlos Boozer,21,CLE,81,54,2049,331,618,.536,0,1,.000,148,192,.771,202,407,609,106,59,50,103,224,810
39,Ruben Boumtje-Boumtje,24,POR,2,0,5,0,1,.000,0,0,,0,0,,1,0,1,1,1,0,0,0,0
40,Bruce Bowen,31,SAS,82,82,2566,223,479,.466,101,229,.441,36,89,.404,59,180,239,113,66,42,72,195,583
Rk,Player,Age,Tm,G,GS,MP,FG,FGA,FG%,3P,3PA,3P%,FT,FTA,FT%,ORB,DRB,TRB,AST,STL,BLK,TOV,PF,PTS
41,Ryan Bowen,27,DEN,62,31,996,97,197,.492,2,7,.286,27,41,.659,78,79,157,54,65,29,43,82,223
42,Earl Boykins,26,GSW,68,0,1321,199,464,.429,29,77,.377,173,200,.865,35,53,88,221,38,4,73,75,600
43,Michael Bradley,23,TOR,67,11,1314,151,314,.481,1,6,.167,35,67,.522,162,247,409,67,16,32,76,125,338
44,Shawn Bradley,30,DAL,81,39,1731,201,375,.536,0,1,.000,141,175,.806,151,325,476,54,65,170,67,242,543
45,Elton Brand,23,LAC,62,61,2454,451,899,.502,0,1,.000,244,356,.685,283,420,703,157,71,158,161,204,1146
46,J.R. Bremer,22,BOS,64,41,1503,171,464,.369,101,286,.353,85,111,.766,18,127,145,164,38,3,59,80,528
47,Jamison Brewer,22,IND,10,0,80,9,17,.529,0,2,.000,4,9,.444,5,4,9,18,2,1,6,11,22
48,Primoz Brezec,23,IND,22,1,111,15,38,.395,0,1,.000,12,20,.600,13,10,23,4,2,4,7,16,42
49,Damone Brown,23,TOR,5,3,115,11,35,.314,0,2,.000,6,8,.750,3,12,15,3,1,0,6,14,28
50,Devin Brown,24,TOT,10,2,93,12,35,.343,0,1,.000,6,8,.750,8,10,18,7,4,1,9,14,30
50,Devin Brown,24,SAS,7,0,22,5,10,.500,0,0,,2,2,1.000,4,3,7,2,0,0,5,3,12
50,Devin Brown,24,DEN,3,2,71,7,25,.280,0,1,.000,4,6,.667,4,7,11,5,4,1,4,11,18
51,Kedrick Brown,21,BOS,51,5,666,61,171,.357,3,39,.077,20,32,.625,45,95,140,20,34,13,23,68,145
52,Kwame Brown,20,WAS,80,20,1773,224,502,.446,0,3,.000,145,217,.668,128,298,426,58,50,80,110,159,593
53,P.J. Brown,33,NOH,78,78,2609,319,601,.531,0,3,.000,194,232,.836,243,458,701,147,67,80,98,203,832
54,Randy Brown,34,PHO,32,0,262,16,43,.372,0,0,,9,12,.750,3,23,26,35,17,2,17,36,41
55,Tierre Brown,23,CLE,15,0,168,27,59,.458,0,1,.000,11,14,.786,8,22,30,39,13,0,22,9,65
56,Rick Brunson,30,CHI,17,0,196,23,50,.460,4,6,.667,10,12,.833,4,15,19,36,10,3,17,20,60
57,Kobe Bryant,24,LAL,82,82,3401,868,1924,.451,124,324,.383,601,713,.843,106,458,564,481,181,67,288,218,2461
58,Mark Bryant,37,TOT,16,0,100,5,19,.263,0,0,,3,4,.750,8,12,20,4,1,1,7,18,13
58,Mark Bryant,37,PHI,11,0,77,5,17,.294,0,0,,2,2,1.000,7,9,16,1,1,1,5,12,12
58,Mark Bryant,37,DEN,3,0,14,0,1,.000,0,0,,1,2,.500,1,1,2,2,0,0,2,4,1
58,Mark Bryant,37,BOS,2,0,9,0,1,.000,0,0,,0,0,,0,2,2,1,0,0,0,2,0
59,Greg Buckner,26,PHI,75,5,1514,185,398,.465,15,55,.273,65,81,.802,72,144,216,96,72,16,62,203,450
60,Pat Burke,29,ORL,62,8,783,113,296,.382,1,7,.143,40,58,.690,57,89,146,23,19,25,47,99,267
Rk,Player,Age,Tm,G,GS,MP,FG,FGA,FG%,3P,3PA,3P%,FT,FTA,FT%,ORB,DRB,TRB,AST,STL,BLK,TOV,PF,PTS
61,Caron Butler,22,MIA,78,78,2858,429,1032,.416,34,107,.318,309,375,.824,135,262,397,213,137,31,192,230,1201
62,Rasual Butler,23,MIA,72,28,1514,207,572,.362,50,171,.292,76,104,.731,29,157,186,93,21,43,77,105,540
63,Jason Caffey,29,MIL,51,16,894,113,248,.456,0,0,,69,106,.651,68,108,176,38,19,15,56,122,295
64,Marcus Camby,28,DEN,29,9,616,93,227,.410,2,5,.400,33,50,.660,75,133,208,47,20,40,27,69,221
65,Elden Campbell,34,TOT,56,1,869,117,295,.397,0,1,.000,109,136,.801,47,134,181,51,33,39,50,129,343
65,Elden Campbell,34,NOH,41,1,685,101,247,.409,0,1,.000,93,115,.809,34,108,142,42,24,31,42,102,295
65,Elden Campbell,34,SEA,15,0,184,16,48,.333,0,0,,16,21,.762,13,26,39,9,9,8,8,27,48
66,Brian Cardinal,25,WAS,5,0,15,1,4,.250,0,1,.000,2,2,1.000,3,2,5,1,0,0,1,0,4
67,Anthony Carter,27,MIA,49,26,912,83,233,.356,0,8,.000,33,50,.660,12,71,83,203,45,5,81,70,199
68,Vince Carter,26,TOR,43,42,1471,355,760,.467,45,131,.344,129,160,.806,59,129,188,143,48,41,74,121,884
69,Sam Cassell,33,MIL,78,77,2700,546,1162,.470,59,163,.362,385,447,.861,57,285,342,450,88,14,177,216,1536
70,Kelvin Cato,28,HOU,73,5,1247,133,256,.520,0,4,.000,66,124,.532,132,296,428,20,38,85,56,176,332
71,Tyson Chandler,20,CHI,75,68,1827,257,484,.531,0,0,,177,291,.608,169,345,514,76,37,106,135,220,691
72,Calbert Cheaney,31,UTA,81,74,2351,325,651,.499,10,25,.400,40,69,.580,73,211,284,163,65,13,108,225,700
73,Chris Childs,35,NJN,12,0,106,6,20,.300,1,6,.167,2,3,.667,3,2,5,16,8,1,6,17,15
74,Doug Christie,32,SAC,80,80,2710,267,557,.479,73,185,.395,141,174,.810,61,281,342,376,180,37,144,186,748
75,Keon Clark,27,SAC,80,11,1780,226,451,.501,0,4,.000,84,128,.656,138,313,451,80,38,150,94,227,536
76,Speedy Claxton,24,SAS,30,0,471,67,145,.462,0,11,.000,39,57,.684,22,34,56,75,22,7,35,43,173
77,Mateen Cleaves,25,SAC,12,0,55,6,23,.261,1,1,1.000,3,4,.750,1,7,8,10,2,0,14,6,16
78,Derrick Coleman,35,PHI,64,35,1742,223,498,.448,22,67,.328,134,171,.784,151,299,450,87,53,69,96,171,602
79,Bimbo Coles,34,TOT,35,11,691,56,168,.333,7,32,.219,35,42,.833,11,48,59,72,17,4,28,60,154
79,Bimbo Coles,34,CLE,21,11,516,34,119,.286,7,25,.280,27,34,.794,10,38,48,56,11,4,18,43,102
79,Bimbo Coles,34,BOS,14,0,175,22,49,.449,0,7,.000,8,8,1.000,1,10,11,16,6,0,10,17,52
80,Jason Collier,25,HOU,13,3,104,17,36,.472,0,0,,2,2,1.000,12,17,29,1,2,1,2,10,36
Rk,Player,Age,Tm,G,GS,MP,FG,FGA,FG%,3P,3PA,3P%,FT,FTA,FT%,ORB,DRB,TRB,AST,STL,BLK,TOV,PF,PTS
81,Jarron Collins,24,UTA,22,7,421,38,86,.442,0,1,.000,44,62,.710,32,28,60,14,5,6,19,70,120
82,Jason Collins,24,NJN,81,66,1900,140,338,.414,0,4,.000,180,236,.763,136,232,368,87,47,44,85,252,460
83,Chris Crawford,27,ATL,5,0,38,8,13,.615,1,3,.333,7,8,.875,3,4,7,1,2,3,2,7,24
84,Jamal Crawford,22,CHI,80,31,1992,334,808,.413,86,242,.355,104,129,.806,21,164,185,334,77,25,134,126,858
85,Austin Croshere,27,IND,49,0,633,86,209,.411,27,69,.391,53,65,.815,40,115,155,56,6,13,28,48,252
86,John Crotty,33,DEN,12,0,180,14,41,.341,4,13,.308,9,15,.600,1,14,15,29,3,0,9,16,41
87,Eddy Curry,20,CHI,81,48,1571,335,573,.585,0,0,,179,287,.624,116,237,353,37,18,62,137,226,849
88,Michael Curry,34,DET,78,77,1555,92,229,.402,16,54,.296,36,45,.800,16,111,127,104,44,4,43,163,236
89,Erick Dampier,27,GSW,82,82,1978,259,522,.496,0,2,.000,155,222,.698,248,295,543,58,27,154,112,242,673
90,Antonio Daniels,27,POR,67,2,872,84,186,.452,18,59,.305,65,76,.855,11,61,72,85,33,9,32,43,251
91,Antonio Davis,34,TOR,53,52,1894,261,641,.407,0,0,,216,280,.771,130,307,437,131,23,62,118,150,738
92,Baron Davis,23,NOH,50,47,1889,332,798,.416,99,283,.350,93,131,.710,56,130,186,320,91,22,140,148,856
93,Dale Davis,33,POR,78,78,2282,237,438,.541,0,0,,105,166,.633,233,331,564,94,51,70,71,189,579
94,Emanual Davis,34,ATL,24,1,340,32,88,.364,7,29,.241,17,22,.773,5,38,43,36,12,2,25,28,88
95,Hubert Davis,32,DET,43,1,328,31,79,.392,12,36,.333,5,6,.833,6,30,36,29,5,0,11,23,79
96,Ricky Davis,23,CLE,79,76,3131,602,1470,.410,74,204,.363,348,465,.748,97,293,390,436,125,36,277,180,1626
97,Andrew DeClercq,29,ORL,77,22,1327,149,279,.534,0,0,,67,104,.644,142,197,339,52,39,36,84,258,365
98,Tony Delk,29,BOS,67,39,1873,233,560,.416,120,304,.395,68,87,.782,41,191,232,146,72,10,69,124,654
99,Dan Dickau,24,ATL,50,0,515,70,170,.412,22,61,.361,21,26,.808,9,34,43,85,14,2,53,66,183
100,Michael Dickerson,27,MEM,6,1,87,10,24,.417,4,11,.364,5,5,1.000,1,5,6,8,5,1,6,16,29
Rk,Player,Age,Tm,G,GS,MP,FG,FGA,FG%,3P,3PA,3P%,FT,FTA,FT%,ORB,DRB,TRB,AST,STL,BLK,TOV,PF,PTS
101,DeSagana Diop,21,CLE,80,1,943,54,154,.351,0,0,,11,30,.367,63,152,215,43,33,81,56,148,119
102,Vlade Divac,34,SAC,80,80,2384,305,655,.466,6,25,.240,179,251,.713,157,417,574,274,83,105,152,239,795
103,Juan Dixon,24,WAS,42,3,647,104,271,.384,25,84,.298,37,46,.804,13,59,72,40,26,3,42,54,270
104,Michael Doleac,25,NYK,75,0,1041,146,343,.426,0,0,,36,46,.783,65,154,219,42,16,16,49,150,328
105,Keyon Dooling,22,LAC,55,1,969,128,329,.389,50,139,.360,44,57,.772,9,63,72,89,24,6,60,93,350
106,Bryce Drew,28,NOH,13,0,79,8,27,.296,3,7,.429,0,0,,4,9,13,11,2,0,3,2,19
107,Predrag Drobnjak,27,SEA,82,69,1984,325,789,.412,30,85,.353,91,115,.791,111,209,320,86,48,38,65,180,771
108,Chris Dudley,37,POR,3,0,11,0,1,.000,0,0,,0,0,,2,0,2,0,0,0,0,3,0
109,Tim Duncan,26,SAS,81,81,3181,714,1392,.513,6,22,.273,450,634,.710,259,784,1043,316,55,237,248,231,1884
110,Mike Dunleavy,22,GSW,82,3,1305,168,417,.403,52,150,.347,78,100,.780,66,148,214,106,53,19,86,120,466
111,Howard Eisley,30,NYK,82,76,2243,262,628,.417,131,337,.389,89,105,.848,24,162,186,444,71,9,149,222,744
112,LaPhonso Ellis,32,MIA,55,3,784,100,262,.382,27,107,.252,50,66,.758,44,113,157,15,15,15,31,88,277
113,Melvin Ely,24,LAC,52,7,802,92,186,.495,0,0,,52,74,.703,64,110,174,15,10,32,50,95,236
114,Evan Eschmeyer,27,DAL,17,3,135,7,19,.368,0,0,,3,4,.750,10,19,29,6,10,7,6,35,17
115,Reggie Evans,22,SEA,67,60,1365,66,140,.471,0,0,,80,154,.519,167,278,445,34,38,11,52,173,212
116,Danny Ferry,36,SAS,64,1,601,44,124,.355,21,60,.350,10,13,.769,20,55,75,21,7,9,27,55,119
117,Michael Finley,29,DAL,69,69,2642,507,1193,.425,119,322,.370,198,230,.861,107,295,402,205,76,21,114,105,1331
118,Derek Fisher,28,LAL,82,82,2829,339,775,.437,85,212,.401,100,125,.800,40,199,239,298,93,15,94,195,863
119,Marcus Fizer,24,CHI,38,0,809,178,383,.465,1,6,.167,88,134,.657,80,136,216,48,14,17,57,89,445
120,Alton Ford,21,PHO,11,0,31,3,9,.333,0,0,,1,3,.333,0,6,6,1,0,0,2,7,7
Rk,Player,Age,Tm,G,GS,MP,FG,FGA,FG%,3P,3PA,3P%,FT,FTA,FT%,ORB,DRB,TRB,AST,STL,BLK,TOV,PF,PTS
121,Joseph Forte,21,SEA,17,0,86,10,35,.286,0,3,.000,4,6,.667,4,7,11,11,4,0,10,6,24
122,Danny Fortson,26,GSW,17,0,223,20,54,.370,0,1,.000,19,29,.655,28,45,73,12,9,0,15,43,59
123,Greg Foster,34,TOR,29,9,539,47,122,.385,1,4,.250,26,32,.813,30,72,102,13,1,9,30,82,121
124,Jeff Foster,26,IND,77,2,802,64,178,.360,0,2,.000,34,63,.540,118,161,279,51,28,21,34,103,162
125,Tremaine Fowlkes,26,LAC,37,10,573,56,128,.438,2,9,.222,50,59,.847,41,62,103,23,25,2,20,63,164
126,Rick Fox,33,LAL,76,75,2181,262,621,.422,105,280,.375,52,69,.754,64,259,323,253,69,14,121,215,681
127,Adonal Foyle,27,GSW,82,0,1787,185,345,.536,0,1,.000,70,104,.673,176,314,490,37,40,205,73,214,440
128,Steve Francis,25,HOU,81,81,3318,571,1312,.435,85,240,.354,476,595,.800,159,340,499,502,141,41,299,251,1703
129,Lawrence Funderburke,32,SAC,27,0,229,32,72,.444,0,0,,10,17,.588,17,38,55,8,1,11,6,25,74
130,Dan Gadzuric,24,MIL,49,30,760,70,145,.483,0,1,.000,29,56,.518,66,131,197,9,22,52,27,125,169
131,Kevin Garnett,26,MIN,82,82,3321,743,1481,.502,20,71,.282,377,502,.751,244,858,1102,495,113,129,229,199,1883
132,Pat Garrity,26,ORL,81,53,2584,312,744,.419,161,407,.396,83,100,.830,72,234,306,121,62,20,77,255,868
133,Pau Gasol,22,MEM,82,82,2948,569,1116,.510,1,10,.100,416,565,.736,192,528,720,229,34,148,213,220,1555
134,Devean George,25,LAL,71,7,1613,180,461,.390,49,132,.371,83,105,.790,91,195,286,92,56,38,65,180,492
135,Kendall Gill,34,MIN,82,34,2068,286,677,.422,19,59,.322,123,161,.764,51,197,248,156,78,15,108,176,714
136,Manu Ginobili,25,SAS,69,5,1431,174,397,.438,51,148,.345,126,171,.737,47,114,161,138,96,17,100,170,525
137,Gordan Giricek,25,TOT,76,62,2148,350,803,.436,85,249,.341,150,183,.820,36,202,238,137,52,8,145,159,935
137,Gordan Giricek,25,MEM,49,35,1187,207,478,.433,46,130,.354,88,107,.822,18,90,108,70,22,6,94,104,548
137,Gordan Giricek,25,ORL,27,27,961,143,325,.440,39,119,.328,62,76,.816,18,112,130,67,30,2,51,55,387
138,Dion Glover,24,ATL,76,42,1890,277,648,.427,56,158,.354,127,162,.784,62,220,282,141,71,15,108,146,737
139,Anthony Goldwire,31,TOT,15,0,85,9,25,.360,3,9,.333,4,7,.571,0,6,6,4,3,0,6,6,25
139,Anthony Goldwire,31,SAS,10,0,51,5,18,.278,2,8,.250,0,2,.000,0,3,3,3,3,0,2,5,12
139,Anthony Goldwire,31,WAS,5,0,34,4,7,.571,1,1,1.000,4,5,.800,0,3,3,1,0,0,4,1,13
140,Drew Gooden,21,TOT,70,47,1873,355,777,.457,14,48,.292,151,212,.712,163,292,455,83,53,35,150,172,875
140,Drew Gooden,21,MEM,51,29,1329,255,576,.443,14,46,.304,92,132,.697,105,190,295,63,38,22,105,121,616
140,Drew Gooden,21,ORL,19,18,544,100,201,.498,0,2,.000,59,80,.738,58,102,160,20,15,13,45,51,259
Rk,Player,Age,Tm,G,GS,MP,FG,FGA,FG%,3P,3PA,3P%,FT,FTA,FT%,ORB,DRB,TRB,AST,STL,BLK,TOV,PF,PTS
141,Brian Grant,30,MIA,82,82,2641,344,676,.509,0,0,,158,205,.771,241,596,837,104,63,47,129,300,846
142,Horace Grant,37,ORL,5,1,85,13,25,.520,0,0,,0,0,,2,6,8,7,3,0,1,5,26
143,Adrian Griffin,28,DAL,74,48,1373,146,337,.433,6,24,.250,27,32,.844,88,176,264,105,77,6,47,157,325
144,Eddie Griffin,20,HOU,77,66,1890,271,678,.400,64,192,.333,58,94,.617,138,323,461,86,52,111,76,136,664
145,Tom Gugliotta,33,PHO,27,11,447,60,132,.455,0,1,.000,9,9,1.000,25,75,100,31,14,5,31,35,129
146,A.J. Guyton,24,GSW,2,0,9,0,4,.000,0,1,.000,0,0,,0,0,0,2,1,0,1,0,0
147,Marcus Haislip,22,MIL,39,8,441,66,153,.431,3,12,.250,26,38,.684,21,32,53,9,7,18,21,55,161
148,Darvin Ham,29,ATL,75,1,926,71,159,.447,0,3,.000,38,79,.481,73,80,153,38,16,19,65,127,180
149,Richard Hamilton,24,DET,82,82,2640,570,1286,.443,32,119,.269,440,528,.833,88,230,318,208,64,13,200,249,1612
150,Zendon Hamilton,27,TOR,3,0,12,2,5,.400,0,0,,2,2,1.000,1,3,4,0,1,0,1,2,6
151,Anfernee Hardaway,31,PHO,58,51,1777,256,573,.447,26,73,.356,77,97,.794,66,192,258,235,66,26,145,150,615
152,Tim Hardaway,36,IND,10,0,127,18,49,.367,11,31,.355,2,4,.500,1,14,15,24,9,0,11,8,49
153,Matt Harpring,26,UTA,78,69,2557,521,1020,.511,66,160,.413,262,331,.792,190,324,514,133,73,17,160,217,1370
154,Adam Harrington,22,TOT,19,0,111,11,37,.297,5,14,.357,3,4,.750,1,7,8,12,2,1,2,8,30
154,Adam Harrington,22,DAL,13,0,37,4,17,.235,1,3,.333,2,2,1.000,0,2,2,2,1,1,2,2,11
154,Adam Harrington,22,DEN,6,0,74,7,20,.350,4,11,.364,1,2,.500,1,5,6,10,1,0,0,6,19
155,Al Harrington,22,IND,82,37,2467,389,896,.434,13,46,.283,211,274,.770,159,352,511,125,71,33,163,280,1002
156,Junior Harrington,22,DEN,82,51,2003,169,467,.362,7,28,.250,73,112,.652,44,206,250,277,80,15,157,250,418
157,Othella Harrington,29,NYK,74,64,1850,225,443,.508,0,0,,123,150,.820,165,311,476,62,12,23,90,231,573
158,Lucious Harris,32,NJN,77,25,1973,298,721,.413,47,136,.346,152,189,.804,63,169,232,155,53,8,71,95,795
159,Antonio Harvey,32,ATL,4,0,32,2,5,.400,0,0,,0,0,,1,5,6,0,1,4,3,7,4
160,Donnell Harvey,22,DEN,77,27,1613,246,551,.446,1,7,.143,118,176,.670,125,284,409,100,48,27,123,203,611
Rk,Player,Age,Tm,G,GS,MP,FG,FGA,FG%,3P,3PA,3P%,FT,FTA,FT%,ORB,DRB,TRB,AST,STL,BLK,TOV,PF,PTS
161,Trenton Hassell,23,CHI,82,53,1999,144,392,.367,13,40,.325,41,55,.745,37,218,255,151,45,61,83,197,342
162,Kirk Haston,23,NOH,12,0,57,2,17,.118,0,3,.000,2,4,.500,0,7,7,3,0,5,7,10,6
163,Juaquin Hawkins,29,HOU,58,10,685,57,148,.385,10,24,.417,10,20,.500,16,62,78,47,29,6,29,57,134
164,Brendan Haywood,23,WAS,81,69,1930,173,339,.510,0,0,,155,245,.633,192,212,404,29,32,119,65,225,501
165,Alan Henderson,30,ATL,82,3,1494,153,327,.468,0,2,.000,88,138,.638,156,242,398,41,33,32,61,168,394
166,Nene Hilario,20,DEN,80,53,2258,321,619,.519,0,3,.000,197,341,.578,208,283,491,149,127,65,181,295,839
167,Grant Hill,30,ORL,29,29,843,151,307,.492,1,4,.250,118,144,.819,40,166,206,122,28,13,84,46,421
168,Tyrone Hill,34,TOT,56,43,1351,129,306,.422,0,0,,54,80,.675,126,265,391,41,46,26,68,172,312
168,Tyrone Hill,34,CLE,32,25,855,85,197,.431,0,0,,33,45,.733,70,197,267,32,31,19,52,104,203
168,Tyrone Hill,34,PHI,24,18,496,44,109,.404,0,0,,21,35,.600,56,68,124,9,15,7,16,68,109
169,Fred Hoiberg,30,CHI,63,0,784,49,126,.389,5,21,.238,41,50,.820,11,126,137,70,40,5,25,59,144
170,Robert Horry,32,LAL,80,26,2343,184,476,.387,51,177,.288,103,134,.769,181,333,514,233,96,61,112,247,522
171,Eddie House,24,MIA,55,7,1025,172,444,.387,36,120,.300,31,36,.861,17,84,101,87,44,1,46,73,411
172,Allan Houston,31,NYK,82,82,3108,652,1465,.445,178,450,.396,363,395,.919,26,205,231,220,54,7,178,191,1845
173,Juwan Howard,29,DEN,77,77,2730,567,1261,.450,2,4,.500,282,351,.803,181,404,585,234,77,27,189,239,1418
174,Troy Hudson,26,MIN,79,74,2600,409,956,.428,97,266,.365,208,231,.900,42,141,183,452,60,7,182,160,1123
175,Nate Huffman,27,TOR,7,0,76,9,25,.360,0,0,,5,8,.625,9,14,23,5,1,3,3,13,23
176,Larry Hughes,24,WAS,67,56,2137,346,741,.467,29,79,.367,136,186,.731,67,241,308,205,86,24,136,149,857
177,Ryan Humphrey,23,TOT,48,1,444,35,120,.292,0,0,,23,39,.590,34,65,99,11,9,18,23,75,93
177,Ryan Humphrey,23,ORL,35,1,322,23,85,.271,0,0,,18,28,.643,30,39,69,7,4,16,21,57,64
177,Ryan Humphrey,23,MEM,13,0,122,12,35,.343,0,0,,5,11,.455,4,26,30,4,5,2,2,18,29
178,Lindsey Hunter,32,TOR,29,1,673,106,302,.351,34,107,.318,34,47,.723,15,44,59,71,35,5,57,50,280
179,Steven Hunter,21,ORL,33,5,447,56,103,.544,0,0,,18,44,.409,38,55,93,6,9,36,15,56,130
180,Zydrunas Ilgauskas,27,CLE,81,81,2432,495,1122,.441,0,5,.000,400,512,.781,240,371,611,127,56,152,210,274,1390
Rk,Player,Age,Tm,G,GS,MP,FG,FGA,FG%,3P,3PA,3P%,FT,FTA,FT%,ORB,DRB,TRB,AST,STL,BLK,TOV,PF,PTS
181,Allen Iverson,27,PHI,82,82,3485,804,1940,.414,84,303,.277,570,736,.774,68,276,344,454,225,13,286,149,2262
182,Bobby Jackson,29,SAC,59,26,1676,340,732,.464,89,235,.379,126,149,.846,57,162,219,182,71,3,106,126,895
183,Jermaine Jackson,26,TOT,53,1,559,40,110,.364,1,10,.100,40,55,.727,19,38,57,74,19,6,34,51,121
183,Jermaine Jackson,26,TOR,24,1,286,21,68,.309,1,9,.111,23,27,.852,10,15,25,39,9,3,19,24,66
183,Jermaine Jackson,26,ATL,29,0,273,19,42,.452,0,1,.000,17,28,.607,9,23,32,35,10,3,15,27,55
184,Jim Jackson,32,SAC,63,0,1309,204,462,.442,32,71,.451,47,55,.855,84,178,262,118,31,4,80,132,487
185,Marc Jackson,28,MIN,77,0,1041,153,349,.438,1,1,1.000,114,149,.765,86,139,225,37,24,30,59,137,421
186,Mark Jackson,37,UTA,82,0,1467,147,369,.398,27,95,.284,61,80,.763,34,142,176,375,48,3,152,90,382
187,Stephen Jackson,24,SAS,80,58,2254,356,818,.435,95,297,.320,139,183,.760,66,220,286,183,125,30,176,202,946
188,Casey Jacobsen,21,PHO,72,0,1147,122,327,.373,52,165,.315,72,105,.686,29,54,83,73,35,6,55,90,368
189,Jerome James,27,SEA,51,16,766,111,232,.478,0,0,,54,92,.587,78,138,216,27,12,82,75,166,276
190,Mike James,27,MIA,78,8,1722,218,585,.373,67,228,.294,104,142,.732,26,123,149,246,64,5,108,176,607
191,Antawn Jamison,26,GSW,82,82,3226,691,1471,.470,65,209,.311,375,475,.789,195,383,578,156,76,45,177,197,1822
192,Marko Jaric,24,LAC,66,12,1379,179,446,.401,53,166,.319,79,105,.752,35,125,160,193,97,11,103,125,490
193,Chris Jefferies,22,TOR,51,10,666,75,194,.387,18,54,.333,29,43,.674,16,43,59,22,19,16,45,56,197
194,Richard Jefferson,22,NJN,80,80,2879,456,911,.501,6,24,.250,324,436,.743,150,364,514,201,80,44,156,216,1242
195,Jared Jeffries,21,WAS,20,1,292,30,63,.476,3,6,.500,16,29,.552,26,32,58,16,8,5,21,28,79
196,Anthony Johnson,28,NJN,66,2,842,103,231,.446,13,35,.371,51,74,.689,13,65,78,86,37,5,41,93,270
197,Avery Johnson,37,DAL,48,0,430,63,150,.420,0,2,.000,30,39,.769,10,21,31,64,15,1,29,26,156
198,Ervin Johnson,35,MIL,69,17,1170,61,135,.452,0,0,,30,44,.682,117,177,294,24,34,63,34,178,152
199,Joe Johnson,21,PHO,82,34,2255,316,796,.397,75,205,.366,96,124,.774,57,207,264,210,62,19,108,143,803
200,Ken Johnson,24,MIA,16,0,156,15,37,.405,0,0,,2,6,.333,4,28,32,0,1,12,6,20,32
Rk,Player,Age,Tm,G,GS,MP,FG,FGA,FG%,3P,3PA,3P%,FT,FTA,FT%,ORB,DRB,TRB,AST,STL,BLK,TOV,PF,PTS
201,Damon Jones,26,SAC,49,1,709,80,210,.381,44,121,.364,20,27,.741,11,59,70,80,18,4,23,42,224
202,Eddie Jones,31,MIA,47,47,1789,291,688,.423,98,241,.407,189,230,.822,35,191,226,173,64,31,85,137,869
203,Fred Jones,23,IND,19,1,115,9,24,.375,2,7,.286,3,4,.750,4,5,9,5,6,1,6,13,23
204,Jumaine Jones,23,CLE,80,12,2204,308,710,.434,111,314,.354,57,83,.687,106,299,405,112,67,22,107,176,784
205,Popeye Jones,32,DAL,26,0,222,24,62,.387,0,0,,5,11,.455,29,30,59,8,5,1,15,31,53
206,Michael Jordan*,39,WAS,82,67,3031,679,1527,.445,16,55,.291,266,324,.821,71,426,497,311,123,39,173,171,1640
207,Shawn Kemp,33,ORL,79,54,1633,211,505,.418,0,1,.000,115,155,.742,147,304,451,55,66,33,102,239,537
208,Steve Kerr,37,SAS,75,0,952,110,256,.430,49,124,.395,30,34,.882,12,48,60,70,27,3,35,49,299
209,Jason Kidd,29,NJN,80,80,2989,515,1244,.414,126,370,.341,339,403,.841,110,394,504,711,179,25,296,127,1495
210,Andrei Kirilenko,21,UTA,80,11,2213,315,642,.491,37,114,.325,296,370,.800,147,273,420,138,118,175,136,185,963
211,Kerry Kittles,28,NJN,65,57,1951,332,711,.467,78,219,.356,106,135,.785,52,200,252,170,101,30,55,110,848
212,Brevin Knight,27,MEM,55,4,928,97,228,.425,2,8,.250,20,37,.541,15,66,81,233,69,2,94,123,216
213,Travis Knight,28,NYK,32,0,287,25,65,.385,0,1,.000,10,13,.769,18,44,62,14,8,9,10,44,60
214,Toni Kukoc,34,MIL,63,0,1704,249,577,.432,95,263,.361,137,194,.706,67,199,266,230,81,29,122,134,730
215,Christian Laettner,33,WAS,76,66,2215,255,516,.494,2,16,.125,120,144,.833,114,388,502,235,82,40,87,206,632
216,Raef LaFrentz,26,DAL,69,43,1611,266,514,.518,47,116,.405,60,88,.682,125,205,330,54,35,91,46,264,639
217,Sean Lampley,23,MIA,35,0,487,56,129,.434,0,4,.000,57,82,.695,26,57,83,31,7,3,25,43,169
218,Dan Langhi,25,PHO,60,0,541,81,202,.401,9,31,.290,12,20,.600,19,68,87,21,15,6,16,58,183
219,Voshon Lenard,29,TOR,63,24,1929,325,809,.402,92,252,.365,156,194,.804,48,164,212,144,59,21,103,156,898
220,Rashard Lewis,23,SEA,77,77,3044,519,1149,.452,75,217,.346,283,345,.820,152,351,503,133,99,35,143,205,1396
Rk,Player,Age,Tm,G,GS,MP,FG,FGA,FG%,3P,3PA,3P%,FT,FTA,FT%,ORB,DRB,TRB,AST,STL,BLK,TOV,PF,PTS
221,Randy Livingston,27,NOH,2,0,12,2,4,.500,0,0,,2,2,1.000,0,0,0,1,0,0,0,0,6
222,Art Long,30,TOT,26,0,211,28,75,.373,2,3,.667,2,10,.200,21,39,60,6,5,11,20,35,60
222,Art Long,30,PHI,19,0,131,19,50,.380,1,1,1.000,1,5,.200,13,27,40,2,2,8,9,22,40
222,Art Long,30,TOR,7,0,80,9,25,.360,1,2,.500,1,5,.200,8,12,20,4,3,3,11,13,20
223,Grant Long,36,BOS,41,1,488,27,70,.386,0,3,.000,18,23,.783,24,59,83,25,9,1,19,62,72
224,Tyronn Lue,25,WAS,75,24,1986,248,573,.433,60,176,.341,91,104,.875,22,127,149,263,47,1,77,151,647
225,George Lynch,32,NOH,81,32,1497,147,359,.409,28,79,.354,41,74,.554,139,214,353,104,66,19,52,136,363
226,Todd MacCulloch,27,PHI,42,35,812,123,238,.517,0,0,,53,79,.671,66,130,196,20,19,32,35,107,299
227,Tito Maddox,21,HOU,9,0,35,3,12,.250,0,3,.000,5,8,.625,1,6,7,5,3,1,3,4,11
228,Mark Madsen,27,LAL,54,22,781,69,163,.423,0,0,,36,61,.590,86,73,159,38,15,19,27,116,174
229,Corey Maggette,23,LAC,64,57,2006,343,773,.444,62,177,.350,325,405,.802,77,245,322,123,55,16,147,194,1073
230,Jamaal Magloire,24,NOH,82,82,2443,305,635,.480,0,3,.000,231,322,.717,260,464,724,88,49,111,158,276,841
231,Karl Malone*,39,UTA,81,81,2936,595,1289,.462,3,14,.214,474,621,.763,113,515,628,379,136,31,210,204,1667
232,Matt Maloney,31,ATL,14,0,103,8,25,.320,5,15,.333,3,5,.600,1,6,7,17,4,0,5,9,24
233,Danny Manning,36,DET,13,0,89,13,32,.406,3,8,.375,5,6,.833,7,11,18,7,9,3,7,11,34
234,Stephon Marbury,25,PHO,81,81,3240,671,1530,.439,89,296,.301,375,467,.803,53,210,263,654,108,20,263,200,1806
235,Shawn Marion,24,PHO,81,81,3373,662,1466,.452,141,364,.387,251,295,.851,199,574,773,198,185,95,157,208,1716
236,Sean Marks,27,MIA,23,0,223,22,59,.373,0,1,.000,10,15,.667,8,27,35,3,5,6,14,37,54
237,Donny Marshall,30,NJN,3,0,6,0,3,.000,0,1,.000,0,0,,0,3,3,0,0,0,1,0,0
238,Donyell Marshall,29,CHI,78,53,2378,421,918,.459,33,87,.379,167,221,.756,234,465,699,137,95,85,135,234,1042
239,Kenyon Martin,25,NJN,77,77,2628,509,1082,.470,9,43,.209,256,392,.653,164,476,640,185,98,70,192,294,1283
240,Jamal Mashburn,30,NOH,82,81,3321,670,1586,.422,119,306,.389,313,369,.848,66,432,498,462,83,17,230,196,1772
Rk,Player,Age,Tm,G,GS,MP,FG,FGA,FG%,3P,3PA,3P%,FT,FTA,FT%,ORB,DRB,TRB,AST,STL,BLK,TOV,PF,PTS
241,Anthony Mason,36,MIL,65,58,2119,191,393,.486,0,1,.000,84,117,.718,90,326,416,209,32,12,79,147,466
242,Desmond Mason,25,TOT,80,40,2763,457,1017,.449,21,72,.292,212,283,.749,154,369,523,163,67,32,115,210,1147
242,Desmond Mason,25,SEA,52,15,1811,291,667,.436,16,55,.291,134,181,.740,88,247,335,95,47,21,74,136,732
242,Desmond Mason,25,MIL,28,25,952,166,350,.474,5,17,.294,78,102,.765,66,122,188,68,20,11,41,74,415
243,Roger Mason,22,CHI,17,0,113,11,31,.355,6,18,.333,2,2,1.000,2,10,12,12,4,0,5,20,30
244,Tony Massenburg,35,UTA,58,1,792,104,232,.448,0,0,,65,84,.774,59,97,156,17,17,19,50,144,273
245,Walter McCarty,28,BOS,82,8,1949,173,418,.414,91,248,.367,61,98,.622,64,224,288,106,78,28,67,188,498
246,Amal McCaskill,29,ATL,11,0,70,4,17,.235,0,0,,3,4,.750,7,15,22,5,3,1,2,13,11
247,Jelani McCoy,25,TOR,67,25,1367,194,395,.491,0,0,,69,126,.548,95,260,355,43,28,60,96,162,457
248,Tracy McGrady,23,ORL,75,74,2954,829,1813,.457,173,448,.386,576,726,.793,121,367,488,411,124,59,195,156,2407
249,Jeff McInnis,28,POR,75,1,1311,188,423,.444,6,35,.171,50,67,.746,22,75,97,170,21,2,75,117,432
250,Aaron McKie,30,PHI,80,40,2374,286,666,.429,37,112,.330,112,134,.836,61,289,350,278,131,9,109,177,721
251,Stanislav Medvedenko,23,LAL,58,10,620,112,258,.434,0,2,.000,31,43,.721,66,75,141,18,11,8,37,118,255
252,Ron Mercer,26,IND,72,3,1671,244,597,.409,3,16,.188,65,81,.802,32,122,154,112,49,14,54,123,556
253,Chris Mihm,23,CLE,52,0,809,116,287,.404,0,3,.000,76,105,.724,93,138,231,28,18,38,48,124,308
254,Darius Miles,21,CLE,67,62,2008,263,642,.410,0,14,.000,92,155,.594,113,250,363,176,67,69,178,159,618
255,Andre Miller,26,LAC,80,80,2913,377,928,.406,23,108,.213,311,391,.795,84,232,316,537,99,11,206,203,1088
256,Brad Miller,26,IND,73,72,2270,329,667,.493,5,16,.313,292,357,.818,185,418,603,193,65,43,118,203,955
257,Mike Miller,22,TOT,65,52,2186,373,859,.434,109,300,.363,156,186,.839,46,295,341,170,42,21,125,173,1011
257,Mike Miller,22,ORL,49,39,1826,296,708,.418,87,256,.340,127,150,.847,40,246,286,139,36,16,99,139,806
257,Mike Miller,22,MEM,16,13,360,77,151,.510,22,44,.500,29,36,.806,6,49,55,31,6,5,26,34,205
258,Reggie Miller*,37,IND,70,70,2117,281,637,.441,113,318,.355,207,230,.900,21,151,172,170,62,4,66,89,882
259,Chris Mills,33,GSW,21,0,262,39,106,.368,7,25,.280,16,18,.889,19,31,50,22,7,3,10,29,101
260,Yao Ming,22,HOU,82,72,2382,401,805,.498,1,2,.500,301,371,.811,196,479,675,137,31,147,173,230,1104
Rk,Player,Age,Tm,G,GS,MP,FG,FGA,FG%,3P,3PA,3P%,FT,FTA,FT%,ORB,DRB,TRB,AST,STL,BLK,TOV,PF,PTS
261,Cuttino Mobley,27,HOU,73,73,3044,463,1067,.434,112,318,.352,242,282,.858,70,233,303,208,95,36,166,185,1280
262,Nazr Mohammed,25,ATL,35,0,445,67,159,.421,0,0,,26,41,.634,47,82,129,6,16,21,25,79,160
263,Jerome Moiso,24,NOH,51,1,644,89,171,.520,0,0,,27,41,.659,59,119,178,22,19,44,46,87,205
264,Mikki Moore,27,TOT,8,0,43,5,13,.385,0,0,,8,10,.800,6,2,8,3,0,4,2,7,18
264,Mikki Moore,27,BOS,3,0,12,0,1,.000,0,0,,0,0,,1,0,1,0,0,2,0,6,0
264,Mikki Moore,27,ATL,5,0,31,5,12,.417,0,0,,8,10,.800,5,2,7,3,0,2,2,1,18
265,Terence Morris,24,HOU,49,0,632,82,176,.466,7,32,.219,11,14,.786,40,88,128,25,8,17,29,35,182
266,Troy Murphy,22,GSW,79,79,2510,338,749,.451,3,14,.214,244,290,.841,228,578,806,106,65,30,111,246,923
267,Ronald Murray,23,TOT,14,0,62,11,31,.355,0,5,.000,5,8,.625,0,4,4,5,4,0,8,0,27
267,Ronald Murray,23,MIL,12,0,42,9,26,.346,0,4,.000,5,8,.625,0,1,1,3,4,0,4,0,23
267,Ronald Murray,23,SEA,2,0,20,2,5,.400,0,1,.000,0,0,,0,3,3,2,0,0,4,0,4
268,Tracy Murray,31,LAL,31,0,193,23,71,.324,8,38,.211,7,9,.778,5,18,23,12,5,3,14,22,61
269,Dikembe Mutombo,36,NJN,24,16,514,49,131,.374,0,0,,40,55,.727,54,99,153,19,4,37,34,54,138
270,Mamadou N'Diaye,27,TOR,22,8,364,43,96,.448,0,0,,34,47,.723,29,53,82,7,8,32,21,58,120
271,Bostjan Nachbar,22,HOU,14,1,77,11,31,.355,2,10,.200,5,10,.500,3,8,11,3,2,2,6,13,29
272,Lee Nailon,27,NYK,38,0,405,84,190,.442,0,1,.000,42,51,.824,32,38,70,26,6,3,32,46,210
273,Eduardo Najera,26,DAL,48,12,1103,129,231,.558,0,1,.000,62,91,.681,90,133,223,47,40,22,23,129,320
274,Steve Nash,28,DAL,82,82,2711,518,1114,.465,111,269,.413,308,339,.909,63,171,234,598,85,6,192,134,1455
275,Rasho Nesterovic,26,MIN,77,77,2337,400,762,.525,0,2,.000,61,95,.642,146,358,504,114,39,116,99,256,861
276,Ira Newble,28,ATL,73,45,1931,231,467,.495,32,84,.381,70,90,.778,86,185,271,99,50,26,69,174,564
277,Moochie Norris,29,HOU,82,3,1375,134,330,.406,11,45,.244,78,114,.684,37,122,159,196,55,4,86,72,357
278,Dirk Nowitzki,24,DAL,80,80,3117,690,1489,.463,148,390,.379,483,548,.881,81,710,791,239,111,82,152,206,2011
279,Jermaine O'Neal,24,IND,77,76,2864,610,1260,.484,7,21,.333,373,510,.731,202,594,796,155,66,178,180,277,1600
280,Shaquille O'Neal,30,LAL,67,66,2535,695,1211,.574,0,0,,451,725,.622,259,483,742,206,38,159,196,229,1841
Rk,Player,Age,Tm,G,GS,MP,FG,FGA,FG%,3P,3PA,3P%,FT,FTA,FT%,ORB,DRB,TRB,AST,STL,BLK,TOV,PF,PTS
281,Charles Oakley,39,WAS,42,1,514,23,55,.418,0,0,,28,34,.824,37,70,107,40,13,6,21,90,74
282,Lamar Odom,23,LAC,49,47,1679,268,611,.439,42,129,.326,136,175,.777,59,267,326,178,42,41,140,181,714
283,Mehmet Okur,23,DET,72,9,1366,180,423,.426,38,112,.339,96,131,.733,117,218,335,71,25,39,66,167,494
284,Dean Oliver,24,GSW,15,0,93,7,29,.241,1,6,.167,7,8,.875,8,8,16,23,7,0,10,9,22
285,Kevin Ollie,30,TOT,82,5,1897,199,441,.451,2,6,.333,134,178,.753,25,157,182,291,69,5,72,122,534
285,Kevin Ollie,30,MIL,53,4,1127,117,255,.459,1,5,.200,68,91,.747,12,87,99,181,37,4,36,71,303
285,Kevin Ollie,30,SEA,29,1,770,82,186,.441,1,1,1.000,66,87,.759,13,70,83,110,32,1,36,51,231
286,Michael Olowokandi,27,LAC,36,36,1369,186,436,.427,0,0,,69,105,.657,57,271,328,47,18,79,98,110,441
287,Greg Ostertag,29,UTA,81,74,1926,169,326,.518,0,0,,100,196,.510,180,323,503,55,20,147,104,235,438
288,Bo Outlaw,31,PHO,80,20,1800,153,278,.550,0,2,.000,72,116,.621,134,234,368,112,50,71,76,194,378
289,Chris Owens,23,MEM,1,0,6,2,3,.667,0,0,,0,0,,1,0,1,0,0,0,1,0,4
290,Olumide Oyedeji,21,ORL,27,3,145,10,23,.435,0,0,,7,11,.636,10,40,50,5,5,3,5,30,27
291,Robert Pack,33,NOH,28,4,440,52,129,.403,0,5,.000,41,55,.745,11,40,51,81,25,0,40,35,145
292,Scott Padgett,26,UTA,82,2,1321,170,423,.402,45,133,.338,81,107,.757,83,189,272,86,41,24,70,148,466
293,Milt Palacio,24,CLE,80,46,1976,162,388,.418,8,37,.216,65,87,.747,48,187,235,259,68,16,131,168,397
294,Jannero Pargo,23,LAL,34,0,342,37,93,.398,7,24,.292,4,4,1.000,9,28,37,39,13,2,23,45,85
295,Smush Parker,21,CLE,66,18,1103,136,338,.402,38,118,.322,98,118,.831,29,90,119,162,48,12,133,106,408
296,Tony Parker,20,SAS,82,82,2774,484,1043,.464,82,243,.337,219,290,.755,33,183,216,432,71,4,198,174,1269
297,Cherokee Parks,30,LAC,30,18,648,82,163,.503,1,2,.500,23,38,.605,46,86,132,21,16,20,18,52,188
298,Ruben Patterson,27,POR,78,17,1655,254,516,.492,3,20,.150,138,220,.627,120,144,264,101,73,29,117,161,649
299,Gary Payton,34,TOT,80,80,3208,665,1466,.454,54,182,.297,250,352,.710,79,255,334,663,133,20,187,181,1634
299,Gary Payton,34,SEA,52,52,2123,444,992,.448,34,114,.298,162,234,.692,56,192,248,457,93,12,131,117,1084
299,Gary Payton,34,MIL,28,28,1085,221,474,.466,20,68,.294,88,118,.746,23,63,86,206,40,8,56,64,550
300,Anthony Peeler,33,MIN,82,39,2245,252,609,.414,87,212,.410,39,50,.780,40,201,241,244,72,13,82,161,630
Rk,Player,Age,Tm,G,GS,MP,FG,FGA,FG%,3P,3PA,3P%,FT,FTA,FT%,ORB,DRB,TRB,AST,STL,BLK,TOV,PF,PTS
301,Wesley Person,31,MEM,66,44,1941,274,601,.456,100,231,.433,79,97,.814,24,168,192,112,42,19,56,64,727
302,Morris Peterson,25,TOR,82,79,2949,421,1073,.392,116,344,.337,195,247,.789,97,266,363,188,88,32,128,232,1153
303,Eric Piatkowski,32,LAC,62,25,1360,210,446,.471,80,201,.398,101,122,.828,44,112,156,70,33,9,56,92,601
304,Paul Pierce,25,BOS,79,79,3096,663,1592,.416,118,391,.302,604,753,.802,106,472,578,349,139,62,288,227,2048
305,Scottie Pippen*,37,POR,64,58,1911,265,597,.444,38,133,.286,121,148,.818,57,221,278,285,105,25,164,149,689
306,Scot Pollard,27,SAC,23,0,325,40,87,.460,0,0,,23,38,.605,46,60,106,6,13,15,15,50,103
307,James Posey,26,TOT,83,71,2518,309,752,.411,70,229,.306,205,246,.833,90,336,426,184,106,15,144,197,893
307,James Posey,26,DEN,25,24,872,121,324,.373,24,88,.273,86,102,.843,38,107,145,78,29,6,66,63,352
307,James Posey,26,HOU,58,47,1646,188,428,.439,46,141,.326,119,144,.826,52,229,281,106,77,9,78,134,541
308,Lavor Postell,24,NYK,12,0,98,14,38,.368,2,7,.286,13,15,.867,1,3,4,3,2,0,7,9,43
309,Vitaly Potapenko,27,SEA,26,2,403,41,93,.441,0,0,,22,29,.759,25,64,89,4,9,8,25,46,104
310,Tayshaun Prince,22,DET,42,5,435,53,118,.449,20,47,.426,11,17,.647,5,40,45,24,10,14,21,25,137
311,Joel Przybilla,23,MIL,32,17,546,18,46,.391,0,0,,12,24,.500,48,97,145,12,10,45,19,85,48
312,Vladimir Radmanovic,22,SEA,72,16,1910,274,668,.410,104,293,.355,72,102,.706,76,247,323,97,64,22,100,136,724
313,Igor Rakocevic,24,MIN,42,0,244,22,58,.379,5,12,.417,29,36,.806,4,13,17,33,4,0,23,25,78
314,Zach Randolph,21,POR,77,11,1301,264,515,.513,0,5,.000,122,161,.758,139,204,343,41,42,14,62,141,650
315,Theo Ratliff,29,ATL,81,81,2518,276,595,.464,0,0,,154,214,.720,154,453,607,73,56,262,137,271,706
316,Zeljko Rebraca,30,DET,30,12,488,80,145,.552,0,0,,38,48,.792,27,65,92,9,6,17,29,79,198
317,Michael Redd,23,MIL,82,14,2316,455,971,.469,182,416,.438,149,185,.805,98,273,371,117,100,13,74,143,1241
318,Don Reid,29,DET,1,0,10,0,3,.000,0,0,,1,2,.500,0,0,0,0,0,0,0,4,1
319,Efthimi Rentzias,27,PHI,35,0,144,20,59,.339,4,8,.500,8,9,.889,10,16,26,7,6,2,4,21,52
320,Glen Rice,35,HOU,62,26,1532,196,457,.429,101,254,.398,63,83,.759,28,126,154,65,23,5,55,99,556
Rk,Player,Age,Tm,G,GS,MP,FG,FGA,FG%,3P,3PA,3P%,FT,FTA,FT%,ORB,DRB,TRB,AST,STL,BLK,TOV,PF,PTS
321,Jason Richardson,22,GSW,82,82,2698,476,1161,.410,123,334,.368,207,271,.764,111,267,378,247,90,23,179,201,1282
322,Quentin Richardson,22,LAC,59,14,1368,203,546,.372,61,198,.308,85,124,.685,98,183,281,52,35,10,64,92,552
323,Antoine Rigaudeau,31,DAL,11,0,91,8,35,.229,1,5,.200,0,0,,4,4,8,6,3,0,6,11,17
324,Clifford Robinson,36,DET,81,69,2825,372,935,.398,87,259,.336,161,238,.676,81,237,318,268,87,88,158,259,992
325,David Robinson*,37,SAS,64,64,1676,197,420,.469,0,0,,152,214,.710,163,345,508,61,52,111,83,126,546
326,Eddie Robinson,26,CHI,64,18,1355,155,315,.492,3,14,.214,51,63,.810,76,124,200,66,62,13,52,120,364
327,Glenn Robinson,30,ATL,69,68,2591,539,1248,.432,90,263,.342,268,306,.876,86,371,457,205,91,26,248,183,1436
328,Rodney Rogers,31,NJN,68,0,1303,183,455,.402,44,132,.333,68,90,.756,61,202,263,107,50,31,91,192,478
329,Sean Rooks,33,LAC,70,38,1344,125,297,.421,0,1,.000,47,58,.810,53,163,216,69,34,44,66,174,297
330,Jalen Rose,30,CHI,82,82,3351,642,1583,.406,133,359,.370,399,467,.854,68,283,351,395,72,23,285,271,1816
331,Malik Rose,28,SAS,79,13,1933,289,630,.459,2,5,.400,242,306,.791,148,358,506,124,57,40,170,206,822
332,Guy Rucker,25,GSW,3,0,4,0,0,,0,0,,0,0,,0,1,1,1,0,0,0,1,0
333,Kareem Rush,22,LAL,76,0,872,96,244,.393,19,68,.279,16,23,.696,26,68,94,68,10,11,63,71,227
334,Bryon Russell,32,WAS,70,23,1388,108,306,.353,46,140,.329,53,69,.768,43,165,208,72,70,7,55,130,315
335,Arvydas Sabonis*,38,POR,78,1,1209,172,361,.476,3,6,.500,129,164,.787,88,247,335,142,61,49,75,141,476
336,John Salmons,23,PHI,64,1,504,48,116,.414,10,31,.323,26,35,.743,16,43,59,47,17,6,29,53,132
337,Soumaila Samake,24,LAL,13,1,77,10,24,.417,0,0,,2,2,1.000,10,13,23,4,0,5,2,13,22
338,Jamal Sampson,19,MIL,5,0,8,0,2,.000,0,0,,0,0,,1,1,2,1,1,0,0,0,0
339,Pepe Sanchez,25,DET,9,0,37,0,5,.000,0,0,,0,0,,4,2,6,8,5,0,2,3,0
340,Jeryl Sasser,23,ORL,75,4,1025,64,207,.309,13,44,.295,53,78,.679,64,120,184,65,45,12,39,91,194
Rk,Player,Age,Tm,G,GS,MP,FG,FGA,FG%,3P,3PA,3P%,FT,FTA,FT%,ORB,DRB,TRB,AST,STL,BLK,TOV,PF,PTS
341,Kenny Satterfield,21,TOT,39,6,502,55,183,.301,5,28,.179,17,25,.680,16,27,43,68,20,2,43,36,132
341,Kenny Satterfield,21,DEN,22,6,420,51,165,.309,5,28,.179,16,23,.696,12,23,35,53,18,2,36,30,123
341,Kenny Satterfield,21,PHI,17,0,82,4,18,.222,0,0,,1,2,.500,4,4,8,15,2,0,7,6,9
342,Predrag Savovic,26,DEN,27,0,256,29,93,.312,4,26,.154,21,29,.724,9,16,25,22,14,1,21,33,83
343,Brian Scalabrine,24,NJN,59,7,724,68,169,.402,14,39,.359,30,36,.833,40,101,141,46,16,18,46,77,180
344,Ansu Sesay,26,SEA,45,4,448,41,107,.383,0,0,,12,21,.571,34,39,73,23,14,5,25,62,94
345,Brian Shaw,36,LAL,72,0,900,101,261,.387,38,109,.349,10,15,.667,20,99,119,103,32,13,54,62,250
346,Paul Shirley,25,ATL,2,0,5,0,4,.000,0,0,,0,0,,0,1,1,0,0,0,0,0,0
347,Bobby Simmons,22,WAS,36,2,378,44,112,.393,0,5,.000,32,35,.914,33,44,77,20,10,3,8,51,120
348,Brian Skinner,26,PHI,77,9,1381,182,331,.550,0,0,,97,161,.602,136,230,366,19,47,53,62,176,461
349,Reggie Slater,32,MIN,26,0,141,27,50,.540,0,0,,27,45,.600,18,13,31,4,6,1,9,31,81
350,Tamar Slay,22,NJN,36,0,274,39,103,.379,7,25,.280,7,10,.700,8,23,31,14,14,3,20,31,92
351,Charles Smith,27,POR,3,0,13,1,4,.250,0,1,.000,3,4,.750,0,0,0,1,1,0,1,3,5
352,Joe Smith,27,MIN,54,21,1117,151,328,.460,0,2,.000,102,131,.779,111,159,270,38,14,55,43,171,404
353,Steve Smith,33,SAS,53,18,1032,113,291,.388,39,118,.331,95,114,.833,21,78,99,70,28,9,43,79,360
354,Eric Snow,29,PHI,82,82,3108,361,799,.452,7,32,.219,325,379,.858,71,230,301,544,133,11,194,235,1054
355,Latrell Sprewell,32,NYK,74,73,2859,454,1127,.403,134,360,.372,173,218,.794,45,240,285,332,102,22,172,134,1215
356,Jerry Stackhouse,28,WAS,70,70,2747,491,1201,.409,71,245,.290,455,518,.878,61,197,258,316,65,28,193,130,1508
357,Vladimir Stepania,26,MIA,79,6,1594,185,427,.433,0,0,,71,134,.530,211,343,554,24,45,40,69,169,441
358,DeShawn Stevenson,21,UTA,61,8,760,114,284,.401,4,12,.333,47,68,.691,22,63,85,40,22,8,49,57,279
359,Michael Stewart,27,CLE,47,0,251,14,37,.378,0,0,,8,12,.667,19,36,55,6,2,15,10,42,36
360,John Stockton*,40,UTA,82,82,2275,309,640,.483,29,80,.363,237,287,.826,51,150,201,629,137,16,182,184,884
Rk,Player,Age,Tm,G,GS,MP,FG,FGA,FG%,3P,3PA,3P%,FT,FTA,FT%,ORB,DRB,TRB,AST,STL,BLK,TOV,PF,PTS
361,Peja Stojakovic,25,SAC,72,72,2450,497,1034,.481,155,406,.382,231,264,.875,61,336,397,141,72,5,101,143,1380
362,Damon Stoudamire,29,POR,59,27,1315,156,415,.376,44,114,.386,53,67,.791,40,115,155,204,39,6,82,67,409
363,Amare Stoudemire,20,PHO,82,71,2570,392,830,.472,2,10,.200,320,484,.661,250,471,721,78,62,87,189,269,1106
364,Erick Strickland,29,IND,71,10,1275,163,380,.429,62,160,.388,70,87,.805,23,122,145,209,38,7,98,111,458
365,Mark Strickland,32,DAL,4,0,13,2,5,.400,0,0,,0,0,,5,2,7,0,0,0,1,1,4
366,Rod Strickland,36,MIN,47,8,956,120,278,.432,1,11,.091,79,107,.738,20,75,95,215,46,6,76,55,320
367,Bruno Sundov,22,BOS,26,0,138,14,56,.250,4,16,.250,0,2,.000,8,20,28,7,6,3,9,24,32
368,Bob Sura,29,GSW,55,0,1130,135,328,.412,28,85,.329,103,148,.696,58,109,167,177,45,2,82,108,401
369,Stromile Swift,23,MEM,67,26,1478,235,489,.481,0,2,.000,177,245,.722,114,270,384,45,55,104,99,152,647
370,Wally Szczerbiak,25,MIN,52,42,1836,351,729,.481,61,145,.421,150,173,.867,53,188,241,136,44,22,87,123,913
371,Maurice Taylor,26,HOU,67,9,1377,231,535,.432,0,2,.000,100,138,.725,95,143,238,66,22,22,100,151,562
372,Jason Terry,25,ATL,81,81,3081,488,1141,.428,160,431,.371,259,292,.887,37,242,279,600,126,14,249,175,1395
373,Etan Thomas,24,WAS,38,0,513,61,124,.492,0,0,,60,94,.638,70,95,165,3,8,23,33,66,182
374,Kenny Thomas,25,TOT,66,42,1978,260,559,.465,0,0,,147,197,.746,185,344,529,112,62,28,116,169,667
374,Kenny Thomas,25,HOU,20,14,586,82,190,.432,0,0,,33,45,.733,45,92,137,39,16,6,40,49,197
374,Kenny Thomas,25,PHI,46,28,1392,178,369,.482,0,0,,114,152,.750,140,252,392,73,46,22,76,120,470
375,Kurt Thomas,30,NYK,81,81,2577,497,1028,.483,2,3,.667,138,184,.750,160,477,637,162,81,97,138,344,1134
376,Tim Thomas,25,MIL,80,70,2358,412,930,.443,97,265,.366,145,186,.780,97,292,389,102,70,49,133,257,1066
377,Jamaal Tinsley,24,IND,73,69,2237,220,556,.396,46,166,.277,80,112,.714,58,202,260,548,125,18,192,201,566
378,Oscar Torres,26,GSW,17,0,109,16,36,.444,7,13,.538,14,20,.700,3,9,12,3,4,2,8,9,53
379,Robert Traylor,25,NOH,69,0,851,105,237,.443,1,3,.333,57,88,.648,108,154,262,50,45,37,53,153,268
380,Gary Trent,28,MIN,80,22,1222,208,389,.535,0,2,.000,60,101,.594,106,185,291,77,32,23,59,142,476
Rk,Player,Age,Tm,G,GS,MP,FG,FGA,FG%,3P,3PA,3P%,FT,FTA,FT%,ORB,DRB,TRB,AST,STL,BLK,TOV,PF,PTS
381,Jeff Trepagnier,23,DEN,8,0,97,17,40,.425,4,8,.500,7,7,1.000,8,8,16,6,8,0,8,5,45
382,Cezary Trybanski,23,MEM,15,0,86,5,20,.250,0,0,,4,10,.400,6,8,14,1,0,6,8,13,14
383,Jake Tsakalidis,23,PHO,33,27,543,61,135,.452,0,0,,39,58,.672,45,77,122,13,6,17,26,80,161
384,Nikoloz Tskitishvili,19,DEN,81,16,1320,115,393,.293,37,152,.243,48,65,.738,64,117,181,91,31,29,84,136,315
385,Hedo Turkoglu,23,SAC,67,11,1175,165,391,.422,29,78,.372,88,110,.800,35,153,188,87,25,12,50,125,447
386,Nick Van Exel,31,DAL,73,1,2026,342,831,.412,118,312,.378,110,144,.764,35,173,208,312,42,4,123,86,912
387,Keith Van Horn,27,PHI,74,73,2337,459,952,.482,65,176,.369,193,240,.804,159,365,524,93,63,30,150,251,1176
388,Jacque Vaughn,27,ORL,80,48,1686,184,411,.448,8,34,.235,97,125,.776,26,92,118,232,64,2,97,169,473
389,Jake Voskuhl,25,PHO,65,1,947,92,163,.564,0,0,,64,96,.667,97,128,225,36,18,29,48,172,248
390,Dajuan Wagner,19,CLE,47,24,1385,223,605,.369,55,174,.316,128,160,.800,20,62,82,130,38,7,85,107,629
391,Antoine Walker,26,BOS,78,78,3235,603,1554,.388,188,582,.323,176,286,.615,99,464,563,373,116,31,260,221,1570
392,Samaki Walker,26,LAL,67,39,1243,115,274,.420,0,1,.000,66,101,.653,115,253,368,64,20,55,56,143,296
393,Ben Wallace,28,DET,73,73,2873,210,437,.481,1,6,.167,85,189,.450,293,833,1126,120,104,230,88,179,506
394,Gerald Wallace,20,SAC,47,7,571,90,183,.492,1,4,.250,39,74,.527,38,90,128,23,24,15,44,68,220
395,Rasheed Wallace,28,POR,74,74,2684,515,1094,.471,110,307,.358,200,272,.735,113,435,548,153,70,77,140,223,1340
396,Charlie Ward,32,NYK,66,6,1465,165,414,.399,101,267,.378,41,53,.774,25,152,177,306,78,11,95,146,472
397,Earl Watson,23,MEM,79,2,1366,170,391,.435,31,91,.341,62,86,.721,46,118,164,225,89,14,88,138,433
398,Clarence Weatherspoon,32,NYK,79,19,2024,186,414,.449,0,0,,149,194,.768,214,385,599,68,69,36,63,174,521
399,Chris Webber,29,SAC,67,67,2622,661,1433,.461,5,21,.238,215,354,.607,160,544,704,364,106,88,215,204,1542
400,Bonzi Wells,26,POR,75,65,2396,437,990,.441,38,130,.292,226,313,.722,98,296,394,246,123,18,215,220,1138
Rk,Player,Age,Tm,G,GS,MP,FG,FGA,FG%,3P,3PA,3P%,FT,FTA,FT%,ORB,DRB,TRB,AST,STL,BLK,TOV,PF,PTS
401,Jiri Welsch,23,GSW,37,0,234,19,75,.253,1,4,.250,22,29,.759,12,16,28,27,8,2,19,32,61
402,David Wesley,32,NOH,73,73,2710,449,1037,.433,134,316,.424,185,237,.781,38,137,175,251,109,9,132,173,1217
403,Jahidi White,26,WAS,16,8,230,25,53,.472,0,0,,17,25,.680,37,36,73,2,1,12,9,33,67
404,Rodney White,22,DEN,72,19,1563,260,638,.408,32,134,.239,98,125,.784,43,170,213,121,45,32,156,134,650
405,Chris Whitney,31,TOT,51,21,1052,124,349,.355,50,164,.305,57,69,.826,3,64,67,145,29,2,71,92,355
405,Chris Whitney,31,DEN,29,20,762,94,261,.360,43,128,.336,46,57,.807,1,45,46,124,17,1,55,77,277
405,Chris Whitney,31,ORL,22,1,290,30,88,.341,7,36,.194,11,12,.917,2,19,21,21,12,1,16,15,78
406,Chris Wilcox,20,LAC,46,3,479,73,140,.521,0,0,,25,50,.500,32,72,104,21,7,12,26,65,171
407,Mike Wilks,23,TOT,46,7,688,50,148,.338,10,35,.286,37,47,.787,20,51,71,92,27,4,28,69,147
407,Mike Wilks,23,ATL,15,7,364,29,81,.358,6,17,.353,21,29,.724,9,32,41,42,16,1,16,38,85
407,Mike Wilks,23,MIN,31,0,324,21,67,.313,4,18,.222,16,18,.889,11,19,30,50,11,3,12,31,62
408,Aaron Williams,31,NJN,81,0,1597,199,439,.453,0,1,.000,102,130,.785,137,194,331,88,27,57,85,206,500
409,Alvin Williams,28,TOR,78,78,2638,396,905,.438,48,146,.329,187,239,.782,55,190,245,416,111,21,128,170,1027
410,Brandon Williams,27,ATL,6,0,19,1,7,.143,0,1,.000,0,0,,2,0,2,0,2,0,3,4,2
411,Eric Williams,30,BOS,82,79,2350,254,575,.442,37,110,.336,201,268,.750,143,239,382,140,86,19,97,234,746
412,Frank Williams,22,NYK,21,0,167,9,33,.273,6,16,.375,4,6,.667,3,15,18,34,7,2,17,20,28
413,Jason Williams,27,MEM,76,76,2407,333,859,.388,143,404,.354,110,131,.840,25,187,212,631,91,10,168,130,919
414,Jay Williams,21,CHI,75,54,1961,273,685,.399,65,202,.322,103,161,.640,27,168,195,350,86,17,171,179,714
415,Jerome Williams,29,TOR,71,63,2346,267,535,.499,1,6,.167,156,281,.555,231,419,650,95,116,26,98,197,691
416,Monty Williams,31,PHI,21,2,276,34,80,.425,0,2,.000,24,32,.750,12,33,45,26,12,5,17,33,92
417,Scott Williams,34,PHO,69,33,872,120,292,.411,0,2,.000,33,42,.786,72,121,193,22,27,21,32,159,273
418,Shammond Williams,27,TOT,78,11,1881,228,579,.394,93,261,.356,78,102,.765,24,147,171,266,77,6,114,140,627
418,Shammond Williams,27,BOS,51,2,1169,134,338,.396,56,159,.352,48,57,.842,12,98,110,128,61,3,61,84,372
418,Shammond Williams,27,DEN,27,9,712,94,241,.390,37,102,.363,30,45,.667,12,49,61,138,16,3,53,56,255
419,Walt Williams,32,DAL,66,1,1161,134,341,.393,64,171,.374,31,50,.620,53,154,207,59,42,26,35,141,363
420,Corliss Williamson,29,DET,82,1,2061,374,826,.453,2,11,.182,237,300,.790,147,211,358,104,44,27,126,238,987
Rk,Player,Age,Tm,G,GS,MP,FG,FGA,FG%,3P,3PA,3P%,FT,FTA,FT%,ORB,DRB,TRB,AST,STL,BLK,TOV,PF,PTS
421,Kevin Willis,40,SAS,71,6,840,123,257,.479,0,2,.000,51,83,.614,83,143,226,24,20,20,60,120,297
422,Ruben Wolkowyski,29,BOS,7,0,24,2,4,.500,0,1,.000,1,4,.250,0,1,1,1,0,0,1,3,5
423,Loren Woods,24,MIN,38,11,353,29,76,.382,1,3,.333,21,27,.778,27,68,95,19,10,13,23,37,80
424,Qyntel Woods,21,POR,53,0,334,59,118,.500,3,9,.333,7,20,.350,15,38,53,12,15,1,23,36,128
425,Metta World Peace,23,IND,69,67,2317,362,846,.428,71,211,.336,273,371,.736,101,261,362,198,159,50,145,242,1068
426,Lorenzen Wright,27,MEM,70,49,1982,325,716,.454,0,5,.000,147,223,.659,170,358,528,80,51,54,110,209,797
427,Vincent Yarbrough,21,DEN,59,39,1381,168,428,.393,21,78,.269,49,62,.790,36,126,162,130,57,33,81,145,406
428,Wang Zhizhi,25,LAC,41,1,412,62,162,.383,16,47,.340,42,58,.724,26,51,77,10,8,10,31,41,182