Rk,Player,Age,Tm,G,GS,MP,FG,FGA,FG%,3P,3PA,3P%,FT,FTA,FT%,ORB,DRB,TRB,AST,STL,BLK,TOV,PF,PTS
1,Shareef Abdur-Rahim,27,TOT,85,56,2684,501,1054,.475,9,34,.265,373,429,.869,189,450,639,174,68,37,184,222,1384
1,Shareef Abdur-Rahim,27,ATL,53,53,1956,383,790,.485,5,23,.217,294,334,.880,141,354,495,127,44,19,131,147,1065
1,Shareef Abdur-Rahim,27,POR,32,3,728,118,264,.447,4,11,.364,79,95,.832,48,96,144,47,24,18,53,75,319
2,Malik Allen,25,MIA,45,6,616,83,198,.419,0,0,,25,33,.758,42,77,119,16,12,28,27,81,191
3,Ray Allen,28,SEA,56,56,2152,447,1017,.440,148,378,.392,245,271,.904,69,217,286,268,71,11,156,132,1287
4,Rafer Alston,27,MIA,82,28,2581,287,764,.376,161,434,.371,103,134,.769,26,200,226,372,114,18,128,212,838
5,Chris Andersen,25,DEN,71,0,1029,90,203,.443,0,1,.000,63,107,.589,89,209,298,35,34,114,48,119,243
6,Derek Anderson,29,POR,51,46,1810,230,612,.376,79,259,.305,155,188,.824,26,156,182,228,66,3,90,79,694
7,Kenny Anderson,33,IND,44,31,905,113,256,.441,1,4,.250,35,48,.729,19,62,81,125,26,5,50,73,262
8,Shandon Anderson,30,NYK,80,37,1974,238,564,.422,36,128,.281,123,161,.764,53,169,222,122,68,17,118,182,635
9,Carmelo Anthony,19,DEN,82,82,2995,624,1465,.426,69,214,.322,408,525,.777,183,315,498,227,97,41,247,225,1725
10,Robert Archibald,23,TOT,32,3,256,9,33,.273,0,0,,14,31,.452,21,31,52,13,14,3,10,50,32
10,Robert Archibald,23,PHO,1,0,6,0,1,.000,0,0,,1,2,.500,0,1,1,1,0,0,1,1,1
10,Robert Archibald,23,ORL,1,0,4,1,2,.500,0,0,,0,2,.000,0,1,1,0,1,0,0,0,2
10,Robert Archibald,23,TOR,30,3,246,8,30,.267,0,0,,13,27,.481,21,29,50,12,13,3,9,49,29
11,Gilbert Arenas,22,WAS,55,52,2066,358,914,.392,125,333,.375,237,317,.748,55,199,254,275,103,12,226,176,1078
12,Brandon Armstrong,23,NJN,56,0,434,65,175,.371,19,52,.365,2,4,.500,12,31,43,14,12,2,24,49,151
13,Darrell Armstrong,35,NOH,79,22,2247,291,736,.395,135,429,.315,123,144,.854,63,163,226,311,133,16,155,148,840
14,Carlos Arroyo,24,UTA,71,71,2008,339,768,.441,38,117,.325,181,225,.804,41,144,185,355,63,5,156,165,897
15,Chucky Atkins,29,TOT,64,24,1544,192,484,.397,81,241,.336,73,97,.753,9,84,93,223,45,2,92,102,538
15,Chucky Atkins,29,DET,40,0,751,88,235,.374,42,130,.323,31,43,.721,6,42,48,95,19,1,48,60,249
15,Chucky Atkins,29,BOS,24,24,793,104,249,.418,39,111,.351,42,54,.778,3,42,45,128,26,1,44,42,289
16,Stacey Augmon,35,NOH,69,24,1416,143,347,.412,1,7,.143,110,139,.791,52,122,174,85,55,15,76,114,397
17,Vin Baker,32,TOT,54,33,1313,208,432,.481,1,3,.333,114,157,.726,112,168,280,66,29,32,77,160,531
17,Vin Baker,32,BOS,37,33,1000,168,333,.505,0,1,.000,82,112,.732,76,134,210,54,22,23,52,98,418
17,Vin Baker,32,NYK,17,0,313,40,99,.404,1,2,.500,32,45,.711,36,34,70,12,7,9,25,62,113
18,Marcus Banks,22,BOS,81,2,1385,177,442,.400,27,86,.314,99,131,.756,30,103,133,175,88,13,125,171,480
19,Leandro Barbosa,21,PHO,70,46,1500,210,470,.447,83,210,.395,47,61,.770,23,100,123,165,93,7,120,184,550
20,Matt Barnes,23,LAC,38,9,724,63,138,.457,2,13,.154,43,61,.705,53,98,151,48,27,3,44,76,171
Rk,Player,Age,Tm,G,GS,MP,FG,FGA,FG%,3P,3PA,3P%,FT,FTA,FT%,ORB,DRB,TRB,AST,STL,BLK,TOV,PF,PTS
21,Dana Barros,36,BOS,1,0,11,2,3,.667,0,0,,2,2,1.000,0,0,0,0,0,0,0,2,6
22,Brent Barry,32,SEA,59,53,1803,215,427,.504,114,252,.452,91,110,.827,21,183,204,342,85,16,139,121,635
23,Jon Barry,34,DEN,57,9,1101,120,297,.404,51,138,.370,60,71,.845,25,98,123,147,57,8,53,66,351
24,Mengke Bateer,28,TOR,7,0,40,4,7,.571,0,0,,0,0,,5,3,8,1,1,0,2,10,8
25,Tony Battie,27,TOT,73,7,1478,170,384,.443,2,9,.222,66,89,.742,118,241,359,58,26,67,63,159,408
25,Tony Battie,27,BOS,23,6,501,56,117,.479,1,1,1.000,23,33,.697,39,79,118,21,8,20,24,55,136
25,Tony Battie,27,CLE,50,1,977,114,267,.427,1,8,.125,43,56,.768,79,162,241,37,18,47,39,104,272
26,Shane Battier,25,MEM,79,1,1947,242,543,.446,65,186,.349,120,164,.732,102,201,303,101,101,58,56,187,669
27,Lonny Baxter,25,TOT,62,5,766,103,209,.493,1,3,.333,44,76,.579,64,123,187,20,17,29,38,123,251
27,Lonny Baxter,25,CHI,14,1,147,27,49,.551,1,1,1.000,5,8,.625,11,24,35,5,1,6,11,31,60
27,Lonny Baxter,25,TOR,36,4,487,60,128,.469,0,1,.000,30,56,.536,42,79,121,10,14,18,22,69,150
27,Lonny Baxter,25,WAS,12,0,132,16,32,.500,0,1,.000,9,12,.750,11,20,31,5,2,5,5,23,41
28,Jerome Beasley,23,MIA,2,0,5,1,3,.333,0,0,,0,0,,0,1,1,0,0,0,0,0,2
29,Raja Bell,27,UTA,82,4,2020,329,805,.409,62,166,.373,195,248,.786,60,181,241,107,63,13,111,262,915
30,Troy Bell,23,MEM,6,0,34,4,18,.222,0,4,.000,3,3,1.000,3,1,4,4,1,0,6,6,11
31,Jonathan Bender,23,IND,21,0,271,50,106,.472,9,22,.409,39,47,.830,9,31,40,9,5,11,33,23,148
32,Travis Best,31,DAL,61,1,762,64,172,.372,3,20,.150,40,46,.870,17,51,68,112,31,4,33,66,171
33,Mike Bibby,25,SAC,82,82,2980,527,1170,.450,148,378,.392,304,373,.815,67,210,277,444,112,18,175,146,1506
34,Chauncey Billups,27,DET,78,78,2758,392,996,.394,130,335,.388,404,460,.878,35,241,276,446,84,8,189,177,1318
35,Steve Blake,23,WAS,75,14,1392,157,407,.386,75,202,.371,55,67,.821,18,99,117,209,57,7,128,100,444
36,Corie Blount,35,TOT,62,3,1050,115,253,.455,0,3,.000,15,27,.556,98,177,275,55,49,24,43,135,245
36,Corie Blount,35,CHI,46,3,756,97,206,.471,0,3,.000,13,24,.542,76,130,206,45,38,19,35,86,207
36,Corie Blount,35,TOR,16,0,294,18,47,.383,0,0,,2,3,.667,22,47,69,10,11,5,8,49,38
37,Mark Blount,28,BOS,82,73,2402,342,604,.566,0,0,,159,221,.719,207,382,589,75,80,106,150,253,843
38,Keith Bogans,23,ORL,73,36,1787,183,454,.403,67,187,.358,65,103,.631,106,211,317,98,46,10,75,128,498
39,Calvin Booth,27,SEA,71,35,1206,135,290,.466,0,2,.000,75,94,.798,86,194,280,28,17,101,45,150,345
40,Carlos Boozer,22,CLE,75,75,2592,471,900,.523,1,6,.167,219,285,.768,230,627,857,148,74,55,134,199,1162
Rk,Player,Age,Tm,G,GS,MP,FG,FGA,FG%,3P,3PA,3P%,FT,FTA,FT%,ORB,DRB,TRB,AST,STL,BLK,TOV,PF,PTS
41,Curtis Borchardt,23,UTA,16,0,258,22,56,.393,0,1,.000,14,18,.778,13,41,54,15,4,14,18,40,58
42,Chris Bosh,19,TOR,75,63,2510,327,712,.459,5,14,.357,202,288,.701,191,366,557,78,59,106,107,215,861
43,Ruben Boumtje-Boumtje,25,POR,9,0,26,1,5,.200,0,0,,2,2,1.000,0,1,1,1,0,1,0,2,4
44,Bruce Bowen,32,SAS,82,82,2624,211,502,.420,77,212,.363,66,114,.579,45,208,253,113,84,33,90,166,565
45,Ryan Bowen,28,DEN,52,1,392,18,53,.340,0,0,,10,12,.833,39,48,87,18,18,16,6,47,46
46,Earl Boykins,27,DEN,82,3,1849,321,766,.419,55,171,.322,142,162,.877,42,101,143,295,51,3,100,84,839
47,Michael Bradley,24,TOT,16,1,98,7,15,.467,0,0,,1,2,.500,6,17,23,1,3,0,7,14,15
47,Michael Bradley,24,TOR,5,0,38,1,3,.333,0,0,,1,2,.500,1,10,11,1,1,0,3,6,3
47,Michael Bradley,24,ATL,11,1,60,6,12,.500,0,0,,0,0,,5,7,12,0,2,0,4,8,12
48,Shawn Bradley,31,DAL,66,5,773,89,188,.473,0,1,.000,41,49,.837,72,101,173,20,33,74,17,130,219
49,Torraye Braggs,27,TOT,15,0,154,16,33,.485,0,0,,8,12,.667,18,21,39,7,4,2,13,29,40
49,Torraye Braggs,27,HOU,11,0,132,13,28,.464,0,0,,8,12,.667,15,19,34,6,4,2,12,21,34
49,Torraye Braggs,27,WAS,4,0,22,3,5,.600,0,0,,0,0,,3,2,5,1,0,0,1,8,6
50,Elton Brand,24,LAC,69,68,2670,484,982,.493,0,1,.000,411,532,.773,269,445,714,227,64,154,193,229,1379
51,J.R. Bremer,23,TOT,36,2,443,43,158,.272,19,74,.257,13,20,.650,9,27,36,51,18,4,24,32,118
51,J.R. Bremer,23,CLE,31,2,403,39,137,.285,19,66,.288,13,20,.650,7,26,33,39,18,4,19,27,110
51,J.R. Bremer,23,GSW,5,0,40,4,21,.190,0,8,.000,0,0,,2,1,3,12,0,0,5,5,8
52,Jamison Brewer,23,IND,13,1,160,13,35,.371,5,14,.357,1,6,.167,2,9,11,17,7,0,10,9,32
53,Primoz Brezec,24,IND,18,0,72,12,26,.462,0,0,,4,6,.667,5,10,15,3,0,3,6,13,28
54,Damone Brown,24,NJN,3,0,17,1,10,.100,0,0,,1,2,.500,3,2,5,0,2,0,1,2,3
55,Devin Brown,25,SAS,58,0,627,85,196,.434,4,14,.286,60,74,.811,38,92,130,33,15,4,38,61,234
56,Kedrick Brown,22,TOT,55,26,969,117,254,.461,38,99,.384,17,27,.630,41,105,146,64,30,7,29,80,289
56,Kedrick Brown,22,BOS,21,10,408,45,99,.455,12,32,.375,8,13,.615,18,50,68,25,17,2,12,38,110
56,Kedrick Brown,22,CLE,34,16,561,72,155,.465,26,67,.388,9,14,.643,23,55,78,39,13,5,17,42,179
57,Kwame Brown,21,WAS,74,57,2239,288,589,.489,1,2,.500,228,334,.683,178,372,550,112,66,52,140,144,805
58,P.J. Brown,34,NOH,80,80,2753,339,712,.476,0,1,.000,158,185,.854,237,453,690,155,78,73,101,203,836
59,Tierre Brown,24,NOH,3,0,17,2,4,.500,0,0,,2,4,.500,0,1,1,2,0,0,7,1,6
60,Rick Brunson,31,TOT,40,0,412,40,105,.381,11,23,.478,27,31,.871,9,28,37,82,25,3,33,44,118
60,Rick Brunson,31,TOR,3,0,10,2,4,.500,0,0,,0,0,,0,0,0,2,0,0,0,0,4
60,Rick Brunson,31,CHI,37,0,402,38,101,.376,11,23,.478,27,31,.871,9,28,37,80,25,3,33,44,114
Rk,Player,Age,Tm,G,GS,MP,FG,FGA,FG%,3P,3PA,3P%,FT,FTA,FT%,ORB,DRB,TRB,AST,STL,BLK,TOV,PF,PTS
61,Kobe Bryant,25,LAL,65,64,2447,516,1178,.438,71,217,.327,454,533,.852,103,256,359,330,112,28,171,176,1557
62,Greg Buckner,27,PHI,53,3,703,66,175,.377,12,44,.273,20,27,.741,28,75,103,45,21,4,34,77,164
63,Rodney Buford,26,SAC,22,0,141,19,56,.339,0,2,.000,3,6,.500,6,9,15,7,6,1,4,9,41
64,Caron Butler,23,MIA,68,56,2030,240,631,.380,10,42,.238,133,176,.756,92,234,326,126,75,13,91,162,623
65,Mitchell Butler,33,WAS,41,4,552,54,124,.435,11,30,.367,15,24,.625,24,47,71,32,22,4,24,54,134
66,Rasual Butler,24,MIA,45,0,675,119,250,.476,50,108,.463,16,21,.762,4,57,61,23,10,13,28,72,304
67,Zarko Cabarkapa,22,PHO,49,4,570,81,197,.411,6,32,.188,35,53,.660,26,73,99,40,10,13,54,75,203
68,Marcus Camby,29,DEN,72,72,2162,262,549,.477,0,2,.000,98,136,.721,211,516,727,132,86,187,98,239,622
69,Elden Campbell,35,DET,65,27,892,138,314,.439,0,0,,85,124,.685,52,157,209,45,21,50,63,137,361
70,Brian Cardinal,26,GSW,76,11,1634,220,466,.472,55,124,.444,238,271,.878,100,217,317,103,66,20,84,206,733
71,Matt Carroll,23,TOT,16,0,70,7,16,.438,1,3,.333,4,6,.667,1,5,6,2,1,0,6,8,19
71,Matt Carroll,23,POR,13,0,48,5,11,.455,1,3,.333,2,2,1.000,0,3,3,1,0,0,2,3,13
71,Matt Carroll,23,SAS,3,0,22,2,5,.400,0,0,,2,4,.500,1,2,3,1,1,0,4,5,6
72,Anthony Carter,28,SAS,5,2,87,11,37,.297,0,3,.000,0,0,,2,9,11,12,4,0,12,9,22
73,Maurice Carter,27,TOT,10,0,110,11,35,.314,4,11,.364,16,20,.800,2,9,11,4,0,0,9,10,42
73,Maurice Carter,27,LAL,4,0,50,5,14,.357,1,3,.333,11,12,.917,0,3,3,2,0,0,6,5,22
73,Maurice Carter,27,NOH,6,0,60,6,21,.286,3,8,.375,5,8,.625,2,6,8,2,0,0,3,5,20
74,Vince Carter,27,TOR,73,73,2785,608,1457,.417,93,243,.383,336,417,.806,95,254,349,348,88,65,223,212,1645
75,Sam Cassell,34,MIN,81,81,2838,620,1270,.488,74,186,.398,289,331,.873,44,227,271,592,102,18,220,247,1603
76,Kelvin Cato,29,HOU,69,67,1743,161,360,.447,0,0,,96,142,.676,153,319,472,72,52,96,84,203,418
77,Tyson Chandler,21,CHI,35,8,782,67,158,.424,0,1,.000,79,118,.669,82,188,270,23,17,43,38,87,213
78,Calbert Cheaney,32,GSW,79,7,2067,278,578,.481,0,10,.000,47,77,.610,77,183,260,136,60,12,85,184,603
79,Doug Christie,33,SAC,82,82,2780,317,688,.461,49,142,.345,148,172,.860,69,260,329,347,151,41,155,186,831
80,Keon Clark,28,UTA,2,0,27,2,6,.333,0,0,,0,0,,1,6,7,1,1,0,0,1,4
Rk,Player,Age,Tm,G,GS,MP,FG,FGA,FG%,3P,3PA,3P%,FT,FTA,FT%,ORB,DRB,TRB,AST,STL,BLK,TOV,PF,PTS
81,Speedy Claxton,25,GSW,60,29,1595,224,524,.427,4,22,.182,182,224,.813,38,118,156,267,97,9,102,146,634
82,Mateen Cleaves,26,CLE,4,2,92,7,23,.304,0,1,.000,1,2,.500,1,6,7,19,4,2,5,13,15
83,Derrick Coleman,36,PHI,34,30,843,107,259,.413,8,36,.222,49,65,.754,45,147,192,46,23,26,57,79,271
84,Bimbo Coles,35,MIA,22,1,170,12,34,.353,0,0,,4,6,.667,2,8,10,15,3,0,9,27,28
85,Jason Collier,26,ATL,20,16,545,79,165,.479,1,4,.250,67,85,.788,36,75,111,17,11,11,31,71,226
86,Jarron Collins,25,UTA,81,31,1732,147,295,.498,0,1,.000,188,262,.718,117,199,316,77,26,18,79,255,482
87,Jason Collins,25,NJN,78,78,2220,163,384,.424,0,2,.000,136,184,.739,143,257,400,153,67,56,97,251,462
88,Brian Cook,23,LAL,35,2,442,67,141,.475,0,5,.000,21,28,.750,31,70,101,20,16,16,17,64,155
89,Omar Cook,22,POR,17,0,139,7,27,.259,0,1,.000,0,0,,3,3,6,24,10,0,10,14,14
90,Chris Crawford,28,ATL,56,25,1207,211,471,.448,44,113,.389,103,119,.866,58,117,175,45,37,20,55,131,569
91,Jamal Crawford,23,CHI,80,73,2811,509,1318,.386,165,521,.317,200,240,.833,46,237,283,405,111,29,193,161,1383
92,Austin Croshere,28,IND,77,0,1051,119,307,.388,56,144,.389,93,104,.894,60,183,243,52,24,14,55,101,387
93,Eddy Curry,21,CHI,73,63,2154,417,840,.496,1,1,1.000,235,350,.671,143,308,451,68,24,83,177,258,1070
94,Michael Curry,35,TOR,70,15,1229,76,196,.388,3,15,.200,49,58,.845,22,65,87,53,23,5,48,153,204
95,Samuel Dalembert,22,PHI,82,53,2197,270,499,.541,0,1,.000,112,174,.644,194,432,626,21,44,189,86,273,652
96,Erick Dampier,28,GSW,74,74,2403,348,650,.535,0,2,.000,217,332,.654,344,543,887,60,33,137,131,227,913
97,Antonio Daniels,28,SEA,71,32,1512,187,398,.470,42,116,.362,155,184,.842,23,119,142,298,45,6,61,64,571
98,Marquis Daniels,23,DAL,56,15,1039,203,411,.494,11,36,.306,60,78,.769,66,80,146,116,53,12,44,51,477
99,Antonio Davis,35,TOT,80,79,2570,266,660,.403,0,0,,176,230,.765,207,464,671,137,37,65,114,206,708
99,Antonio Davis,35,TOR,15,15,538,46,120,.383,0,0,,37,49,.755,49,94,143,14,8,8,21,45,129
99,Antonio Davis,35,CHI,65,64,2032,220,540,.407,0,0,,139,181,.768,158,370,528,123,29,57,93,161,579
100,Baron Davis,24,NOH,67,66,2686,554,1402,.395,187,582,.321,237,352,.673,66,221,287,501,158,27,215,178,1532
Rk,Player,Age,Tm,G,GS,MP,FG,FGA,FG%,3P,3PA,3P%,FT,FTA,FT%,ORB,DRB,TRB,AST,STL,BLK,TOV,PF,PTS
101,Dale Davis,34,POR,76,37,1682,133,281,.473,0,0,,65,106,.613,158,240,398,72,43,62,40,154,331
102,Hubert Davis,33,TOT,17,0,78,1,11,.091,0,1,.000,2,2,1.000,2,6,8,4,2,0,3,12,4
102,Hubert Davis,33,DET,3,0,23,0,2,.000,0,1,.000,0,0,,0,0,0,1,0,0,1,4,0
102,Hubert Davis,33,NJN,14,0,55,1,9,.111,0,0,,2,2,1.000,2,6,8,3,2,0,2,8,4
103,Josh Davis,23,ATL,4,1,23,2,5,.400,0,2,.000,1,1,1.000,1,4,5,0,0,0,2,3,5
104,Ricky Davis,24,TOT,79,27,2474,446,950,.469,52,140,.371,196,273,.718,77,281,358,259,96,22,189,171,1140
104,Ricky Davis,24,CLE,22,22,796,134,311,.431,17,48,.354,51,75,.680,18,103,121,111,25,8,68,51,336
104,Ricky Davis,24,BOS,57,5,1678,312,639,.488,35,92,.380,145,198,.732,59,178,237,148,71,14,121,120,804
105,Andrew DeClercq,30,ORL,71,53,1211,93,195,.477,0,0,,44,54,.815,131,186,317,44,47,32,54,217,230
106,Tony Delk,30,DAL,33,11,509,70,184,.380,20,66,.303,37,44,.841,16,43,59,28,27,7,17,46,197
107,Derrick Dial,28,ORL,9,0,86,9,28,.321,2,9,.222,6,8,.750,5,8,13,2,6,0,1,6,26
108,Boris Diaw,21,ATL,76,37,1919,140,313,.447,6,26,.231,56,93,.602,111,231,342,182,59,37,126,191,342
109,Dan Dickau,25,TOT,43,0,294,37,98,.378,10,30,.333,11,14,.786,7,19,26,38,17,0,26,44,95
109,Dan Dickau,25,ATL,23,0,143,21,49,.429,3,10,.300,4,6,.667,4,12,16,18,9,0,13,22,49
109,Dan Dickau,25,POR,20,0,151,16,49,.327,7,20,.350,7,8,.875,3,7,10,20,8,0,13,22,46
110,Kaniel Dickens,25,POR,3,0,12,3,3,1.000,0,0,,1,2,.500,2,0,2,0,0,0,1,3,7
111,DeSagana Diop,22,CLE,56,3,730,57,147,.388,0,0,,12,20,.600,72,127,199,34,26,51,29,116,126
112,Vlade Divac,35,SAC,81,81,2317,314,668,.470,2,13,.154,170,260,.654,136,327,463,432,57,77,173,222,800
113,Juan Dixon,25,WAS,71,16,1478,247,637,.388,59,198,.298,111,139,.799,30,118,148,137,82,4,104,111,664
114,Michael Doleac,26,TOT,72,0,1029,140,322,.435,0,0,,45,52,.865,88,177,265,44,23,36,48,142,325
114,Michael Doleac,26,NYK,46,0,685,100,225,.444,0,0,,31,36,.861,60,129,189,30,17,30,37,84,231
114,Michael Doleac,26,DEN,26,0,344,40,97,.412,0,0,,14,16,.875,28,48,76,14,6,6,11,58,94
115,Keyon Dooling,23,LAC,58,24,1137,137,352,.389,8,46,.174,78,94,.830,17,62,79,130,45,6,65,108,360
116,Bryce Drew,29,NOH,15,0,78,4,18,.222,1,7,.143,3,3,1.000,0,6,6,13,4,0,8,1,12
117,Predrag Drobnjak,28,LAC,61,14,949,149,379,.393,11,36,.306,73,86,.849,54,142,196,39,22,24,48,85,382
118,Tim Duncan,27,SAS,69,68,2527,592,1181,.501,2,12,.167,352,588,.599,227,632,859,213,62,185,183,164,1538
119,Mike Dunleavy,23,GSW,75,69,2336,323,720,.449,94,254,.370,137,185,.741,87,355,442,220,68,13,143,169,877
120,Ronald Dupree,23,CHI,47,8,893,111,282,.394,4,9,.444,66,105,.629,55,112,167,55,32,18,51,134,292
Rk,Player,Age,Tm,G,GS,MP,FG,FGA,FG%,3P,3PA,3P%,FT,FTA,FT%,ORB,DRB,TRB,AST,STL,BLK,TOV,PF,PTS
121,Ndudi Ebi,19,MIN,17,0,32,6,14,.429,0,0,,1,4,.250,2,1,3,3,0,4,3,6,13
122,Howard Eisley,31,TOT,67,23,1457,166,451,.368,52,163,.319,76,89,.854,20,109,129,273,56,5,98,137,460
122,Howard Eisley,31,NYK,33,23,730,80,202,.396,28,85,.329,32,36,.889,7,59,66,156,30,3,50,85,220
122,Howard Eisley,31,PHO,34,0,727,86,249,.345,24,78,.308,44,53,.830,13,50,63,117,26,2,48,52,240
123,Francisco Elson,27,DEN,62,14,875,94,199,.472,0,1,.000,30,45,.667,65,138,203,32,35,39,35,145,218
124,Melvin Ely,25,LAC,42,2,510,66,153,.431,0,1,.000,25,42,.595,48,53,101,22,9,17,20,68,157
125,Reggie Evans,23,SEA,75,27,1280,67,165,.406,0,3,.000,83,148,.561,156,252,408,33,54,10,65,176,217
126,Desmond Ferguson,26,POR,7,0,32,5,12,.417,3,8,.375,0,2,.000,0,4,4,1,0,0,1,0,13
127,Michael Finley,30,DAL,72,72,2778,514,1159,.443,150,370,.405,164,193,.850,78,247,325,212,84,39,83,118,1342
128,Derek Fisher,29,LAL,82,3,1769,203,576,.352,52,179,.291,122,153,.797,30,122,152,187,103,4,79,115,580
129,Marcus Fizer,25,CHI,46,2,738,134,350,.383,2,17,.118,90,120,.750,61,141,202,43,16,8,51,97,360
130,Alton Ford,22,HOU,9,0,41,6,11,.545,0,0,,3,6,.500,3,8,11,3,0,1,3,9,15
131,T.J. Ford,20,MIL,55,55,1472,153,398,.384,5,21,.238,80,98,.816,37,140,177,356,60,3,139,123,391
132,Danny Fortson,27,DAL,56,20,625,71,139,.511,0,0,,75,92,.815,114,136,250,9,12,11,37,148,217
133,Jeff Foster,27,IND,82,79,1961,197,362,.544,0,4,.000,103,154,.669,248,362,610,64,71,27,60,189,497
134,Tremaine Fowlkes,27,DET,36,0,261,15,48,.313,1,8,.125,13,18,.722,18,35,53,14,9,3,12,37,44
135,Rick Fox,34,LAL,38,34,846,73,186,.392,15,61,.246,22,30,.733,29,73,102,98,29,4,48,99,183
136,Adonal Foyle,28,GSW,44,8,572,59,130,.454,0,0,,19,35,.543,54,113,167,17,6,46,21,68,137
137,Richie Frahm,26,SEA,54,0,469,63,139,.453,34,92,.370,23,26,.885,12,44,56,24,16,4,7,50,183
138,Steve Francis,26,HOU,79,79,3194,450,1117,.403,73,250,.292,337,435,.775,116,317,433,493,139,35,294,257,1310
139,Hiram Fuller,22,ATL,4,0,43,3,8,.375,0,0,,2,6,.333,4,7,11,2,0,1,4,5,8
140,Dan Gadzuric,25,MIL,75,0,1260,183,349,.524,0,1,.000,58,118,.492,126,220,346,28,51,105,45,186,424
Rk,Player,Age,Tm,G,GS,MP,FG,FGA,FG%,3P,3PA,3P%,FT,FTA,FT%,ORB,DRB,TRB,AST,STL,BLK,TOV,PF,PTS
141,Reece Gaines,23,ORL,38,1,364,25,86,.291,3,10,.300,16,25,.640,8,31,39,40,11,2,18,22,69
142,Alex Garcia,23,SAS,2,0,13,1,7,.143,0,0,,1,2,.500,0,0,0,0,2,0,1,0,3
143,Kevin Garnett,27,MIN,82,82,3231,804,1611,.499,11,43,.256,368,465,.791,245,894,1139,409,120,178,212,202,1987
144,Pat Garrity,27,ORL,2,0,22,1,3,.333,0,0,,0,0,,0,0,0,1,0,0,0,2,2
145,Pau Gasol,23,MEM,78,78,2458,506,1049,.482,4,15,.267,365,511,.714,206,394,600,198,44,132,187,185,1381
146,Devean George,26,LAL,82,48,1951,233,571,.408,65,186,.349,73,96,.760,87,245,332,112,81,38,88,189,604
147,Eddie Gill,25,POR,22,0,157,15,36,.417,3,8,.375,17,20,.850,4,13,17,16,9,1,12,16,50
148,Kendall Gill,35,CHI,56,35,1411,215,548,.392,9,38,.237,100,136,.735,61,129,190,89,65,16,83,107,539
149,Manu Ginobili,26,SAS,77,38,2260,330,789,.418,88,245,.359,239,298,.802,86,258,344,291,136,16,161,181,987
150,Gordan Giricek,26,TOT,73,43,2041,316,724,.436,60,152,.395,135,158,.854,51,175,226,122,56,15,103,144,827
150,Gordan Giricek,26,ORL,48,25,1435,188,427,.440,46,113,.407,67,81,.827,37,127,164,80,41,10,63,98,489
150,Gordan Giricek,26,UTA,25,18,606,128,297,.431,14,39,.359,68,77,.883,14,48,62,42,15,5,40,46,338
151,Dion Glover,25,TOT,69,30,1643,230,589,.390,40,119,.336,120,156,.769,58,208,266,130,50,19,102,123,620
151,Dion Glover,25,ATL,55,26,1465,205,524,.391,36,105,.343,110,142,.775,54,183,237,115,40,17,83,106,556
151,Dion Glover,25,TOR,14,4,178,25,65,.385,4,14,.286,10,14,.714,4,25,29,15,10,2,19,17,64
152,Anthony Goldwire,32,TOT,11,0,85,7,22,.318,2,8,.250,1,1,1.000,1,6,7,11,5,0,3,5,17
152,Anthony Goldwire,32,MIN,5,0,66,5,14,.357,2,6,.333,1,1,1.000,1,5,6,10,3,0,2,5,13
152,Anthony Goldwire,32,NJN,6,0,19,2,8,.250,0,2,.000,0,0,,0,1,1,1,2,0,1,0,4
153,Drew Gooden,22,ORL,79,17,2134,369,829,.445,9,42,.214,167,262,.637,160,356,516,89,62,72,126,196,914
154,Brian Grant,31,MIA,76,76,2303,289,613,.471,0,1,.000,86,110,.782,174,350,524,69,51,35,82,254,664
155,Horace Grant,38,LAL,55,10,1106,92,224,.411,0,1,.000,39,54,.722,79,154,233,71,24,21,29,70,223
156,Paul Grant,30,UTA,10,0,98,11,23,.478,0,0,,3,8,.375,7,10,17,3,1,1,7,17,25
157,Willie Green,22,PHI,53,0,767,143,357,.401,19,61,.311,59,81,.728,16,49,65,53,26,5,59,83,364
158,Adrian Griffin,29,HOU,19,1,133,5,18,.278,1,2,.500,0,4,.000,1,18,19,10,7,2,3,17,11
159,Tom Gugliotta,34,TOT,55,27,819,70,203,.345,1,4,.250,20,28,.714,65,122,187,63,31,12,39,81,161
159,Tom Gugliotta,34,PHO,30,3,304,31,99,.313,0,1,.000,6,8,.750,15,41,56,21,14,4,20,34,68
159,Tom Gugliotta,34,UTA,25,24,515,39,104,.375,1,3,.333,14,20,.700,50,81,131,42,17,8,19,47,93
160,Marcus Haislip,23,MIL,31,0,263,36,74,.486,1,2,.500,20,28,.714,21,32,53,4,6,12,9,25,93
Rk,Player,Age,Tm,G,GS,MP,FG,FGA,FG%,3P,3PA,3P%,FT,FTA,FT%,ORB,DRB,TRB,AST,STL,BLK,TOV,PF,PTS
161,Darvin Ham,30,DET,54,2,484,37,75,.493,1,2,.500,21,35,.600,47,46,93,16,13,8,31,63,96
162,Richard Hamilton,25,DET,78,78,2772,530,1166,.455,18,68,.265,297,342,.868,78,201,279,310,103,17,210,222,1375
163,Zendon Hamilton,28,PHI,46,0,473,51,95,.537,0,0,,67,96,.698,49,97,146,13,8,8,27,74,169
164,Ben Handlogten,30,UTA,17,0,172,25,47,.532,0,0,,18,27,.667,22,33,55,6,3,4,10,32,68
165,Travis Hansen,25,ATL,41,4,507,46,130,.354,9,30,.300,22,27,.815,30,40,70,19,10,9,15,67,123
166,Anfernee Hardaway,32,TOT,76,14,2095,279,679,.411,30,79,.380,111,138,.804,69,218,287,176,70,20,107,146,699
166,Anfernee Hardaway,32,PHO,34,10,876,120,271,.443,14,35,.400,42,49,.857,27,71,98,97,28,8,42,65,296
166,Anfernee Hardaway,32,NYK,42,4,1219,159,408,.390,16,44,.364,69,89,.775,42,147,189,79,42,12,65,81,403
167,Matt Harpring,27,UTA,31,31,1134,193,410,.471,8,33,.242,108,157,.688,91,156,247,63,22,2,65,102,502
168,Al Harrington,23,IND,79,15,2441,421,909,.463,21,77,.273,185,252,.734,163,345,508,131,80,22,163,250,1048
169,Othella Harrington,30,NYK,56,3,872,100,202,.495,0,0,,58,78,.744,58,119,177,29,12,14,65,134,258
170,Lucious Harris,33,NJN,69,15,1504,187,463,.404,38,101,.376,66,78,.846,39,101,140,135,41,2,53,74,478
171,Jason Hart,25,SAS,53,5,660,71,159,.447,2,9,.222,33,43,.767,10,69,79,81,28,5,29,59,177
172,Donnell Harvey,23,TOT,60,8,783,89,201,.443,0,3,.000,61,83,.735,48,116,164,21,24,27,45,129,239
172,Donnell Harvey,23,ORL,24,1,345,36,89,.404,0,3,.000,26,39,.667,29,43,72,8,10,11,22,44,98
172,Donnell Harvey,23,PHO,36,7,438,53,112,.473,0,0,,35,44,.795,19,73,92,13,14,16,23,85,141
173,Udonis Haslem,23,MIA,75,24,1795,205,447,.459,0,3,.000,140,183,.765,189,284,473,51,33,24,74,197,550
174,Trenton Hassell,24,MIN,81,74,2264,177,381,.465,4,13,.308,48,61,.787,68,189,257,133,36,54,46,200,406
175,Jarvis Hayes,22,WAS,70,42,2044,278,695,.400,40,131,.305,77,98,.786,71,193,264,106,71,11,110,157,673
176,Brendan Haywood,24,WAS,77,59,1484,200,388,.515,0,1,.000,137,234,.585,186,201,387,43,32,100,80,154,537
177,Shane Heal,33,SAS,6,0,72,7,24,.292,4,18,.222,4,5,.800,1,3,4,5,1,0,5,2,22
178,Alan Henderson,31,ATL,6,0,68,10,21,.476,0,0,,4,6,.667,11,10,21,2,1,2,3,1,24
179,Nene Hilario,21,DEN,77,77,2504,334,630,.530,0,2,.000,240,352,.682,154,349,503,168,116,41,183,280,908
180,Tyrone Hill,35,MIA,5,0,38,3,5,.600,0,0,,3,4,.750,5,3,8,0,0,1,2,10,9
Rk,Player,Age,Tm,G,GS,MP,FG,FGA,FG%,3P,3PA,3P%,FT,FTA,FT%,ORB,DRB,TRB,AST,STL,BLK,TOV,PF,PTS
181,Kirk Hinrich,23,CHI,76,66,2706,318,823,.386,144,369,.390,135,168,.804,42,217,259,517,101,21,204,276,915
182,Fred Hoiberg,31,MIN,79,3,1804,178,383,.465,76,172,.442,98,116,.845,21,247,268,109,66,10,44,136,530
183,Robert Horry,33,SAS,81,1,1290,141,348,.405,41,108,.380,69,107,.645,108,164,272,101,48,49,55,165,392
184,Eddie House,25,LAC,60,10,1188,161,449,.359,51,136,.375,36,45,.800,28,110,138,148,65,4,63,92,409
185,Allan Houston,32,NYK,50,50,1799,340,781,.435,87,202,.431,157,172,.913,20,101,121,99,38,2,102,105,924
186,Josh Howard,23,DAL,67,29,1589,229,532,.430,20,66,.303,97,138,.703,149,219,368,97,69,54,67,168,575
187,Juwan Howard,30,ORL,81,77,2877,529,1169,.453,0,1,.000,318,393,.809,171,399,570,158,54,22,178,284,1376
188,Troy Hudson,27,MIN,29,1,503,80,207,.386,31,77,.403,27,33,.818,4,31,35,70,7,0,34,32,218
189,Larry Hughes,25,WAS,61,61,2061,401,1009,.397,79,232,.341,267,335,.797,96,230,326,148,95,26,152,147,1148
190,Ryan Humphrey,24,MEM,2,0,11,1,4,.250,0,1,.000,0,0,,2,1,3,1,1,0,2,3,2
191,Brandon Hunter,23,BOS,36,12,406,53,116,.457,0,3,.000,19,43,.442,50,68,118,19,13,1,22,40,125
192,Lindsey Hunter,33,DET,33,8,661,49,143,.343,14,50,.280,5,8,.625,13,54,67,85,39,6,34,45,117
193,Steven Hunter,22,ORL,59,23,789,82,155,.529,0,0,,23,69,.333,54,116,170,12,5,73,29,101,187
194,Zydrunas Ilgauskas,28,CLE,81,81,2539,466,965,.483,2,7,.286,303,406,.746,279,374,653,109,39,201,163,277,1237
195,Allen Iverson,28,PHI,48,47,2040,435,1125,.387,57,199,.286,339,455,.745,34,144,178,324,115,5,209,87,1266
196,Bobby Jackson,30,SAC,50,0,1185,263,592,.444,81,219,.370,82,109,.752,55,119,174,105,49,8,63,106,689
197,Jim Jackson,33,HOU,80,80,3119,382,900,.424,162,405,.400,107,127,.843,52,435,487,226,86,23,175,227,1033
198,Marc Jackson,29,PHI,22,13,598,71,171,.415,0,1,.000,64,81,.790,45,81,126,18,12,6,24,45,206
199,Mark Jackson,38,HOU,42,3,577,34,100,.340,7,41,.171,28,39,.718,10,60,70,119,17,1,53,41,103
200,Stephen Jackson,25,ATL,80,78,2940,536,1261,.425,145,427,.340,233,297,.785,97,273,370,244,142,20,223,216,1450
Rk,Player,Age,Tm,G,GS,MP,FG,FGA,FG%,3P,3PA,3P%,FT,FTA,FT%,ORB,DRB,TRB,AST,STL,BLK,TOV,PF,PTS
201,Casey Jacobsen,22,PHO,78,13,1828,150,360,.417,75,180,.417,91,111,.820,42,159,201,98,48,9,68,144,466
202,Jerome James,28,SEA,65,24,990,129,259,.498,0,0,,66,100,.660,78,152,230,32,20,60,82,180,324
203,LeBron James,19,CLE,79,79,3122,622,1492,.417,63,217,.290,347,460,.754,99,333,432,465,130,58,273,149,1654
204,Mike James,28,TOT,81,55,2196,272,657,.414,106,281,.377,103,127,.811,28,206,234,339,96,3,124,156,753
204,Mike James,28,BOS,55,55,1684,213,510,.418,86,226,.381,76,95,.800,20,156,176,244,70,2,83,113,588
204,Mike James,28,DET,26,0,512,59,147,.401,20,55,.364,27,32,.844,8,50,58,95,26,1,41,43,165
205,Antawn Jamison,27,DAL,82,2,2376,488,913,.535,16,40,.400,220,294,.748,233,287,520,70,83,30,81,174,1212
206,Marko Jaric,25,LAC,58,50,1760,185,477,.388,51,150,.340,74,101,.733,44,131,175,281,93,20,115,132,495
207,Chris Jefferies,23,TOT,21,2,195,27,72,.375,17,42,.405,13,20,.650,5,24,29,7,4,7,19,36,84
207,Chris Jefferies,23,TOR,2,0,8,3,6,.500,1,3,.333,1,1,1.000,0,1,1,1,0,0,1,0,8
207,Chris Jefferies,23,CHI,19,2,187,24,66,.364,16,39,.410,12,19,.632,5,23,28,6,4,7,18,36,76
208,Richard Jefferson,23,NJN,82,82,3133,555,1115,.498,48,132,.364,357,468,.763,109,355,464,315,92,28,198,224,1515
209,Jared Jeffries,22,WAS,82,38,1913,177,469,.377,5,30,.167,105,171,.614,180,244,424,93,48,28,107,212,464
210,Britton Johnsen,24,ORL,20,4,290,17,59,.288,1,12,.083,7,16,.438,15,30,45,12,7,1,14,28,42
211,Anthony Johnson,29,IND,73,7,1598,167,411,.406,41,122,.336,75,94,.798,28,102,130,202,64,8,75,138,450
212,Avery Johnson,38,GSW,46,1,637,80,199,.402,0,3,.000,52,78,.667,3,30,33,111,26,3,51,34,212
213,DerMarr Johnson,23,NYK,21,1,287,36,97,.371,13,36,.361,28,31,.903,5,34,39,11,8,7,16,32,113
214,Ervin Johnson,36,MIN,66,47,965,55,103,.534,0,1,.000,17,28,.607,61,171,232,24,27,43,30,156,127
215,Joe Johnson,22,PHO,82,77,3331,555,1291,.430,83,272,.305,174,232,.750,80,305,385,362,93,26,199,177,1367
216,Linton Johnson,23,CHI,41,20,734,72,203,.355,7,33,.212,22,37,.595,59,124,183,27,37,32,37,90,173
217,Dahntay Jones,23,MEM,20,0,154,15,53,.283,1,4,.250,5,11,.455,7,16,23,12,5,6,12,23,36
218,Damon Jones,27,MIL,82,26,2016,210,524,.401,98,273,.359,55,72,.764,15,155,170,478,30,4,103,92,573
219,Eddie Jones,32,MIA,81,81,2998,473,1156,.409,177,479,.370,278,333,.835,38,270,308,258,92,34,129,226,1401
220,Fred Jones,24,IND,81,2,1508,123,311,.395,27,89,.303,124,149,.832,25,101,126,173,65,18,73,132,397
Rk,Player,Age,Tm,G,GS,MP,FG,FGA,FG%,3P,3PA,3P%,FT,FTA,FT%,ORB,DRB,TRB,AST,STL,BLK,TOV,PF,PTS
221,James Jones,23,IND,6,0,26,2,9,.222,1,4,.250,2,2,1.000,0,2,2,0,1,0,0,1,7
222,Jumaine Jones,24,BOS,42,2,373,33,96,.344,13,44,.295,14,23,.609,24,44,68,14,12,9,19,48,93
223,Popeye Jones,33,GSW,5,0,10,0,2,.000,0,0,,0,0,,1,0,1,0,0,0,0,2,0
224,Chris Kaman,21,LAC,82,61,1843,200,435,.460,0,2,.000,99,142,.697,126,335,461,85,23,73,155,211,499
225,Jason Kapono,22,CLE,41,3,427,52,129,.403,21,44,.477,20,24,.833,19,36,55,14,13,2,21,41,145
226,Jason Kidd,30,NJN,67,66,2450,368,959,.384,94,293,.321,206,249,.827,85,343,428,618,122,14,214,110,1036
227,Andrei Kirilenko,22,UTA,78,78,2895,412,931,.443,68,201,.338,392,496,.790,226,403,629,244,150,215,215,174,1284
228,Kerry Kittles,29,NJN,82,82,2842,434,959,.453,97,276,.351,107,136,.787,56,271,327,206,125,40,95,144,1072
229,Brevin Knight,28,TOT,56,13,1037,105,246,.427,2,8,.250,49,65,.754,14,98,112,204,84,1,72,107,261
229,Brevin Knight,28,PHO,3,0,19,1,3,.333,0,0,,0,0,,0,3,3,4,3,1,3,1,2
229,Brevin Knight,28,WAS,32,12,598,58,138,.420,1,5,.200,19,27,.704,11,50,61,102,52,0,44,50,136
229,Brevin Knight,28,MIL,21,1,420,46,105,.438,1,3,.333,30,38,.789,3,45,48,98,29,0,25,56,123
230,Kyle Korver,22,PHI,74,0,882,115,327,.352,81,207,.391,19,24,.792,30,81,111,40,25,8,41,102,330
231,Toni Kukoc,35,MIL,73,0,1522,211,506,.417,49,168,.292,145,199,.729,60,211,271,200,59,21,110,110,616
232,Christian Laettner,34,WAS,48,18,984,119,256,.465,6,21,.286,40,50,.800,50,182,232,89,37,28,42,102,284
233,Raef LaFrentz,27,BOS,17,1,328,57,124,.460,8,40,.200,10,13,.769,30,49,79,24,8,13,11,47,132
234,Maciej Lampe,18,PHO,21,0,224,43,88,.489,0,4,.000,10,13,.769,9,35,44,9,3,3,15,28,96
235,Sean Lampley,24,GSW,10,0,63,13,20,.650,0,0,,8,12,.667,2,9,11,2,0,1,3,2,34
236,Dan Langhi,26,TOT,6,0,37,5,14,.357,1,2,.500,2,2,1.000,0,4,4,0,0,0,2,7,13
236,Dan Langhi,26,GSW,4,0,17,2,6,.333,0,0,,2,2,1.000,0,3,3,0,0,0,2,5,6
236,Dan Langhi,26,MIL,2,0,20,3,8,.375,1,2,.500,0,0,,0,1,1,0,0,0,0,2,7
237,Rusty LaRue,30,GSW,4,0,22,1,3,.333,1,1,1.000,1,2,.500,0,3,3,2,2,0,4,2,4
238,Voshon Lenard,30,DEN,73,70,2233,394,933,.422,106,289,.367,144,182,.791,46,154,200,151,61,12,101,177,1038
239,Quincy Lewis,26,MIN,14,0,65,7,20,.350,2,5,.400,0,0,,1,6,7,2,2,2,3,10,16
240,Rashard Lewis,24,SEA,80,80,2931,535,1229,.435,145,386,.376,206,270,.763,133,385,518,175,99,54,135,233,1421
Rk,Player,Age,Tm,G,GS,MP,FG,FGA,FG%,3P,3PA,3P%,FT,FTA,FT%,ORB,DRB,TRB,AST,STL,BLK,TOV,PF,PTS
241,Randy Livingston,28,LAC,4,0,48,2,10,.200,0,3,.000,4,6,.667,2,5,7,4,2,0,4,7,8
242,Raul Lopez,23,UTA,82,11,1617,223,517,.431,25,85,.294,101,117,.863,24,131,155,305,62,2,174,200,572
243,Tyronn Lue,26,ORL,76,69,2332,309,714,.433,80,209,.383,101,131,.771,26,161,187,317,61,5,124,185,799
244,George Lynch,33,NOH,78,51,1701,149,375,.397,43,139,.309,34,51,.667,96,216,312,117,48,18,64,159,375
245,Mark Madsen,28,MIN,72,12,1246,101,204,.495,0,6,.000,57,118,.483,134,138,272,28,33,18,47,175,259
246,Corey Maggette,24,LAC,73,72,2628,453,1013,.447,76,231,.329,526,620,.848,96,334,430,224,65,16,207,217,1508
247,Jamaal Magloire,25,NOH,82,82,2777,383,809,.473,0,1,.000,353,470,.751,268,579,847,86,43,101,201,278,1119
248,Karl Malone*,40,LAL,42,42,1373,193,400,.483,0,1,.000,168,225,.747,61,306,367,163,50,20,103,116,554
249,Stephon Marbury,26,TOT,81,81,3254,598,1386,.431,87,274,.318,356,436,.817,58,205,263,719,129,9,249,172,1639
249,Stephon Marbury,26,PHO,34,34,1415,262,606,.432,37,118,.314,147,185,.795,19,98,117,281,64,5,97,74,708
249,Stephon Marbury,26,NYK,47,47,1839,336,780,.431,50,156,.321,209,251,.833,39,107,146,438,65,4,152,98,931
250,Shawn Marion,25,PHO,79,79,3217,590,1341,.440,90,265,.340,228,268,.851,212,525,737,214,167,104,156,203,1498
251,Donyell Marshall,30,TOT,82,74,2988,470,1020,.461,131,325,.403,134,182,.736,210,598,808,122,93,124,117,247,1205
251,Donyell Marshall,30,CHI,16,8,408,57,136,.419,11,27,.407,14,20,.700,28,71,99,28,13,20,22,47,139
251,Donyell Marshall,30,TOR,66,66,2580,413,884,.467,120,298,.403,120,162,.741,182,527,709,94,80,104,95,200,1066
252,Darrick Martin,32,MIN,16,0,172,20,67,.299,6,26,.231,9,9,1.000,2,5,7,23,2,1,7,23,55
253,Kenyon Martin,26,NJN,65,62,2252,439,900,.488,7,25,.280,201,294,.684,133,484,617,160,95,82,168,230,1086
254,Jamal Mashburn,31,NOH,19,18,730,156,398,.392,19,67,.284,65,80,.813,19,98,117,47,14,5,37,42,396
255,Desmond Mason,26,MIL,82,31,2534,409,867,.472,9,39,.231,356,463,.769,93,266,359,152,60,24,148,191,1183
256,Roger Mason,23,TOT,26,3,328,32,98,.327,13,39,.333,19,22,.864,1,30,31,26,11,6,20,36,96
256,Roger Mason,23,CHI,3,0,43,1,11,.091,1,6,.167,0,0,,0,3,3,3,1,0,2,5,3
256,Roger Mason,23,TOR,23,3,285,31,87,.356,12,33,.364,19,22,.864,1,27,28,23,10,6,18,31,93
257,Tony Massenburg,36,SAC,59,0,789,104,219,.475,0,1,.000,43,63,.683,57,131,188,29,14,18,45,144,251
258,Walter McCarty,29,BOS,77,23,1900,203,523,.388,137,366,.374,62,82,.756,28,211,239,124,72,22,91,179,605
259,Amal McCaskill,30,PHI,59,3,636,47,117,.402,0,1,.000,19,27,.704,48,85,133,20,12,20,25,89,113
260,Jelani McCoy,26,CLE,2,0,12,0,0,,0,0,,0,0,,1,3,4,0,0,0,1,4,0
Rk,Player,Age,Tm,G,GS,MP,FG,FGA,FG%,3P,3PA,3P%,FT,FTA,FT%,ORB,DRB,TRB,AST,STL,BLK,TOV,PF,PTS
261,Antonio McDyess,29,TOT,42,20,927,126,268,.470,0,0,,38,69,.551,70,187,257,36,37,24,57,117,290
261,Antonio McDyess,29,NYK,18,6,421,65,142,.458,0,0,,22,38,.579,31,88,119,20,12,11,27,46,152
261,Antonio McDyess,29,PHO,24,14,506,61,126,.484,0,0,,16,31,.516,39,99,138,16,25,13,30,71,138
262,Tracy McGrady,24,ORL,67,67,2675,653,1566,.417,174,513,.339,398,500,.796,95,307,402,370,93,42,179,129,1878
263,Jeff McInnis,29,TOT,70,57,2365,334,747,.447,46,127,.362,114,143,.797,33,143,176,430,72,6,120,163,828
263,Jeff McInnis,29,POR,39,26,1269,196,416,.471,15,47,.319,58,76,.763,16,78,94,196,36,2,61,94,465
263,Jeff McInnis,29,CLE,31,31,1096,138,331,.417,31,80,.388,56,67,.836,17,65,82,234,36,4,59,69,363
264,Aaron McKie,31,PHI,75,41,2112,265,577,.459,75,172,.436,84,111,.757,45,208,253,195,85,23,103,142,689
265,Keith McLeod,24,MIN,33,0,391,27,82,.329,1,10,.100,33,43,.767,5,29,34,59,16,1,29,39,88
266,Stanislav Medvedenko,24,LAL,68,38,1442,237,537,.441,0,3,.000,89,116,.767,148,195,343,57,38,18,59,191,563
267,Ron Mercer,27,SAS,39,0,516,90,211,.427,2,7,.286,13,17,.765,10,39,49,22,14,5,26,37,195
268,Chris Mihm,24,TOT,76,17,1330,186,381,.488,0,0,,110,166,.663,156,257,413,21,37,63,90,208,482
268,Chris Mihm,24,CLE,22,1,391,59,127,.465,0,0,,34,48,.708,47,93,140,10,9,22,25,58,152
268,Chris Mihm,24,BOS,54,16,939,127,254,.500,0,0,,76,118,.644,109,164,273,11,28,41,65,150,330
269,Darius Miles,22,TOT,79,56,2079,365,753,.485,7,40,.175,124,193,.642,112,247,359,162,67,61,130,168,861
269,Darius Miles,22,CLE,37,16,888,143,331,.432,5,30,.167,39,72,.542,48,119,167,80,25,27,56,84,330
269,Darius Miles,22,POR,42,40,1191,222,422,.526,2,10,.200,85,121,.702,64,128,192,82,42,34,74,84,531
270,Darko Milicic,18,DET,34,0,159,17,65,.262,0,1,.000,14,24,.583,11,32,43,7,7,15,13,33,48
271,Andre Miller,27,DEN,82,82,2838,430,941,.457,12,65,.185,342,411,.832,127,239,366,501,142,25,215,194,1214
272,Brad Miller,27,SAC,72,53,2621,373,731,.510,12,38,.316,256,329,.778,191,552,743,312,68,86,144,247,1014
273,Mike Miller,23,MEM,65,65,1770,270,616,.438,80,215,.372,102,141,.723,42,174,216,232,59,14,107,162,722
274,Oliver Miller,33,MIN,48,1,506,53,100,.530,0,1,.000,15,23,.652,46,84,130,36,19,26,33,91,121
275,Reggie Miller*,38,IND,80,80,2254,260,594,.438,134,334,.401,146,165,.885,18,170,188,249,65,11,68,96,800
276,Yao Ming,23,HOU,82,82,2692,535,1025,.522,0,2,.000,361,446,.809,197,538,735,122,22,156,204,273,1431
277,Cuttino Mobley,28,HOU,80,80,3229,460,1081,.426,164,420,.390,176,217,.811,40,322,362,258,107,33,180,179,1260
278,Nazr Mohammed,26,TOT,80,24,1611,246,472,.521,0,0,,100,169,.592,178,296,474,36,55,52,96,195,592
278,Nazr Mohammed,26,ATL,53,1,938,138,280,.493,0,0,,69,110,.627,101,166,267,20,22,27,55,113,345
278,Nazr Mohammed,26,NYK,27,23,673,108,192,.563,0,0,,31,59,.525,77,130,207,16,33,25,41,82,247
279,Jerome Moiso,25,TOR,35,1,417,40,84,.476,0,1,.000,22,38,.579,41,72,113,8,17,12,25,42,102
280,Mikki Moore,28,TOT,32,0,395,50,99,.505,0,0,,30,35,.857,29,55,84,19,7,13,22,65,130
280,Mikki Moore,28,NJN,4,0,10,1,5,.200,0,0,,0,0,,1,1,2,0,0,0,0,1,2
280,Mikki Moore,28,UTA,28,0,385,49,94,.521,0,0,,30,35,.857,28,54,82,19,7,13,22,64,128
Rk,Player,Age,Tm,G,GS,MP,FG,FGA,FG%,3P,3PA,3P%,FT,FTA,FT%,ORB,DRB,TRB,AST,STL,BLK,TOV,PF,PTS
281,Alonzo Mourning,33,NJN,12,0,215,33,71,.465,0,0,,30,34,.882,8,19,27,8,2,6,10,32,96
282,Troy Murphy,23,GSW,28,0,610,107,243,.440,5,17,.294,60,80,.750,48,125,173,20,12,17,34,58,279
283,Lamond Murray,30,TOR,33,4,518,76,215,.353,21,60,.350,24,35,.686,14,76,90,28,15,7,38,47,197
284,Ronald Murray,24,SEA,82,18,2021,389,915,.425,67,229,.293,168,235,.715,45,159,204,205,81,28,149,158,1013
285,Tracy Murray,32,POR,7,0,35,3,12,.250,2,5,.400,0,1,.000,3,2,5,1,1,0,2,3,8
286,Dikembe Mutombo,37,NYK,65,56,1494,141,295,.478,0,0,,81,119,.681,145,292,437,25,17,123,54,141,363
287,Mamadou N'Diaye,28,TOT,28,1,366,27,69,.391,0,0,,44,59,.746,43,69,112,0,8,25,18,59,98
287,Mamadou N'Diaye,28,DAL,3,0,7,0,1,.000,0,0,,0,0,,0,1,1,0,0,1,1,1,0
287,Mamadou N'Diaye,28,ATL,25,1,359,27,68,.397,0,0,,44,59,.746,43,68,111,0,8,24,17,58,98
288,Bostjan Nachbar,23,HOU,45,3,516,47,132,.356,23,63,.365,21,29,.724,8,62,70,30,14,14,23,72,138
289,Lee Nailon,28,TOT,57,4,780,147,327,.450,0,3,.000,47,58,.810,64,79,143,38,15,8,45,93,341
289,Lee Nailon,28,ATL,27,0,300,63,138,.457,0,0,,16,19,.842,26,37,63,17,10,7,24,48,142
289,Lee Nailon,28,ORL,8,0,83,11,27,.407,0,0,,7,9,.778,8,6,14,4,1,0,0,9,29
289,Lee Nailon,28,CLE,22,4,397,73,162,.451,0,3,.000,24,30,.800,30,36,66,17,4,1,21,36,170
290,Eduardo Najera,27,DAL,58,7,720,72,162,.444,2,4,.500,30,46,.652,67,89,156,25,35,19,29,90,176
291,Steve Nash,29,DAL,78,78,2612,397,845,.470,104,257,.405,230,251,.916,59,173,232,687,67,8,209,139,1128
292,Rasho Nesterovic,27,SAS,82,82,2353,328,700,.469,0,0,,54,114,.474,257,376,633,114,51,165,107,247,710
293,Ira Newble,29,CLE,64,25,1245,108,276,.391,2,19,.105,36,46,.783,65,90,155,72,25,19,54,109,254
294,Moochie Norris,30,TOT,66,0,847,80,217,.369,20,58,.345,54,71,.761,10,55,65,121,44,5,64,51,234
294,Moochie Norris,30,HOU,30,0,401,27,87,.310,8,23,.348,18,24,.750,2,28,30,48,16,2,30,16,80
294,Moochie Norris,30,NYK,36,0,446,53,130,.408,12,35,.343,36,47,.766,8,27,35,73,28,3,34,35,154
295,Dirk Nowitzki,25,DAL,77,77,2915,605,1310,.462,99,290,.341,371,423,.877,90,580,670,207,92,104,135,216,1680
296,Jermaine O'Neal,25,IND,78,78,2788,608,1400,.434,2,18,.111,348,460,.757,193,585,778,164,59,199,181,248,1566
297,Shaquille O'Neal,31,LAL,67,67,2464,554,948,.584,0,0,,331,676,.490,246,523,769,196,34,166,195,225,1439
298,Charles Oakley,40,HOU,7,0,25,2,6,.333,0,0,,5,6,.833,0,5,5,2,0,0,1,8,9
299,Lamar Odom,24,MIA,80,80,3003,485,1127,.430,61,205,.298,340,458,.742,160,616,776,327,85,71,236,273,1371
300,Mehmet Okur,24,DET,71,33,1580,251,542,.463,18,48,.375,162,209,.775,160,261,421,69,36,63,101,138,682
Rk,Player,Age,Tm,G,GS,MP,FG,FGA,FG%,3P,3PA,3P%,FT,FTA,FT%,ORB,DRB,TRB,AST,STL,BLK,TOV,PF,PTS
301,Kevin Ollie,31,CLE,82,7,1401,95,257,.370,4,9,.444,147,176,.835,23,147,170,234,51,8,81,119,341
302,Michael Olowokandi,28,MIN,43,25,925,121,285,.425,0,0,,36,61,.590,78,167,245,24,16,68,54,137,278
303,Greg Ostertag,30,UTA,78,51,2153,208,437,.476,0,1,.000,113,195,.579,221,357,578,123,30,139,99,228,529
304,Bo Outlaw,32,MEM,82,1,1606,159,312,.510,0,4,.000,61,116,.526,125,217,342,90,73,70,69,170,379
305,Travis Outlaw,19,POR,8,0,19,3,7,.429,0,0,,2,4,.500,2,2,4,1,1,0,1,1,8
306,Doug Overton,34,TOT,61,11,1033,99,245,.404,3,23,.130,23,31,.742,16,70,86,138,26,2,58,89,224
306,Doug Overton,34,NJN,6,0,22,3,8,.375,0,0,,2,2,1.000,0,1,1,4,1,0,2,4,8
306,Doug Overton,34,LAC,55,11,1011,96,237,.405,3,23,.130,21,29,.724,16,69,85,134,25,2,56,85,216
307,Zaza Pachulia,19,ORL,59,2,664,68,175,.389,0,0,,58,90,.644,69,105,174,13,21,12,34,87,194
308,Robert Pack,34,NJN,26,0,220,22,52,.423,0,0,,5,6,.833,4,14,18,27,12,1,16,20,49
309,Scott Padgett,27,HOU,58,5,547,74,167,.443,28,65,.431,24,32,.750,46,93,139,23,12,13,22,73,200
310,Milt Palacio,25,TOR,59,13,1211,104,298,.349,4,26,.154,45,68,.662,15,87,102,184,41,11,87,90,257
311,Jannero Pargo,24,TOT,31,1,479,81,199,.407,22,62,.355,23,27,.852,8,29,37,70,13,6,47,50,207
311,Jannero Pargo,24,LAL,13,0,63,6,16,.375,2,4,.500,0,0,,0,6,6,11,2,0,12,5,14
311,Jannero Pargo,24,TOR,5,0,71,9,29,.310,0,5,.000,0,0,,0,4,4,12,4,1,5,7,18
311,Jannero Pargo,24,CHI,13,1,345,66,154,.429,20,53,.377,23,27,.852,8,19,27,47,7,5,30,38,175
312,Tony Parker,21,SAS,75,75,2577,423,946,.447,62,199,.312,191,272,.702,43,194,237,411,61,7,179,148,1099
313,Cherokee Parks,31,GSW,12,0,64,4,10,.400,0,0,,4,6,.667,4,6,10,1,0,3,2,7,12
314,Ruben Patterson,28,POR,73,1,1651,200,395,.506,2,12,.167,105,190,.553,129,139,268,139,84,21,105,152,507
315,Sasha Pavlovic,20,UTA,79,14,1144,149,376,.396,19,70,.271,65,84,.774,44,115,159,60,41,16,67,187,382
316,Gary Payton,35,LAL,82,82,2825,482,1024,.471,55,165,.333,180,252,.714,72,270,342,449,96,19,151,169,1199
317,Anthony Peeler,34,SAC,75,0,1391,156,348,.448,68,141,.482,51,61,.836,31,122,153,120,56,10,77,103,431
318,Desmond Penigar,22,ORL,10,0,89,14,28,.500,0,0,,4,4,1.000,6,18,24,3,2,2,6,14,32
319,Kirk Penney,23,MIA,2,0,18,1,6,.167,1,3,.333,0,0,,0,1,1,1,1,0,3,1,3
320,Kendrick Perkins,19,BOS,10,0,35,8,15,.533,0,0,,6,9,.667,5,9,14,3,0,2,5,6,22
Rk,Player,Age,Tm,G,GS,MP,FG,FGA,FG%,3P,3PA,3P%,FT,FTA,FT%,ORB,DRB,TRB,AST,STL,BLK,TOV,PF,PTS
321,Wesley Person,32,TOT,58,0,1037,126,314,.401,55,138,.399,31,39,.795,16,101,117,66,19,9,38,38,338
321,Wesley Person,32,MEM,16,0,284,33,107,.308,11,43,.256,6,8,.750,2,16,18,23,5,2,16,11,83
321,Wesley Person,32,POR,33,0,621,80,168,.476,36,76,.474,19,25,.760,12,62,74,38,11,6,18,22,215
321,Wesley Person,32,ATL,9,0,132,13,39,.333,8,19,.421,6,6,1.000,2,23,25,5,3,1,4,5,40
322,Morris Peterson,26,TOR,82,29,2148,238,587,.405,126,340,.371,76,94,.809,35,226,261,113,88,14,69,206,678
323,Eric Piatkowski,33,HOU,49,0,703,72,191,.377,43,122,.352,14,16,.875,10,63,73,26,16,5,29,42,201
324,Paul Pierce,26,BOS,80,80,3099,602,1497,.402,115,384,.299,517,631,.819,69,453,522,410,131,52,303,234,1836
325,Mickael Pietrus,21,GSW,53,22,748,96,231,.416,35,105,.333,52,75,.693,48,71,119,27,32,12,40,100,279
326,Scottie Pippen*,38,CHI,23,6,412,53,140,.379,13,48,.271,17,27,.630,20,48,68,50,21,9,29,38,136
327,Zoran Planinic,21,NJN,49,1,473,53,129,.411,9,32,.281,38,60,.633,14,41,55,68,13,3,36,70,153
328,Scot Pollard,28,IND,61,3,678,47,114,.412,0,0,,12,21,.571,67,97,164,10,23,26,22,110,106
329,Olden Polynice,39,LAC,2,0,12,0,0,,0,0,,0,0,,1,1,2,1,1,0,4,2,0
330,Mark Pope,31,DEN,4,0,20,1,2,.500,0,0,,0,1,.000,0,3,3,0,1,0,3,8,2
331,James Posey,27,MEM,82,82,2451,368,770,.478,112,290,.386,278,335,.830,92,311,403,122,137,40,112,248,1126
332,Vitaly Potapenko,28,SEA,65,39,1419,200,409,.489,0,0,,59,92,.641,101,188,289,53,22,28,77,161,459
333,Tayshaun Prince,23,DET,82,80,2701,338,723,.467,57,157,.363,108,141,.766,93,297,390,191,63,69,119,149,841
334,Joel Przybilla,24,TOT,17,12,347,18,50,.360,0,0,,13,31,.419,32,79,111,7,5,17,18,53,49
334,Joel Przybilla,24,MIL,5,0,33,0,0,,0,0,,1,2,.500,1,9,10,3,0,0,2,5,1
334,Joel Przybilla,24,ATL,12,12,314,18,50,.360,0,0,,12,29,.414,31,70,101,4,5,17,16,48,48
335,Vladimir Radmanovic,23,SEA,77,38,2321,345,812,.425,140,377,.371,95,127,.748,104,302,406,142,80,42,109,187,925
336,Zach Randolph,22,POR,81,80,3067,663,1368,.485,1,5,.200,299,393,.761,242,609,851,163,68,41,247,227,1626
337,Theo Ratliff,30,TOT,85,83,2664,266,549,.485,0,0,,140,217,.645,195,419,614,71,54,307,120,300,672
337,Theo Ratliff,30,ATL,53,52,1648,171,373,.458,0,0,,96,147,.653,105,276,381,51,30,166,86,189,438
337,Theo Ratliff,30,POR,32,31,1016,95,176,.540,0,0,,44,70,.629,90,143,233,20,24,141,34,111,234
338,Zeljko Rebraca,31,TOT,24,2,273,34,77,.442,0,0,,23,30,.767,23,35,58,6,5,11,17,52,91
338,Zeljko Rebraca,31,DET,21,2,222,22,54,.407,0,0,,22,28,.786,19,30,49,4,5,9,13,45,66
338,Zeljko Rebraca,31,ATL,3,0,51,12,23,.522,0,0,,1,2,.500,4,5,9,2,0,2,4,7,25
339,Michael Redd,24,MIL,82,82,3021,633,1439,.440,127,363,.350,383,441,.868,118,289,407,185,81,6,116,152,1776
340,Glen Rice,36,LAC,18,0,262,22,76,.289,5,28,.179,17,17,1.000,9,32,41,24,6,0,13,22,66
Rk,Player,Age,Tm,G,GS,MP,FG,FGA,FG%,3P,3PA,3P%,FT,FTA,FT%,ORB,DRB,TRB,AST,STL,BLK,TOV,PF,PTS
341,Jason Richardson,23,GSW,78,78,2936,563,1284,.438,77,273,.282,258,377,.684,124,400,524,226,86,41,196,182,1461
342,Quentin Richardson,23,LAC,65,64,2338,425,1068,.398,120,341,.352,151,204,.740,146,268,414,139,67,19,141,130,1121
343,Luke Ridnour,22,SEA,69,6,1114,145,350,.414,27,80,.338,65,79,.823,35,73,108,163,52,7,80,105,382
344,Clifford Robinson,37,GSW,82,82,2846,366,945,.387,112,314,.357,123,173,.711,54,268,322,271,68,73,173,237,967
345,Eddie Robinson,27,CHI,51,4,1024,157,326,.482,1,5,.200,28,43,.651,27,77,104,58,33,10,45,57,343
346,Glenn Robinson,31,PHI,42,42,1336,275,614,.448,34,100,.340,114,137,.832,46,143,189,57,42,9,106,96,698
347,Rodney Rogers,32,NJN,69,15,1409,207,505,.410,50,152,.329,75,98,.765,100,207,307,137,59,27,98,183,539
348,Sean Rooks,34,TOT,55,0,595,54,151,.358,0,1,.000,33,37,.892,24,73,97,29,14,10,22,89,141
348,Sean Rooks,34,NOH,35,0,325,34,94,.362,0,0,,12,15,.800,10,40,50,11,9,5,15,48,80
348,Sean Rooks,34,ORL,20,0,270,20,57,.351,0,1,.000,21,22,.955,14,33,47,18,5,5,7,41,61
349,Jalen Rose,31,TOT,66,64,2497,383,952,.402,69,202,.342,187,231,.810,34,232,266,329,51,22,208,184,1022
349,Jalen Rose,31,CHI,16,14,529,75,200,.375,23,54,.426,39,51,.765,7,57,64,56,12,4,37,45,212
349,Jalen Rose,31,TOR,50,50,1968,308,752,.410,46,148,.311,148,180,.822,27,175,202,273,39,18,171,139,810
350,Malik Rose,29,SAS,67,13,1256,173,404,.428,0,3,.000,183,225,.813,110,210,320,69,36,24,112,164,529
351,Michael Ruffin,27,UTA,41,23,733,38,117,.325,0,0,,16,38,.421,78,129,207,41,22,21,42,103,92
352,Kareem Rush,23,LAL,72,15,1244,190,432,.440,48,138,.348,31,52,.596,20,77,97,59,33,20,48,109,459
353,Bryon Russell,33,LAL,72,1,945,98,244,.402,43,112,.384,50,65,.769,32,114,146,71,32,12,37,110,289
354,John Salmons,24,PHI,77,24,1603,161,416,.387,50,147,.340,71,92,.772,38,158,196,134,62,16,77,122,443
355,Jamal Sampson,20,LAL,10,2,130,11,23,.478,0,0,,7,12,.583,23,29,52,7,2,4,6,16,29
356,Daniel Santiago,27,MIL,54,28,708,78,163,.479,0,0,,61,90,.678,35,97,132,24,19,21,32,98,217
357,Brian Scalabrine,25,NJN,69,2,928,86,218,.394,10,41,.244,58,70,.829,42,131,173,65,21,14,42,113,240
358,Ansu Sesay,27,SEA,57,2,583,81,178,.455,6,21,.286,32,46,.696,43,49,92,19,19,20,23,66,200
359,Paul Shirley,26,CHI,7,0,86,10,23,.435,0,1,.000,1,3,.333,8,8,16,4,1,1,9,9,21
360,Bobby Simmons,23,LAC,56,8,1376,147,373,.394,2,12,.167,141,169,.834,115,147,262,96,51,17,73,169,437
Rk,Player,Age,Tm,G,GS,MP,FG,FGA,FG%,3P,3PA,3P%,FT,FTA,FT%,ORB,DRB,TRB,AST,STL,BLK,TOV,PF,PTS
361,Brian Skinner,27,MIL,56,54,1577,255,513,.497,0,0,,79,138,.572,119,292,411,49,30,61,78,165,589
362,Tamar Slay,23,NJN,22,0,165,21,60,.350,4,12,.333,7,14,.500,10,15,25,14,7,1,11,20,53
363,Jabari Smith,26,SAC,31,0,168,26,70,.371,0,3,.000,12,20,.600,11,20,31,11,2,6,7,25,64
364,Joe Smith,28,MIL,76,76,2254,311,708,.439,1,5,.200,207,241,.859,230,413,643,78,47,94,82,209,830
365,Leon Smith,23,SEA,1,0,4,1,2,.500,0,0,,0,0,,1,1,2,0,0,0,0,1,2
366,Steve Smith,34,NOH,71,4,929,119,293,.406,43,107,.402,77,83,.928,27,54,81,56,15,6,42,91,358
367,Theron Smith,23,MEM,20,0,178,16,43,.372,6,12,.500,6,8,.750,13,28,41,7,5,5,14,18,44
368,Eric Snow,30,PHI,82,82,2966,295,715,.413,2,18,.111,252,316,.797,62,219,281,563,97,6,187,213,844
369,Darius Songaila,25,SAC,73,7,976,133,273,.487,0,0,,71,88,.807,91,134,225,48,42,12,43,126,337
370,Latrell Sprewell,33,MIN,82,82,3100,518,1266,.409,99,299,.331,240,295,.814,56,254,310,286,88,21,158,101,1375
371,Jerry Stackhouse,29,WAS,26,17,774,128,321,.399,23,65,.354,83,103,.806,16,78,94,103,24,3,88,49,362
372,Vladimir Stepania,27,POR,42,2,453,43,103,.417,0,0,,22,36,.611,50,75,125,23,11,15,19,61,108
373,DeShawn Stevenson,22,TOT,80,78,2444,376,871,.432,19,71,.268,138,204,.676,79,219,298,158,52,17,120,140,909
373,DeShawn Stevenson,22,UTA,54,54,1511,261,586,.445,7,30,.233,89,133,.669,43,135,178,92,28,16,80,86,618
373,DeShawn Stevenson,22,ORL,26,24,933,115,285,.404,12,41,.293,49,71,.690,36,84,120,66,24,1,40,54,291
374,Michael Stewart,28,TOT,25,2,147,5,12,.417,0,0,,3,4,.750,8,21,29,0,2,10,3,34,13
374,Michael Stewart,28,CLE,8,2,76,3,7,.429,0,0,,2,2,1.000,5,13,18,0,1,8,1,21,8
374,Michael Stewart,28,BOS,17,0,71,2,5,.400,0,0,,1,2,.500,3,8,11,0,1,2,2,13,5
375,Peja Stojakovic,26,SAC,81,81,3264,665,1386,.480,240,554,.433,394,425,.927,91,417,508,173,108,14,153,159,1964
376,Damon Stoudamire,30,POR,82,82,3118,408,1018,.401,156,427,.365,127,145,.876,52,256,308,500,99,9,180,173,1099
377,Amare Stoudemire,21,PHO,55,53,2025,411,865,.475,1,5,.200,310,435,.713,157,339,496,78,64,89,177,188,1133
378,Erick Strickland,30,MIL,43,0,571,79,196,.403,29,66,.439,44,51,.863,13,58,71,90,26,2,54,63,231
379,Rod Strickland,37,TOT,61,10,1197,150,353,.425,10,36,.278,72,98,.735,34,121,155,244,35,11,85,76,382
379,Rod Strickland,37,ORL,46,9,915,122,269,.454,10,33,.303,57,76,.750,24,94,118,185,27,7,67,59,311
379,Rod Strickland,37,TOR,15,1,282,28,84,.333,0,3,.000,15,22,.682,10,27,37,59,8,4,18,17,71
380,Bruno Sundov,23,TOT,5,0,33,4,10,.400,0,0,,3,6,.500,2,8,10,1,0,0,3,9,11
380,Bruno Sundov,23,CLE,4,0,29,3,9,.333,0,0,,3,6,.500,2,8,10,0,0,0,3,7,9
380,Bruno Sundov,23,NYK,1,0,4,1,1,1.000,0,0,,0,0,,0,0,0,1,0,0,0,2,2
Rk,Player,Age,Tm,G,GS,MP,FG,FGA,FG%,3P,3PA,3P%,FT,FTA,FT%,ORB,DRB,TRB,AST,STL,BLK,TOV,PF,PTS
381,Bob Sura,30,TOT,80,18,1663,202,485,.416,21,79,.266,171,226,.757,100,226,326,233,62,14,105,158,596
381,Bob Sura,30,DET,53,0,707,71,173,.410,9,36,.250,48,69,.696,30,73,103,89,37,9,39,86,199
381,Bob Sura,30,ATL,27,18,956,131,312,.420,12,43,.279,123,157,.783,70,153,223,144,25,5,66,72,397
382,Mike Sweetney,21,NYK,42,1,494,69,140,.493,0,1,.000,42,58,.724,68,89,157,14,18,12,32,57,180
383,Stromile Swift,24,MEM,77,10,1528,268,571,.469,1,4,.250,190,262,.725,141,237,378,38,56,118,88,188,727
384,Wally Szczerbiak,26,MIN,28,0,622,106,236,.449,20,46,.435,53,64,.828,24,64,88,33,12,1,28,42,285
385,Maurice Taylor,27,HOU,75,10,2081,367,765,.480,0,2,.000,128,174,.736,131,253,384,107,43,47,149,253,862
386,Jason Terry,26,ATL,81,78,3018,499,1196,.417,146,421,.347,215,260,.827,49,287,336,437,124,16,229,192,1359
387,Etan Thomas,25,WAS,79,15,1901,257,526,.489,0,0,,191,295,.647,183,345,528,68,36,123,113,219,705
388,Kenny Thomas,26,PHI,74,72,2699,381,813,.469,1,5,.200,243,323,.752,261,489,750,111,82,33,172,219,1006
389,Kurt Thomas,31,NYK,80,75,2548,392,829,.473,0,3,.000,106,127,.835,145,517,662,149,56,80,132,298,890
390,Tim Thomas,26,TOT,66,65,2089,363,813,.446,73,194,.376,171,218,.784,64,256,320,124,64,20,116,196,970
390,Tim Thomas,26,MIL,42,42,1343,226,510,.443,47,130,.362,93,122,.762,38,167,205,90,40,15,73,127,592
390,Tim Thomas,26,NYK,24,23,746,137,303,.452,26,64,.406,78,96,.813,26,89,115,34,24,5,43,69,378
391,Jamaal Tinsley,25,IND,52,43,1378,153,370,.414,77,207,.372,49,67,.731,28,108,136,303,84,17,110,132,432
392,Robert Traylor,26,NOH,71,0,942,145,287,.505,2,5,.400,70,128,.547,106,156,262,43,39,37,62,161,362
393,Gary Trent,29,MIN,68,2,1025,155,328,.473,0,6,.000,69,91,.758,83,133,216,49,12,17,54,129,379
394,Jeff Trepagnier,24,DEN,11,0,96,10,38,.263,2,4,.500,3,6,.500,6,9,15,4,3,0,6,7,25
395,Cezary Trybanski,24,TOT,7,0,15,0,4,.000,0,0,,1,2,.500,0,1,1,0,1,1,2,3,1
395,Cezary Trybanski,24,PHO,4,0,10,0,2,.000,0,0,,0,0,,0,1,1,0,0,1,2,1,0
395,Cezary Trybanski,24,NYK,3,0,5,0,2,.000,0,0,,1,2,.500,0,0,0,0,1,0,0,2,1
396,Jake Tsakalidis,24,MEM,40,28,533,67,133,.504,0,0,,36,61,.590,37,91,128,18,9,22,23,79,170
397,Nikoloz Tskitishvili,20,DEN,39,0,307,40,122,.328,3,11,.273,23,29,.793,24,39,63,10,6,8,17,50,106
398,Hedo Turkoglu,24,SAS,80,44,2073,262,645,.406,101,241,.419,114,161,.708,52,306,358,154,80,32,94,165,739
399,Ime Udoka,26,LAL,4,0,28,3,9,.333,0,1,.000,2,4,.500,1,4,5,2,2,1,3,3,8
400,Nick Van Exel,32,GSW,39,29,1255,187,479,.390,46,150,.307,70,99,.707,16,88,104,206,20,2,78,57,490
Rk,Player,Age,Tm,G,GS,MP,FG,FGA,FG%,3P,3PA,3P%,FT,FTA,FT%,ORB,DRB,TRB,AST,STL,BLK,TOV,PF,PTS
401,Keith Van Horn,28,TOT,72,62,2340,410,903,.454,93,233,.399,249,290,.859,149,352,501,120,68,33,169,215,1162
401,Keith Van Horn,28,NYK,47,47,1574,273,613,.445,60,161,.373,163,199,.819,98,245,343,83,52,18,119,151,769
401,Keith Van Horn,28,MIL,25,15,766,137,290,.472,33,72,.458,86,91,.945,51,107,158,37,16,15,50,64,393
402,Jacque Vaughn,28,ATL,71,6,1271,107,277,.386,3,20,.150,53,68,.779,12,104,116,195,44,2,84,126,270
403,Jake Voskuhl,26,PHO,66,43,1606,152,300,.507,0,0,,134,181,.740,123,220,343,57,42,25,77,258,438
404,Slavko Vranes,21,POR,1,0,3,0,1,.000,0,0,,0,0,,0,0,0,0,0,0,0,1,0
405,Dwyane Wade,22,MIA,61,56,2126,371,798,.465,16,53,.302,233,312,.747,85,162,247,275,86,34,196,140,991
406,Dajuan Wagner,20,CLE,44,4,708,112,306,.366,31,86,.360,32,47,.681,9,49,58,51,26,7,41,89,287
407,Antoine Walker,27,DAL,82,82,2840,483,1129,.428,82,305,.269,103,186,.554,198,486,684,369,65,65,202,212,1151
408,Samaki Walker,27,MIA,33,0,418,38,99,.384,0,2,.000,29,44,.659,42,70,112,6,9,11,15,54,105
409,Ben Wallace,29,DET,81,81,3050,315,748,.421,1,8,.125,142,290,.490,324,682,1006,138,143,246,123,162,773
410,Gerald Wallace,21,SAC,37,1,337,32,89,.360,0,2,.000,11,24,.458,35,39,74,19,14,14,8,37,75
411,John Wallace,29,MIA,37,0,368,61,145,.421,5,13,.385,31,40,.775,12,47,59,14,5,8,24,38,158
412,Rasheed Wallace,29,TOT,68,66,2390,425,974,.436,82,248,.331,156,212,.736,102,357,459,156,61,122,119,190,1088
412,Rasheed Wallace,29,POR,45,44,1675,296,669,.442,59,173,.341,115,155,.742,69,229,298,114,36,72,87,131,766
412,Rasheed Wallace,29,ATL,1,1,42,8,24,.333,1,6,.167,3,3,1.000,1,5,6,2,1,5,3,0,20
412,Rasheed Wallace,29,DET,22,21,673,121,281,.431,22,69,.319,38,54,.704,32,123,155,40,24,45,29,59,302
413,Luke Walton,23,LAL,72,2,730,65,153,.425,13,39,.333,31,44,.705,39,88,127,113,28,8,44,70,174
414,Charlie Ward,33,TOT,71,10,1252,160,390,.410,84,206,.408,20,27,.741,12,132,144,215,64,11,96,107,424
414,Charlie Ward,33,NYK,35,10,827,115,260,.442,59,138,.428,16,21,.762,10,86,96,170,47,8,69,74,305
414,Charlie Ward,33,SAS,36,0,425,45,130,.346,25,68,.368,4,6,.667,2,46,48,45,17,3,27,33,119
415,Earl Watson,24,MEM,81,14,1669,172,464,.371,26,106,.245,90,138,.652,49,129,178,402,91,19,146,175,460
416,Clarence Weatherspoon,33,TOT,52,1,868,104,211,.493,0,1,.000,53,72,.736,74,130,204,30,30,15,35,75,261
416,Clarence Weatherspoon,33,NYK,15,1,216,18,40,.450,0,0,,18,19,.947,14,36,50,13,8,2,9,19,54
416,Clarence Weatherspoon,33,HOU,37,0,652,86,171,.503,0,1,.000,35,53,.660,60,94,154,17,22,13,26,56,207
417,Chris Webber,30,SAC,23,23,831,174,421,.413,1,5,.200,81,114,.711,48,152,200,105,31,20,60,76,430
418,Bonzi Wells,27,TOT,72,27,1872,363,850,.427,22,69,.319,138,183,.754,78,182,260,139,91,19,161,197,886
418,Bonzi Wells,27,POR,13,10,404,68,175,.389,1,8,.125,21,27,.778,21,40,61,35,20,3,32,38,158
418,Bonzi Wells,27,MEM,59,17,1468,295,675,.437,21,61,.344,117,156,.750,57,142,199,104,71,16,129,159,728
419,Jiri Welsch,24,BOS,81,68,2179,262,612,.428,69,181,.381,153,206,.743,60,236,296,183,101,7,129,176,746
420,David Wesley,33,NOH,61,60,2001,311,800,.389,92,285,.323,137,182,.753,28,106,134,175,71,14,100,147,851
Rk,Player,Age,Tm,G,GS,MP,FG,FGA,FG%,3P,3PA,3P%,FT,FTA,FT%,ORB,DRB,TRB,AST,STL,BLK,TOV,PF,PTS
421,David West,23,NOH,71,1,930,108,228,.474,0,2,.000,57,80,.713,117,180,297,60,27,28,48,117,273
422,Jahidi White,27,TOT,62,17,865,99,190,.521,0,0,,63,126,.500,97,164,261,7,25,51,66,176,261
422,Jahidi White,27,WAS,1,0,4,0,1,.000,0,0,,0,0,,0,0,0,0,0,1,1,0,0
422,Jahidi White,27,PHO,61,17,861,99,189,.524,0,0,,63,126,.500,97,164,261,7,25,50,65,176,261
423,Rodney White,23,DEN,72,0,985,215,468,.459,33,87,.379,78,104,.750,44,121,165,60,32,20,78,105,541
424,Chris Whitney,32,WAS,16,5,186,17,45,.378,8,18,.444,5,5,1.000,3,12,15,14,6,2,6,6,47
425,Chris Wilcox,21,LAC,65,17,1340,227,436,.521,0,1,.000,105,150,.700,125,180,305,51,29,20,80,183,559
426,Mike Wilks,24,HOU,26,0,145,17,36,.472,6,10,.600,10,12,.833,3,13,16,17,3,0,7,15,50
427,Aaron Williams,32,NJN,72,7,1337,172,342,.503,1,3,.333,105,155,.677,101,193,294,81,34,46,89,187,450
428,Alvin Williams,29,TOR,56,54,1730,201,496,.405,26,89,.292,66,85,.776,18,132,150,224,55,10,78,114,494
429,Eric Williams,31,TOT,71,36,1886,231,598,.386,35,127,.276,215,283,.760,65,221,286,120,70,9,88,180,712
429,Eric Williams,31,BOS,21,0,513,77,177,.435,11,32,.344,78,109,.716,21,74,95,25,22,1,31,52,243
429,Eric Williams,31,CLE,50,36,1373,154,421,.366,24,95,.253,137,174,.787,44,147,191,95,48,8,57,128,469
430,Frank Williams,23,NYK,56,3,714,80,208,.385,18,60,.300,41,48,.854,8,45,53,121,25,6,63,58,219
431,Jason Williams,28,MEM,72,68,2115,290,713,.407,120,364,.330,82,98,.837,25,122,147,492,92,5,136,97,782
432,Jerome Williams,30,TOT,68,44,1637,158,336,.470,0,8,.000,106,155,.684,177,298,475,72,90,8,74,134,422
432,Jerome Williams,30,TOR,15,12,407,28,57,.491,0,1,.000,21,29,.724,35,93,128,11,19,3,23,30,77
432,Jerome Williams,30,CHI,53,32,1230,130,279,.466,0,7,.000,85,126,.675,142,205,347,61,71,5,51,104,345
433,Mo Williams,21,UTA,57,0,772,115,303,.380,10,39,.256,44,56,.786,23,49,72,76,28,2,51,87,284
434,Scott Williams,35,TOT,43,21,527,90,186,.484,2,3,.667,16,27,.593,38,94,132,17,20,16,16,95,198
434,Scott Williams,35,PHO,16,10,267,53,101,.525,2,2,1.000,9,13,.692,23,49,72,6,15,7,6,45,117
434,Scott Williams,35,DAL,27,11,260,37,85,.435,0,1,.000,7,14,.500,15,45,60,11,5,9,10,50,81
435,Shammond Williams,28,TOT,53,4,763,87,232,.375,30,100,.300,51,58,.879,9,51,60,116,37,2,47,62,255
435,Shammond Williams,28,ORL,37,2,525,59,151,.391,25,74,.338,40,45,.889,9,34,43,64,23,1,26,40,183
435,Shammond Williams,28,NOH,16,2,238,28,81,.346,5,26,.192,11,13,.846,0,17,17,52,14,1,21,22,72
436,Corliss Williamson,30,DET,79,0,1574,304,602,.505,0,0,,144,197,.731,88,168,256,57,30,20,113,204,752
437,Kevin Willis,41,SAS,48,0,373,70,150,.467,0,1,.000,24,39,.615,37,61,98,11,21,9,32,61,164
438,Loren Woods,25,MIA,38,2,506,44,96,.458,0,0,,33,55,.600,65,69,134,10,11,19,26,52,121
439,Qyntel Woods,22,POR,62,8,673,88,237,.371,10,29,.345,38,60,.633,46,90,136,46,20,14,52,88,224
440,Metta World Peace,24,IND,73,71,2714,468,1112,.421,75,242,.310,322,439,.733,100,285,385,272,152,50,202,194,1333
Rk,Player,Age,Tm,G,GS,MP,FG,FGA,FG%,3P,3PA,3P%,FT,FTA,FT%,ORB,DRB,TRB,AST,STL,BLK,TOV,PF,PTS
441,Lorenzen Wright,28,MEM,65,46,1674,257,586,.439,0,5,.000,96,131,.733,144,301,445,71,45,58,77,192,610
442,Wang Zhizhi,26,TOT,16,0,114,17,46,.370,4,14,.286,9,10,.900,4,14,18,2,3,5,6,13,47
442,Wang Zhizhi,26,LAC,2,0,9,0,1,.000,0,0,,4,4,1.000,0,4,4,0,0,1,0,0,4
442,Wang Zhizhi,26,MIA,14,0,105,17,45,.378,4,14,.286,5,6,.833,4,10,14,2,3,4,6,13,43