Rk,Player,Age,Tm,G,GS,MP,FG,FGA,FG%,3P,3PA,3P%,FT,FTA,FT%,ORB,DRB,TRB,AST,STL,BLK,TOV,PF,PTS
1,Shareef Abdur-Rahim,28,POR,54,49,1867,337,670,.503,15,39,.385,220,254,.866,123,269,392,111,49,26,117,150,909
2,Cory Alexander,31,CHA,16,1,201,16,49,.327,8,19,.421,9,12,.750,8,21,29,37,9,1,19,29,49
3,Malik Allen,26,TOT,36,1,519,84,177,.475,0,0,,26,28,.929,40,59,99,18,9,22,18,53,194
3,Malik Allen,26,MIA,14,0,248,35,76,.461,0,0,,13,14,.929,24,28,52,11,4,11,11,29,83
3,Malik Allen,26,CHA,22,1,271,49,101,.485,0,0,,13,14,.929,16,31,47,7,5,11,7,24,111
4,Ray Allen,29,SEA,78,78,3064,640,1494,.428,209,556,.376,378,428,.883,79,268,347,289,84,5,171,167,1867
5,Tony Allen,23,BOS,77,34,1262,184,387,.475,12,31,.387,112,152,.737,85,136,221,64,76,24,77,156,492
6,Rafer Alston,28,TOR,80,78,2717,403,974,.414,139,389,.357,191,258,.740,42,237,279,514,118,7,170,212,1136
7,Chris Andersen,26,NOH,67,2,1430,191,358,.534,0,3,.000,131,190,.689,137,273,410,71,14,100,64,144,513
8,Derek Anderson,30,POR,47,32,1239,152,391,.389,58,151,.384,70,87,.805,25,103,128,143,36,4,70,89,432
9,Kenny Anderson,34,TOT,43,20,743,85,201,.423,6,13,.462,27,37,.730,24,64,88,103,33,0,49,87,203
9,Kenny Anderson,34,ATL,39,20,717,81,190,.426,6,13,.462,27,37,.730,23,60,83,98,33,0,46,81,195
9,Kenny Anderson,34,LAC,4,0,26,4,11,.364,0,0,,0,0,,1,4,5,5,0,0,3,6,8
10,Shandon Anderson,31,TOT,66,5,1171,98,217,.452,5,29,.172,54,66,.818,41,150,191,70,40,14,50,138,255
10,Shandon Anderson,31,NYK,1,0,20,0,2,.000,0,1,.000,0,0,,1,0,1,0,0,0,1,2,0
10,Shandon Anderson,31,MIA,65,5,1151,98,215,.456,5,28,.179,54,66,.818,40,150,190,70,40,14,49,136,255
11,Carmelo Anthony,20,DEN,75,75,2608,530,1230,.431,42,158,.266,456,573,.796,141,285,426,194,68,30,224,229,1558
12,Rafael Araujo,24,TOR,59,41,736,76,175,.434,1,3,.333,43,55,.782,59,126,185,16,21,8,52,157,196
13,Gilbert Arenas,23,WAS,80,80,3274,656,1523,.431,205,562,.365,521,640,.814,83,295,378,411,139,23,242,245,2038
14,Trevor Ariza,19,NYK,80,12,1382,172,389,.442,3,13,.231,121,174,.695,89,153,242,85,70,18,73,150,468
15,Darrell Armstrong,36,TOT,66,16,988,89,277,.321,28,111,.252,58,68,.853,35,80,115,178,45,8,67,92,264
15,Darrell Armstrong,36,NOH,14,9,412,53,159,.333,17,70,.243,19,21,.905,16,32,48,65,15,2,28,30,142
15,Darrell Armstrong,36,DAL,52,7,576,36,118,.305,11,41,.268,39,47,.830,19,48,67,113,30,6,39,62,122
16,Carlos Arroyo,25,TOT,70,16,1448,167,429,.389,8,30,.267,119,149,.799,26,78,104,280,44,4,107,143,461
16,Carlos Arroyo,25,UTA,30,16,742,93,232,.401,7,18,.389,53,63,.841,11,35,46,152,20,3,55,67,246
16,Carlos Arroyo,25,DET,40,0,706,74,197,.376,1,12,.083,66,86,.767,15,43,58,128,24,1,52,76,215
17,Chucky Atkins,30,LAL,82,82,2903,388,910,.426,176,455,.387,163,203,.803,31,166,197,358,73,2,151,181,1115
18,Stacey Augmon,36,ORL,55,7,663,68,167,.407,0,0,,57,77,.740,45,54,99,36,23,8,31,83,193
19,Maurice Baker,25,TOT,5,0,19,0,1,.000,0,0,,0,0,,1,1,2,1,1,0,1,3,0
19,Maurice Baker,25,LAC,1,0,1,0,0,,0,0,,0,0,,0,0,0,0,0,0,0,0,0
19,Maurice Baker,25,POR,4,0,18,0,1,.000,0,0,,0,0,,1,1,2,1,1,0,1,3,0
20,Vin Baker,33,TOT,27,0,204,13,42,.310,0,1,.000,9,17,.529,17,22,39,10,2,4,17,38,35
20,Vin Baker,33,NYK,24,0,191,13,38,.342,0,1,.000,7,15,.467,17,20,37,9,2,4,15,31,33
20,Vin Baker,33,HOU,3,0,13,0,4,.000,0,0,,2,2,1.000,0,2,2,1,0,0,2,7,2
Rk,Player,Age,Tm,G,GS,MP,FG,FGA,FG%,3P,3PA,3P%,FT,FTA,FT%,ORB,DRB,TRB,AST,STL,BLK,TOV,PF,PTS
21,Marcus Banks,23,BOS,81,2,1145,115,286,.402,21,59,.356,121,163,.742,29,97,126,155,63,13,79,146,372
22,Leandro Barbosa,22,PHO,63,6,1087,168,354,.475,51,139,.367,55,69,.797,32,98,130,126,30,7,87,127,442
23,Matt Barnes,24,SAC,43,9,715,62,151,.411,5,22,.227,35,58,.603,49,84,133,57,30,7,45,80,164
24,Andre Barrett,22,TOT,38,1,483,45,124,.363,14,52,.269,14,19,.737,11,29,40,69,19,1,27,51,118
24,Andre Barrett,22,HOU,27,0,314,20,69,.290,9,37,.243,7,10,.700,5,14,19,42,14,0,16,35,56
24,Andre Barrett,22,ORL,11,1,169,25,55,.455,5,15,.333,7,9,.778,6,15,21,27,5,1,11,16,62
25,Brent Barry,33,SAS,81,8,1742,194,459,.423,100,280,.357,113,135,.837,29,161,190,178,39,20,64,123,601
26,Jon Barry,35,TOT,69,2,1505,161,368,.438,71,165,.430,62,71,.873,26,133,159,167,60,9,67,95,455
26,Jon Barry,35,ATL,16,0,275,31,77,.403,11,32,.344,10,13,.769,4,17,21,28,14,2,14,28,83
26,Jon Barry,35,HOU,53,2,1230,130,291,.447,60,133,.451,52,58,.897,22,116,138,139,46,7,53,67,372
27,Tony Battie,28,ORL,81,32,1894,163,354,.460,0,6,.000,68,94,.723,109,343,452,42,30,81,81,244,394
28,Shane Battier,26,MEM,80,72,2516,271,613,.442,70,177,.395,180,228,.789,158,255,413,126,91,77,75,201,792
29,Lonny Baxter,26,NOH,4,0,36,3,11,.273,0,0,,0,2,.000,4,4,8,0,0,0,4,10,6
30,Raja Bell,28,UTA,63,32,1790,303,667,.454,54,134,.403,112,150,.747,48,153,201,91,44,8,79,205,772
31,Jonathan Bender,24,IND,7,0,93,16,40,.400,1,5,.200,3,6,.500,5,9,14,4,1,2,10,9,36
32,Travis Best,32,NJN,76,6,1461,190,452,.420,26,85,.306,108,122,.885,19,88,107,143,66,9,67,148,514
33,Mike Bibby,26,SAC,80,80,3084,560,1264,.443,131,364,.360,320,413,.775,77,255,332,541,124,30,203,191,1571
34,Andris Biedrins,18,GSW,30,1,384,45,78,.577,0,1,.000,19,40,.475,47,71,118,12,12,24,12,87,109
35,Chauncey Billups,28,DET,80,80,2866,404,913,.442,165,387,.426,343,382,.898,48,223,271,464,81,9,180,194,1316
36,Steve Blake,24,WAS,44,1,648,61,186,.328,36,93,.387,33,41,.805,18,53,71,69,13,0,39,47,191
37,Mark Blount,29,BOS,82,57,2130,327,618,.529,0,1,.000,117,164,.713,143,254,397,129,33,64,158,229,771
38,Tony Bobbitt,25,LAL,2,0,12,2,5,.400,1,2,.500,0,0,,0,3,3,0,0,0,0,1,5
39,Keith Bogans,24,CHA,74,42,1791,262,688,.381,57,173,.329,133,183,.727,76,150,226,135,68,8,122,167,714
40,Matt Bonner,24,TOR,82,0,1553,247,463,.533,39,92,.424,56,71,.789,108,177,285,48,39,19,40,220,589
Rk,Player,Age,Tm,G,GS,MP,FG,FGA,FG%,3P,3PA,3P%,FT,FTA,FT%,ORB,DRB,TRB,AST,STL,BLK,TOV,PF,PTS
41,Calvin Booth,28,TOT,51,1,451,49,108,.454,0,1,.000,26,32,.813,29,78,107,8,15,28,16,78,124
41,Calvin Booth,28,DAL,34,1,262,34,79,.430,0,1,.000,14,16,.875,16,42,58,4,11,16,8,55,82
41,Calvin Booth,28,MIL,17,0,189,15,29,.517,0,0,,12,16,.750,13,36,49,4,4,12,8,23,42
42,Carlos Boozer,23,UTA,51,51,1772,361,693,.521,0,1,.000,187,268,.698,141,316,457,144,41,24,137,179,909
43,Curtis Borchardt,24,UTA,67,23,859,74,172,.430,0,0,,52,71,.732,86,138,224,49,10,32,52,160,200
44,Chris Bosh,20,TOR,81,81,3017,473,1005,.471,3,10,.300,412,542,.760,194,524,718,153,76,113,187,226,1361
45,Bruce Bowen,33,SAS,82,82,2627,251,598,.420,102,253,.403,71,112,.634,50,235,285,126,55,39,57,175,675
46,Ryan Bowen,29,HOU,66,6,604,47,111,.423,3,6,.500,14,21,.667,21,55,76,18,23,5,7,61,111
47,Earl Boykins,28,DEN,82,5,2162,340,824,.413,56,166,.337,279,303,.921,37,106,143,372,78,12,121,122,1015
48,Michael Bradley,25,TOT,18,0,119,15,24,.625,0,1,.000,3,8,.375,8,20,28,5,1,2,5,12,33
48,Michael Bradley,25,ORL,8,0,55,3,7,.429,0,0,,0,0,,3,11,14,2,1,2,1,4,6
48,Michael Bradley,25,SAC,8,0,48,8,12,.667,0,0,,2,6,.333,5,6,11,2,0,0,3,8,18
48,Michael Bradley,25,PHI,2,0,16,4,5,.800,0,1,.000,1,2,.500,0,3,3,1,0,0,1,0,9
49,Shawn Bradley,32,DAL,77,14,885,84,186,.452,0,0,,43,63,.683,70,144,214,15,25,63,33,153,211
50,Torraye Braggs,28,HOU,7,0,24,3,7,.429,0,0,,0,0,,7,5,12,0,0,0,2,4,6
51,Elton Brand,25,LAC,81,81,3001,629,1251,.503,0,3,.000,364,484,.752,296,474,770,208,62,169,183,240,1622
52,Jamison Brewer,24,NYK,18,0,185,11,37,.297,3,15,.200,6,13,.462,6,16,22,12,8,1,13,11,31
53,Primoz Brezec,25,CHA,72,72,2276,387,756,.512,0,0,,164,220,.745,226,305,531,86,33,55,106,183,938
54,Damone Brown,25,WAS,14,0,152,23,62,.371,4,11,.364,4,9,.444,10,18,28,14,1,6,15,17,54
55,Devin Brown,26,SAS,67,0,1238,173,409,.423,45,121,.372,103,130,.792,37,139,176,92,39,12,53,83,494
56,Kedrick Brown,23,PHI,8,0,55,2,6,.333,0,3,.000,8,10,.800,1,10,11,4,3,1,5,4,12
57,Kwame Brown,22,WAS,42,14,908,109,237,.460,0,0,,74,129,.574,72,134,206,39,25,15,67,112,292
58,P.J. Brown,35,NOH,82,78,2817,338,758,.446,0,0,,210,243,.864,266,471,737,178,74,50,101,233,886
59,Tierre Brown,25,LAL,76,0,1066,124,348,.356,26,72,.361,59,75,.787,21,72,93,155,32,1,74,59,333
60,Rick Brunson,32,LAC,80,39,1945,166,442,.376,48,130,.369,57,74,.770,23,164,187,410,82,7,125,106,437
Rk,Player,Age,Tm,G,GS,MP,FG,FGA,FG%,3P,3PA,3P%,FT,FTA,FT%,ORB,DRB,TRB,AST,STL,BLK,TOV,PF,PTS
61,Kobe Bryant,26,LAL,66,66,2689,573,1324,.433,131,387,.339,542,664,.816,95,297,392,398,86,53,270,174,1819
62,Greg Buckner,28,DEN,70,41,1522,160,303,.528,49,121,.405,63,81,.778,66,142,208,133,75,6,49,169,432
63,Rodney Buford,27,NJN,64,17,1313,187,489,.382,34,108,.315,37,45,.822,33,156,189,63,40,4,35,101,445
64,Antonio Burks,24,MEM,24,0,219,28,60,.467,3,11,.273,14,19,.737,1,11,12,28,13,1,12,25,73
65,Caron Butler,24,LAL,77,77,2746,441,991,.445,38,125,.304,275,319,.862,146,304,450,146,110,23,125,213,1195
66,Jackie Butler,19,NYK,3,0,5,4,4,1.000,0,0,,2,2,1.000,0,0,0,0,1,0,1,0,10
67,Rasual Butler,25,MIA,65,15,1203,163,409,.399,57,153,.373,37,48,.771,15,136,151,62,18,29,37,104,420
68,Zarko Cabarkapa,23,TOT,40,0,475,86,177,.486,13,36,.361,53,65,.815,35,67,102,25,10,5,30,59,238
68,Zarko Cabarkapa,23,PHO,3,0,11,4,7,.571,0,0,,1,1,1.000,2,1,3,0,0,0,0,0,9
68,Zarko Cabarkapa,23,GSW,37,0,464,82,170,.482,13,36,.361,52,64,.813,33,66,99,25,10,5,30,59,229
69,Marcus Camby,30,DEN,66,66,2015,279,600,.465,0,4,.000,125,173,.723,131,530,661,152,61,199,103,177,683
70,Elden Campbell,36,TOT,40,1,390,39,123,.317,0,2,.000,42,55,.764,28,65,93,19,8,7,29,57,120
70,Elden Campbell,36,NJN,10,0,50,0,7,.000,0,0,,2,4,.500,3,8,11,3,0,1,1,10,2
70,Elden Campbell,36,DET,30,1,340,39,116,.336,0,2,.000,40,51,.784,25,57,82,16,8,6,28,47,118
71,Brian Cardinal,27,MEM,58,16,1433,160,432,.370,44,125,.352,158,181,.873,63,162,225,114,88,19,83,172,522
72,Geno Carlisle,28,POR,6,0,16,2,3,.667,0,0,,4,6,.667,1,0,1,1,0,0,1,1,8
73,Matt Carroll,24,CHA,25,0,430,70,180,.389,13,39,.333,71,83,.855,13,47,60,17,17,2,25,37,224
74,Anthony Carter,29,MIN,66,12,742,72,177,.407,2,17,.118,35,51,.686,12,57,69,161,35,18,62,88,181
75,Vince Carter,28,TOT,77,76,2828,696,1541,.452,127,313,.406,367,460,.798,106,295,401,327,109,48,168,243,1886
75,Vince Carter,28,TOR,20,20,608,124,302,.411,19,59,.322,50,72,.694,28,38,66,61,25,15,22,56,317
75,Vince Carter,28,NJN,57,56,2220,572,1239,.462,108,254,.425,317,388,.817,78,257,335,266,84,33,146,187,1569
76,Sam Cassell,35,MIN,59,38,1522,319,687,.464,27,103,.262,134,155,.865,25,132,157,301,36,14,109,160,799
77,Kelvin Cato,30,ORL,62,50,1525,160,297,.539,0,0,,112,143,.783,102,314,416,40,55,82,64,170,432
78,Lionel Chalmers,24,LAC,36,0,433,42,125,.336,12,49,.245,15,24,.625,4,27,31,51,13,0,24,30,111
79,Tyson Chandler,22,CHI,80,10,2189,207,419,.494,0,2,.000,226,336,.673,261,514,775,65,69,141,118,268,640
80,Calbert Cheaney,33,GSW,55,5,951,113,265,.426,0,3,.000,24,37,.649,32,92,124,64,17,15,35,95,250
Rk,Player,Age,Tm,G,GS,MP,FG,FGA,FG%,3P,3PA,3P%,FT,FTA,FT%,ORB,DRB,TRB,AST,STL,BLK,TOV,PF,PTS
81,Josh Childress,21,ATL,80,44,2376,302,642,.470,13,56,.232,190,231,.823,195,287,482,151,74,35,106,184,807
82,Doug Christie,34,TOT,52,44,1525,130,332,.392,15,62,.242,70,78,.897,38,139,177,199,80,18,104,106,345
82,Doug Christie,34,SAC,31,31,996,83,204,.407,10,39,.256,50,56,.893,29,94,123,153,43,13,68,61,226
82,Doug Christie,34,ORL,21,13,529,47,128,.367,5,23,.217,20,22,.909,9,45,54,46,37,5,36,45,119
83,Speedy Claxton,26,TOT,62,47,1866,257,611,.421,11,61,.180,187,254,.736,37,147,184,374,109,8,119,184,712
83,Speedy Claxton,26,GSW,46,44,1501,216,501,.431,10,52,.192,162,213,.761,32,121,153,286,87,6,92,154,604
83,Speedy Claxton,26,NOH,16,3,365,41,110,.373,1,9,.111,25,41,.610,5,26,31,88,22,2,27,30,108
84,Mateen Cleaves,27,SEA,14,0,65,5,14,.357,0,2,.000,3,4,.750,2,4,6,7,2,0,2,2,13
85,Derrick Coleman,37,DET,5,0,50,3,14,.214,0,2,.000,3,3,1.000,3,12,15,0,0,0,2,6,9
86,Jason Collier,27,ATL,70,44,942,174,376,.463,6,14,.429,48,71,.676,84,100,184,18,15,13,63,147,402
87,Jarron Collins,26,UTA,50,38,961,65,157,.414,0,1,.000,83,119,.697,57,107,164,61,11,6,34,146,213
88,Jason Collins,26,NJN,80,80,2542,186,451,.412,2,6,.333,137,209,.656,153,335,488,105,71,71,91,322,511
89,Nick Collison,24,SEA,82,4,1396,190,354,.537,0,3,.000,83,118,.703,156,220,376,32,34,50,62,252,463
90,Brian Cook,24,LAL,72,0,1087,176,422,.417,78,199,.392,28,37,.757,63,153,216,35,23,26,29,139,458
91,Omar Cook,23,TOR,5,0,74,10,24,.417,0,4,.000,3,6,.500,2,5,7,22,6,1,6,6,23
92,Jamal Crawford,24,NYK,70,67,2688,437,1097,.398,185,512,.361,182,216,.843,33,170,203,302,92,19,148,135,1241
93,Austin Croshere,29,IND,73,22,1827,188,497,.378,45,174,.259,226,256,.883,103,272,375,98,48,17,104,154,647
94,Eddy Curry,22,CHI,63,60,1808,393,730,.538,0,0,,226,314,.720,116,222,338,37,21,58,163,202,1012
95,Michael Curry,36,IND,18,7,249,13,29,.448,0,0,,4,8,.500,8,19,27,15,5,4,5,39,30
96,Samuel Dalembert,23,PHI,72,60,1785,250,477,.524,0,0,,89,148,.601,187,355,542,35,46,121,114,241,589
97,Erick Dampier,29,DAL,59,56,1609,202,367,.550,0,3,.000,138,228,.605,183,318,501,51,15,80,102,205,542
98,Antonio Daniels,29,SEA,75,2,2026,273,623,.438,49,165,.297,248,304,.816,20,149,169,309,51,3,78,78,843
99,Erik Daniels,22,SAC,21,0,72,6,18,.333,1,2,.500,0,0,,7,11,18,4,2,0,6,7,13
100,Marquis Daniels,24,DAL,60,17,1412,220,504,.437,7,35,.200,98,133,.737,87,129,216,128,83,14,86,124,545
Rk,Player,Age,Tm,G,GS,MP,FG,FGA,FG%,3P,3PA,3P%,FT,FTA,FT%,ORB,DRB,TRB,AST,STL,BLK,TOV,PF,PTS
101,Antonio Davis,36,CHI,72,62,1843,193,419,.461,0,0,,115,152,.757,152,276,428,80,27,41,96,147,501
102,Baron Davis,25,TOT,46,32,1581,291,752,.387,118,354,.333,185,243,.761,32,143,175,362,81,14,131,126,885
102,Baron Davis,25,NOH,18,13,593,111,303,.366,44,137,.321,74,96,.771,16,51,67,129,31,4,38,52,340
102,Baron Davis,25,GSW,28,19,988,180,449,.401,74,217,.341,111,147,.755,16,92,108,233,50,10,93,74,545
103,Dale Davis,35,TOT,61,28,1307,112,234,.479,0,0,,60,99,.606,152,223,375,47,32,65,43,162,284
103,Dale Davis,35,GSW,36,3,577,45,109,.413,0,0,,22,38,.579,61,92,153,23,13,32,20,79,112
103,Dale Davis,35,IND,25,25,730,67,125,.536,0,0,,38,61,.623,91,131,222,24,19,33,23,83,172
104,Josh Davis,24,PHI,42,5,328,42,111,.378,19,53,.358,14,17,.824,29,50,79,12,8,4,15,45,117
105,Ricky Davis,25,BOS,82,11,2696,481,1041,.462,61,180,.339,286,351,.815,66,183,249,246,89,27,205,174,1309
106,Andrew DeClercq,31,ORL,8,0,49,4,9,.444,0,0,,1,3,.333,7,3,10,0,2,0,1,14,9
107,Carlos Delfino,22,DET,30,4,459,42,117,.359,9,35,.257,23,40,.575,13,42,55,38,22,6,23,44,116
108,Tony Delk,31,ATL,56,1,1340,246,591,.416,72,202,.356,103,136,.757,28,102,130,104,47,3,54,123,667
109,Luol Deng,19,CHI,61,45,1663,280,645,.434,31,117,.265,120,162,.741,92,230,322,135,48,27,118,98,711
110,Boris Diaw,22,ATL,66,25,1201,124,294,.422,9,50,.180,57,77,.740,54,116,170,149,37,18,87,123,314
111,Dan Dickau,26,TOT,71,46,2090,306,756,.405,85,245,.347,190,228,.833,34,146,180,347,76,4,145,201,887
111,Dan Dickau,26,DAL,4,0,16,1,8,.125,1,3,.333,2,3,.667,0,1,1,1,0,0,1,1,5
111,Dan Dickau,26,NOH,67,46,2074,305,748,.408,84,242,.347,188,225,.836,34,145,179,346,76,4,144,200,882
112,Kaniel Dickens,26,NJN,11,0,61,4,14,.286,3,9,.333,2,2,1.000,3,6,9,1,2,1,2,5,13
113,DeSagana Diop,23,CLE,39,0,306,20,69,.290,0,2,.000,0,5,.000,30,40,70,15,8,27,12,53,40
114,Vlade Divac,36,LAL,15,0,130,13,31,.419,0,0,,8,12,.667,18,14,32,19,4,1,14,25,34
115,Juan Dixon,26,WAS,63,4,1054,186,447,.416,48,147,.327,87,97,.897,32,87,119,111,43,4,68,98,507
116,Michael Doleac,27,MIA,80,8,1175,148,331,.447,0,2,.000,25,41,.610,74,185,259,47,23,22,36,160,321
117,Keyon Dooling,24,MIA,74,0,1184,139,345,.403,19,75,.253,85,109,.780,11,79,90,132,39,11,65,120,382
118,Predrag Drobnjak,29,ATL,71,1,1435,238,543,.438,25,71,.352,96,120,.800,73,165,238,49,42,24,78,138,597
119,Chris Duhon,22,CHI,82,73,2177,172,488,.352,94,265,.355,49,67,.731,23,190,213,398,82,3,119,205,487
120,Tim Duncan,28,SAS,66,66,2203,517,1042,.496,3,9,.333,305,455,.670,202,530,732,179,45,174,127,144,1342
Rk,Player,Age,Tm,G,GS,MP,FG,FGA,FG%,3P,3PA,3P%,FT,FTA,FT%,ORB,DRB,TRB,AST,STL,BLK,TOV,PF,PTS
121,Mike Dunleavy,24,GSW,79,79,2570,408,905,.451,107,276,.388,134,172,.779,97,338,435,203,79,26,132,198,1057
122,Ronald Dupree,24,DET,47,0,472,61,127,.480,1,2,.500,29,47,.617,34,61,95,24,7,10,22,60,152
123,Ndudi Ebi,20,MIN,2,0,54,11,21,.524,0,1,.000,5,9,.556,6,10,16,1,1,1,3,7,27
124,Corsley Edwards,25,NOH,10,0,110,10,31,.323,0,0,,7,12,.583,12,13,25,3,3,4,2,19,27
125,John Edwards,23,IND,25,1,139,11,30,.367,0,0,,7,14,.500,8,11,19,3,3,4,8,12,29
126,Howard Eisley,32,UTA,74,1,1428,161,405,.398,27,103,.262,66,83,.795,15,75,90,250,45,9,111,156,415
127,Obinna Ekezie,29,ATL,42,31,732,79,182,.434,0,1,.000,72,93,.774,69,110,179,11,22,12,45,129,230
128,Francisco Elson,28,DEN,67,11,939,101,216,.468,1,3,.333,45,79,.570,61,140,201,34,34,41,40,129,248
129,Melvin Ely,26,CHA,79,17,1649,227,526,.432,0,0,,122,212,.575,142,184,326,76,32,69,115,199,576
130,Andre Emmett,22,MEM,8,0,28,2,6,.333,0,0,,3,5,.600,0,2,2,0,0,0,1,4,7
131,Maurice Evans,26,SAC,65,11,1233,165,373,.442,27,82,.329,59,78,.756,88,113,201,45,37,8,34,104,416
132,Reggie Evans,24,SEA,79,79,1881,131,275,.476,0,2,.000,125,234,.534,254,482,736,58,58,15,104,202,387
133,Michael Finley,31,DAL,64,64,2358,387,907,.427,116,285,.407,113,136,.831,45,217,262,169,48,18,60,123,1003
134,Derek Fisher,30,GSW,74,32,2222,297,755,.393,108,291,.371,175,203,.862,38,180,218,301,76,4,129,176,877
135,Marcus Fizer,26,MIL,54,0,903,133,292,.455,0,6,.000,70,103,.680,29,146,175,64,25,13,63,96,336
136,Luis Flores,23,TOT,16,0,77,14,29,.483,5,10,.500,2,2,1.000,1,2,3,11,2,0,11,9,35
136,Luis Flores,23,GSW,15,0,73,13,27,.481,4,9,.444,2,2,1.000,0,2,2,11,2,0,11,9,32
136,Luis Flores,23,DEN,1,0,4,1,2,.500,1,1,1.000,0,0,,1,0,1,0,0,0,0,0,3
137,Danny Fortson,28,SEA,62,0,1047,118,226,.522,0,0,,227,258,.880,157,191,348,8,15,7,91,265,463
138,Jeff Foster,28,IND,61,43,1594,168,324,.519,0,5,.000,90,142,.634,205,345,550,43,46,12,55,186,426
139,Tremaine Fowlkes,28,IND,8,0,56,9,17,.529,1,3,.333,0,2,.000,3,5,8,0,2,0,5,7,19
140,Adonal Foyle,29,GSW,78,50,1700,156,311,.502,0,0,,40,72,.556,165,264,429,56,26,159,58,201,352
Rk,Player,Age,Tm,G,GS,MP,FG,FGA,FG%,3P,3PA,3P%,FT,FTA,FT%,ORB,DRB,TRB,AST,STL,BLK,TOV,PF,PTS
141,Richie Frahm,27,POR,43,0,499,56,140,.400,31,80,.388,21,25,.840,17,44,61,30,15,4,14,35,164
142,Steve Francis,27,ORL,78,78,2978,563,1330,.423,38,127,.299,499,606,.823,126,324,450,547,112,28,317,273,1663
143,Matt Freije,23,NOH,23,11,441,37,127,.291,14,54,.259,5,8,.625,16,45,61,20,13,2,17,40,93
144,Lawrence Funderburke,34,CHI,2,0,21,3,6,.500,0,0,,3,5,.600,1,2,3,0,0,0,0,2,9
145,Dan Gadzuric,26,MIL,81,81,1783,243,451,.539,0,0,,107,199,.538,261,413,674,30,47,106,81,224,593
146,Reece Gaines,24,TOT,21,0,187,17,50,.340,4,14,.286,3,4,.750,1,13,14,7,5,1,7,17,41
146,Reece Gaines,24,HOU,10,0,108,10,27,.370,3,12,.250,3,4,.750,0,11,11,3,3,0,4,12,26
146,Reece Gaines,24,MIL,11,0,79,7,23,.304,1,2,.500,0,0,,1,2,3,4,2,1,3,5,15
147,Alex Garcia,24,NOH,8,3,146,18,52,.346,5,18,.278,3,4,.750,7,8,15,18,4,1,8,15,44
148,Kevin Garnett,28,MIN,82,82,3121,683,1360,.502,6,25,.240,445,549,.811,247,861,1108,466,121,112,222,207,1817
149,Pat Garrity,28,ORL,71,0,955,123,306,.402,49,147,.333,29,33,.879,21,103,124,30,19,9,30,107,324
150,Pau Gasol,24,MEM,56,53,1790,357,695,.514,1,6,.167,282,367,.768,130,280,410,135,37,93,137,146,997
151,Devean George,27,LAL,15,3,306,37,104,.356,21,58,.362,15,20,.750,13,40,53,14,8,2,12,32,110
152,Eddie Gill,26,IND,73,3,1021,81,242,.335,36,117,.308,71,81,.877,16,96,112,83,59,5,60,105,269
153,Kendall Gill,36,MIL,14,0,284,32,80,.400,3,9,.333,18,20,.900,11,26,37,27,14,4,9,37,85
154,Manu Ginobili,27,SAS,74,74,2193,367,780,.471,97,258,.376,355,442,.803,75,254,329,288,119,27,172,190,1186
155,Gordan Giricek,27,UTA,81,44,1660,283,632,.448,38,105,.362,111,137,.810,25,157,182,137,46,11,90,155,715
156,Dion Glover,26,SAS,7,0,68,8,22,.364,1,8,.125,8,10,.800,3,8,11,4,3,3,2,9,25
157,Anthony Goldwire,33,TOT,33,2,537,57,136,.419,32,80,.400,26,31,.839,10,49,59,78,15,0,15,32,172
157,Anthony Goldwire,33,DET,9,0,55,4,15,.267,3,9,.333,7,8,.875,1,7,8,0,0,0,1,5,18
157,Anthony Goldwire,33,MIL,24,2,482,53,121,.438,29,71,.408,19,23,.826,9,42,51,78,15,0,14,27,154
158,Drew Gooden,23,CLE,82,80,2523,464,943,.492,5,28,.179,251,310,.810,207,546,753,130,77,76,133,233,1184
159,Ben Gordon,21,CHI,82,3,2002,434,1056,.411,134,331,.405,233,270,.863,55,160,215,164,53,10,186,224,1235
160,Brian Grant,32,LAL,69,8,1136,103,209,.493,0,0,,57,79,.722,101,156,257,34,23,23,43,175,263
Rk,Player,Age,Tm,G,GS,MP,FG,FGA,FG%,3P,3PA,3P%,FT,FTA,FT%,ORB,DRB,TRB,AST,STL,BLK,TOV,PF,PTS
161,Willie Green,23,PHI,57,21,1066,155,423,.366,30,105,.286,97,125,.776,22,111,133,100,34,6,75,121,437
162,Adrian Griffin,30,CHI,69,1,667,58,161,.360,2,9,.222,33,44,.750,52,94,146,53,43,4,30,78,151
163,Eddie Griffin,22,MIN,70,0,1492,202,522,.387,67,204,.328,56,78,.718,128,325,453,53,23,118,55,120,527
164,Tom Gugliotta,35,TOT,47,9,966,99,241,.411,8,26,.308,33,43,.767,56,135,191,68,41,17,57,104,239
164,Tom Gugliotta,35,BOS,20,0,218,11,37,.297,0,0,,4,6,.667,15,28,43,12,9,4,9,23,26
164,Tom Gugliotta,35,ATL,27,9,748,88,204,.431,8,26,.308,29,37,.784,41,107,148,56,32,13,48,81,213
165,Marcus Haislip,24,IND,9,0,106,13,38,.342,0,1,.000,6,11,.545,5,10,15,3,2,2,6,15,32
166,Darvin Ham,31,DET,47,0,275,17,37,.459,0,0,,12,31,.387,19,16,35,5,6,7,8,39,46
167,Richard Hamilton,26,DET,76,76,2926,510,1160,.440,36,118,.305,368,429,.858,74,221,295,372,77,13,217,232,1424
168,Zendon Hamilton,29,MIL,16,0,159,11,32,.344,0,0,,29,48,.604,18,24,42,6,5,2,12,26,51
169,Ben Handlogten,31,UTA,21,5,297,43,83,.518,0,1,.000,9,17,.529,23,42,65,13,7,5,18,55,95
170,Anfernee Hardaway,33,NYK,37,0,894,110,260,.423,15,50,.300,34,46,.739,19,70,89,74,28,3,50,79,269
171,Matt Harpring,28,UTA,78,55,2584,418,855,.489,9,43,.209,245,315,.778,196,284,480,142,70,16,133,250,1090
172,Al Harrington,24,ATL,66,66,2550,453,986,.459,16,74,.216,236,351,.672,145,316,461,208,85,16,204,249,1158
173,Junior Harrington,24,NOH,29,7,550,64,178,.360,6,19,.316,29,35,.829,13,50,63,62,25,5,41,72,163
174,Othella Harrington,31,CHI,70,28,1271,217,424,.512,0,0,,127,177,.718,106,186,292,56,24,18,84,188,561
175,Devin Harris,21,DAL,76,19,1173,157,366,.429,44,131,.336,78,103,.757,28,74,102,169,77,19,82,139,436
176,Lucious Harris,34,CLE,73,4,1128,118,299,.395,21,65,.323,56,69,.812,39,82,121,49,27,6,29,68,313
177,David Harrison,22,IND,43,14,760,106,184,.576,0,0,,52,91,.571,48,87,135,13,16,55,53,134,264
178,Jason Hart,26,CHA,74,27,1887,257,573,.449,35,95,.368,157,200,.785,18,185,203,367,99,14,102,167,706
179,Donnell Harvey,24,NJN,3,0,16,2,2,1.000,0,0,,4,4,1.000,2,5,7,1,1,1,1,2,8
180,Udonis Haslem,24,MIA,80,80,2675,346,641,.540,0,4,.000,178,225,.791,239,487,726,108,63,41,113,260,870
Rk,Player,Age,Tm,G,GS,MP,FG,FGA,FG%,3P,3PA,3P%,FT,FTA,FT%,ORB,DRB,TRB,AST,STL,BLK,TOV,PF,PTS
181,Trenton Hassell,25,MIN,82,51,2068,225,475,.474,1,11,.091,90,114,.789,80,139,219,128,30,30,64,200,541
182,Jarvis Hayes,23,WAS,54,22,1560,206,530,.389,42,123,.341,99,118,.839,41,186,227,90,49,9,62,107,553
183,Brendan Haywood,25,WAS,68,68,1865,239,427,.560,0,0,,159,261,.609,202,262,464,57,52,114,96,218,637
184,Alan Henderson,32,DAL,78,10,1203,116,220,.527,0,2,.000,41,76,.539,164,184,348,21,29,37,49,149,273
185,Nene Hilario,22,DEN,55,18,1317,194,386,.503,0,2,.000,140,212,.660,104,221,325,84,50,48,94,167,528
186,Grant Hill,32,ORL,67,67,2338,517,1015,.509,3,13,.231,280,341,.821,77,241,318,220,97,28,161,144,1317
187,Kirk Hinrich,24,CHI,77,77,2800,445,1122,.397,145,408,.355,171,216,.792,32,272,304,494,122,21,176,244,1206
188,Fred Hoiberg,32,MIN,76,0,1272,139,284,.489,70,145,.483,89,102,.873,32,149,181,85,50,15,20,105,437
189,Robert Horry,34,SAS,75,16,1396,157,375,.419,51,138,.370,86,109,.789,91,177,268,80,67,60,69,138,451
190,Eddie House,26,TOT,68,7,891,165,366,.451,44,97,.454,23,27,.852,16,67,83,96,44,6,35,65,397
190,Eddie House,26,CHA,13,5,300,61,135,.452,12,29,.414,10,13,.769,2,17,19,24,24,3,13,23,144
190,Eddie House,26,MIL,5,0,41,6,17,.353,4,6,.667,0,0,,0,3,3,5,2,0,0,3,16
190,Eddie House,26,SAC,50,2,550,98,214,.458,28,62,.452,13,14,.929,14,47,61,67,18,3,22,39,237
191,Allan Houston,33,NYK,20,11,532,85,205,.415,31,80,.388,36,43,.837,4,19,23,42,8,2,21,40,237
192,Dwight Howard,19,ORL,82,82,2670,352,677,.520,0,2,.000,277,413,.671,287,536,823,75,77,136,165,232,981
193,Josh Howard,24,DAL,76,76,2446,377,793,.475,34,115,.296,170,232,.733,169,315,484,109,116,49,122,211,958
194,Juwan Howard,31,HOU,61,47,1624,244,541,.451,0,1,.000,97,115,.843,126,220,346,94,32,5,79,143,585
195,Troy Hudson,28,MIN,79,32,1729,266,664,.401,89,258,.345,70,90,.778,19,86,105,283,27,6,113,121,691
196,Larry Hughes,26,WAS,61,61,2358,467,1086,.430,59,209,.282,352,453,.777,74,308,382,285,176,18,153,168,1345
197,Ryan Humphrey,25,MEM,35,0,317,42,103,.408,0,2,.000,18,37,.486,50,37,87,6,10,1,23,35,102
198,Kris Humphries,19,UTA,67,4,873,116,287,.404,2,6,.333,44,101,.436,73,124,197,43,25,18,52,96,278
199,Brandon Hunter,24,ORL,31,0,224,37,73,.507,0,0,,21,39,.538,25,44,69,3,4,7,22,42,95
200,Lindsey Hunter,34,DET,76,3,1144,108,302,.358,23,84,.274,46,58,.793,38,85,123,130,68,13,68,125,285
Rk,Player,Age,Tm,G,GS,MP,FG,FGA,FG%,3P,3PA,3P%,FT,FTA,FT%,ORB,DRB,TRB,AST,STL,BLK,TOV,PF,PTS
201,Steven Hunter,23,PHO,76,3,1046,135,220,.614,0,1,.000,78,163,.479,98,129,227,13,4,102,44,131,348
202,Andre Iguodala,21,PHI,82,82,2686,269,546,.493,47,142,.331,156,210,.743,89,375,464,246,138,48,139,204,741
203,Zydrunas Ilgauskas,29,CLE,78,78,2615,458,979,.468,2,7,.286,402,503,.799,299,373,672,100,53,165,191,313,1320
204,Didier Ilunga-Mbenga,24,DAL,15,1,58,6,14,.429,0,0,,3,4,.750,3,5,8,0,0,5,5,13,15
205,Allen Iverson,29,PHI,75,75,3174,771,1818,.424,104,338,.308,656,786,.835,51,248,299,596,180,9,344,140,2302
206,Royal Ivey,23,ATL,62,5,809,85,198,.429,3,9,.333,47,67,.701,19,65,84,103,39,7,58,140,220
207,Bobby Jackson,31,SAC,25,0,536,109,255,.427,33,96,.344,50,58,.862,23,62,85,59,14,2,28,58,301
208,Jermaine Jackson,28,NYK,21,0,230,17,33,.515,0,2,.000,8,13,.615,3,20,23,24,7,1,10,26,42
209,Jim Jackson,34,TOT,64,27,1987,248,582,.426,122,295,.414,54,58,.931,33,236,269,183,35,5,115,153,672
209,Jim Jackson,34,HOU,24,24,990,118,283,.417,54,147,.367,30,33,.909,10,105,115,86,23,1,56,67,320
209,Jim Jackson,34,PHO,40,3,997,130,299,.435,68,148,.459,24,25,.960,23,131,154,97,12,4,59,86,352
210,Luke Jackson,23,CLE,10,0,43,10,27,.370,4,6,.667,5,6,.833,2,4,6,3,0,0,2,4,29
211,Marc Jackson,30,PHI,81,23,1976,340,731,.465,0,2,.000,289,349,.828,184,222,406,81,32,18,131,171,969
212,Stephen Jackson,26,IND,51,49,1806,330,819,.403,103,286,.360,190,229,.830,44,206,250,119,64,14,123,154,953
213,Casey Jacobsen,23,TOT,84,1,1798,165,408,.404,66,177,.373,151,192,.786,35,132,167,113,33,8,71,104,547
213,Casey Jacobsen,23,PHO,40,0,768,65,157,.414,34,89,.382,48,62,.774,17,50,67,37,11,1,27,56,212
213,Casey Jacobsen,23,NOH,44,1,1030,100,251,.398,32,88,.364,103,130,.792,18,82,100,76,22,7,44,48,335
214,Jerome James,29,SEA,80,80,1330,174,342,.509,0,2,.000,47,65,.723,81,160,241,19,23,111,88,279,395
215,LeBron James,20,CLE,80,80,3388,795,1684,.472,108,308,.351,477,636,.750,111,477,588,577,177,52,262,146,2175
216,Mike James,29,TOT,74,5,1859,331,751,.441,100,259,.386,109,145,.752,35,173,208,263,65,6,106,174,871
216,Mike James,29,MIL,47,0,1167,205,460,.446,58,152,.382,67,90,.744,23,99,122,185,40,4,80,114,535
216,Mike James,29,HOU,27,5,692,126,291,.433,42,107,.393,42,55,.764,12,74,86,78,25,2,26,60,336
217,Antawn Jamison,28,WAS,68,68,2605,519,1189,.437,71,208,.341,225,296,.760,160,359,519,154,55,16,118,151,1334
218,Marko Jaric,26,LAC,50,41,1656,189,457,.414,56,151,.371,59,82,.720,20,141,161,303,84,17,98,107,493
219,Al Jefferson,20,BOS,71,1,1051,195,369,.528,0,3,.000,85,135,.630,119,193,312,24,22,55,66,195,475
220,Richard Jefferson,24,NJN,33,33,1355,238,564,.422,30,89,.337,227,269,.844,49,191,240,133,33,17,132,109,733
Rk,Player,Age,Tm,G,GS,MP,FG,FGA,FG%,3P,3PA,3P%,FT,FTA,FT%,ORB,DRB,TRB,AST,STL,BLK,TOV,PF,PTS
221,Jared Jeffries,23,WAS,77,71,2007,203,434,.468,16,51,.314,101,173,.584,152,222,374,151,66,35,114,206,523
222,Horace Jenkins,30,DET,15,0,104,15,45,.333,0,9,.000,12,13,.923,3,6,9,9,5,1,7,6,42
223,Britton Johnsen,25,IND,6,1,87,6,22,.273,0,4,.000,0,0,,5,5,10,4,1,0,3,10,12
224,Anthony Johnson,30,IND,63,36,1747,203,456,.445,41,108,.380,85,113,.752,32,147,179,302,59,15,96,144,532
225,DerMarr Johnson,24,DEN,71,40,1232,185,371,.499,53,148,.358,80,101,.792,43,108,151,75,43,18,65,140,503
226,Ervin Johnson,37,MIN,46,23,410,28,54,.519,1,1,1.000,16,25,.640,43,70,113,6,7,13,18,86,73
227,Joe Johnson,23,PHO,82,82,3240,544,1179,.461,177,370,.478,135,180,.750,120,302,422,291,79,24,148,167,1400
228,Linton Johnson,24,SAS,2,0,15,0,2,.000,0,1,.000,0,0,,0,3,3,0,1,0,1,1,0
229,Dahntay Jones,24,MEM,52,7,649,83,190,.437,23,60,.383,44,64,.688,11,58,69,21,13,11,29,81,233
230,Damon Jones,28,MIA,82,66,2576,331,726,.456,225,521,.432,68,86,.791,14,217,231,350,44,5,98,121,955
231,Eddie Jones,33,MIA,80,80,2839,351,820,.428,142,382,.372,174,216,.806,38,367,405,212,86,38,99,251,1018
232,Fred Jones,25,IND,77,14,2268,275,647,.425,87,229,.380,176,207,.850,34,208,242,196,61,31,114,171,813
233,James Jones,24,IND,75,24,1330,126,318,.396,66,166,.398,53,62,.855,39,135,174,57,31,28,43,123,371
234,Jumaine Jones,25,LAL,76,23,1830,210,486,.432,102,261,.391,55,75,.733,107,291,398,65,44,24,49,165,577
235,Mark Jones,29,ORL,10,0,116,9,31,.290,0,4,.000,5,10,.500,6,7,13,6,5,2,3,16,23
236,Chris Kaman,22,LAC,63,50,1632,246,495,.497,0,1,.000,80,121,.661,135,288,423,73,26,68,115,182,572
237,Jason Kapono,23,CHA,81,14,1491,269,671,.401,80,194,.412,70,85,.824,32,132,164,61,40,6,46,132,688
238,Mario Kasun,24,ORL,45,0,356,47,98,.480,0,1,.000,24,43,.558,52,76,128,8,8,13,26,86,118
239,Viktor Khryapa,22,POR,32,5,523,54,124,.435,4,11,.364,23,42,.548,28,80,108,25,20,18,33,80,135
240,Jason Kidd,31,NJN,66,65,2435,340,855,.398,129,358,.360,142,192,.740,94,394,488,545,123,9,167,110,951
Rk,Player,Age,Tm,G,GS,MP,FG,FGA,FG%,3P,3PA,3P%,FT,FTA,FT%,ORB,DRB,TRB,AST,STL,BLK,TOV,PF,PTS
241,Andrei Kirilenko,23,UTA,41,37,1349,207,420,.493,23,77,.299,203,259,.784,89,166,255,132,67,136,90,101,640
242,Kerry Kittles,30,LAC,11,0,243,28,73,.384,7,21,.333,6,10,.600,1,31,32,20,8,3,7,12,69
243,Brandin Knight,23,HOU,1,0,3,0,1,.000,0,0,,0,0,,0,0,0,1,0,0,0,0,0
244,Brevin Knight,29,CHA,66,61,1944,248,587,.422,3,20,.150,167,196,.852,21,149,170,591,131,5,147,192,666
245,Kyle Korver,23,PHI,82,57,2667,317,759,.418,226,558,.405,82,96,.854,40,339,379,182,103,33,106,265,942
246,Nenad Krstic,21,NJN,75,57,1965,281,570,.493,0,2,.000,185,255,.725,161,240,401,77,32,63,112,280,747
247,Toni Kukoc,36,MIL,53,6,1099,105,256,.410,42,116,.362,44,61,.721,31,129,160,160,39,13,64,70,296
248,Ibo Kutluay,30,SEA,5,0,12,0,1,.000,0,0,,0,0,,0,1,1,0,0,0,2,1,0
249,Christian Laettner,35,MIA,49,0,739,107,184,.582,1,7,.143,45,59,.763,36,95,131,41,32,15,29,78,260
250,Raef LaFrentz,28,BOS,80,80,2196,341,688,.496,82,225,.364,120,148,.811,154,399,553,98,42,99,70,262,884
251,Maciej Lampe,19,TOT,37,0,380,49,132,.371,2,4,.500,15,22,.682,24,65,89,11,5,7,17,51,115
251,Maciej Lampe,19,PHO,16,0,119,17,49,.347,2,3,.667,8,12,.667,9,23,32,1,1,2,10,20,44
251,Maciej Lampe,19,NOH,21,0,261,32,83,.386,0,1,.000,7,10,.700,15,42,57,10,4,5,7,31,71
252,Voshon Lenard,31,DEN,3,1,54,10,26,.385,4,12,.333,5,8,.625,0,6,6,6,1,0,2,2,29
253,Rashard Lewis,25,SEA,71,71,2697,532,1151,.462,173,432,.400,220,283,.777,110,278,388,94,75,62,123,158,1457
254,Randy Livingston,29,UTA,17,4,227,22,52,.423,5,8,.625,15,17,.882,3,9,12,45,12,2,14,28,64
255,Shaun Livingston,19,LAC,30,15,814,89,215,.414,0,2,.000,44,59,.746,22,67,89,151,32,11,75,82,222
256,Raul Lopez,24,UTA,31,15,518,57,135,.422,20,45,.444,27,33,.818,7,32,39,123,22,3,47,78,161
257,Tyronn Lue,27,TOT,70,49,2007,295,654,.451,55,155,.355,142,165,.861,14,135,149,322,33,0,105,168,787
257,Tyronn Lue,27,HOU,21,3,479,48,122,.393,15,45,.333,14,18,.778,0,40,40,58,8,0,24,48,125
257,Tyronn Lue,27,ATL,49,46,1528,247,532,.464,40,110,.364,128,147,.871,14,95,109,264,25,0,81,120,662
258,George Lynch,34,NOH,44,27,933,68,189,.360,11,37,.297,17,23,.739,55,119,174,88,32,12,57,83,164
259,Mark Madsen,29,MIN,41,14,601,34,66,.515,0,0,,20,40,.500,63,65,128,18,7,14,24,103,88
260,Corey Maggette,25,LAC,66,60,2436,425,986,.431,51,168,.304,563,657,.857,70,324,394,225,70,8,195,191,1464
Rk,Player,Age,Tm,G,GS,MP,FG,FGA,FG%,3P,3PA,3P%,FT,FTA,FT%,ORB,DRB,TRB,AST,STL,BLK,TOV,PF,PTS
261,Jamaal Magloire,26,NOH,23,22,703,98,227,.432,0,0,,74,123,.602,79,126,205,29,8,23,59,74,270
262,Stephon Marbury,27,NYK,82,82,3281,604,1308,.462,115,325,.354,458,549,.834,50,198,248,668,122,6,233,186,1781
263,Shawn Marion,26,PHO,81,81,3146,613,1289,.476,114,341,.334,229,275,.833,235,680,915,154,163,119,125,199,1569
264,Sean Marks,29,SAS,23,0,244,27,80,.338,0,3,.000,22,28,.786,18,38,56,8,3,11,14,29,76
265,Donyell Marshall,31,TOR,65,2,1645,262,592,.443,151,363,.416,72,91,.791,95,333,428,81,57,46,42,136,747
266,Darrick Martin,33,LAC,11,0,190,16,50,.320,5,18,.278,5,8,.625,3,7,10,28,6,0,6,19,42
267,Kenyon Martin,27,DEN,70,67,2272,444,907,.490,0,12,.000,199,308,.646,146,365,511,170,100,78,149,228,1087
268,Kevin Martin,21,SAC,45,0,455,45,117,.385,5,25,.200,36,55,.655,29,29,58,22,16,3,24,35,131
269,Desmond Mason,27,MIL,80,71,2893,478,1079,.443,1,8,.125,420,524,.802,85,227,312,217,58,27,164,198,1377
270,Tony Massenburg,37,SAS,61,6,699,74,182,.407,0,0,,48,63,.762,54,109,163,14,18,20,40,122,196
271,Walter McCarty,30,TOT,72,0,906,95,235,.404,55,155,.355,15,29,.517,29,109,138,37,25,15,36,144,260
271,Walter McCarty,30,BOS,44,0,553,62,150,.413,30,90,.333,8,15,.533,21,56,77,26,15,9,17,85,162
271,Walter McCarty,30,PHO,28,0,353,33,85,.388,25,65,.385,7,14,.500,8,53,61,11,10,6,19,59,98
272,Jelani McCoy,27,ATL,10,0,88,7,13,.538,0,0,,1,5,.200,7,14,21,0,3,8,6,24,15
273,Antonio McDyess,30,DET,77,8,1797,307,598,.513,0,1,.000,126,192,.656,177,305,482,71,46,52,93,204,740
274,Tracy McGrady,25,HOU,78,78,3182,715,1660,.431,142,435,.326,431,557,.774,71,413,484,448,135,52,201,167,2003
275,Jeff McInnis,30,CLE,76,69,2651,377,915,.412,91,264,.345,130,160,.813,32,125,157,391,56,1,117,177,975
276,Aaron McKie,32,PHI,68,3,1118,61,142,.430,20,62,.323,10,16,.625,20,152,172,103,48,17,31,116,152
277,Keith McLeod,25,UTA,53,47,1382,143,408,.350,18,72,.250,112,146,.767,20,93,113,236,63,12,99,138,416
278,Stanislav Medvedenko,25,LAL,43,4,423,71,156,.455,0,1,.000,23,28,.821,31,48,79,13,9,2,13,64,165
279,Ron Mercer,28,NJN,18,3,390,65,158,.411,0,3,.000,7,10,.700,9,31,40,20,16,2,14,20,137
280,Chris Mihm,25,LAL,75,75,1870,280,552,.507,0,2,.000,175,258,.678,197,305,502,50,14,108,110,237,735
Rk,Player,Age,Tm,G,GS,MP,FG,FGA,FG%,3P,3PA,3P%,FT,FTA,FT%,ORB,DRB,TRB,AST,STL,BLK,TOV,PF,PTS
281,Darius Miles,23,POR,63,22,1699,336,697,.482,8,23,.348,129,215,.600,71,228,299,129,75,78,157,189,809
282,Darko Milicic,19,DET,37,2,254,25,76,.329,0,0,,17,24,.708,3,40,43,7,2,17,16,31,67
283,Andre Miller,28,DEN,82,82,2852,427,895,.477,6,39,.154,253,302,.838,100,238,338,569,121,8,220,204,1113
284,Anthony Miller,33,ATL,2,0,9,2,3,.667,0,0,,0,0,,0,1,1,1,1,0,1,2,4
285,Brad Miller,28,SAC,56,56,2089,319,609,.524,5,19,.263,233,287,.812,139,382,521,220,69,68,82,181,876
286,Mike Miller,24,MEM,76,51,2278,387,766,.505,140,323,.433,108,150,.720,36,264,300,220,54,23,127,197,1022
287,Reggie Miller*,39,IND,66,66,2105,314,719,.437,96,298,.322,250,268,.933,18,138,156,146,50,5,77,109,974
288,Yao Ming,24,HOU,80,80,2447,538,975,.552,0,0,,389,497,.783,208,461,669,61,34,160,196,298,1465
289,Cuttino Mobley,29,TOT,66,64,2388,408,932,.438,150,342,.439,168,205,.820,45,184,229,188,74,30,133,152,1134
289,Cuttino Mobley,29,ORL,23,21,726,128,296,.432,58,125,.464,55,69,.797,11,52,63,42,23,9,41,49,369
289,Cuttino Mobley,29,SAC,43,43,1662,280,636,.440,92,217,.424,113,136,.831,34,132,166,146,51,21,92,103,765
290,Nazr Mohammed,27,TOT,77,59,1933,289,602,.480,0,1,.000,153,227,.674,247,339,586,34,58,86,108,236,731
290,Nazr Mohammed,27,NYK,54,54,1519,234,460,.509,0,1,.000,121,171,.708,169,270,439,26,53,53,81,172,589
290,Nazr Mohammed,27,SAS,23,5,414,55,142,.387,0,0,,32,56,.571,78,69,147,8,5,33,27,64,142
291,Jerome Moiso,26,TOT,20,1,120,9,18,.500,0,1,.000,10,13,.769,10,27,37,1,3,6,7,13,28
291,Jerome Moiso,26,TOR,8,1,69,3,9,.333,0,1,.000,8,9,.889,6,17,23,0,2,3,6,7,14
291,Jerome Moiso,26,NJN,8,0,24,3,4,.750,0,0,,2,4,.500,3,4,7,0,0,1,1,2,8
291,Jerome Moiso,26,CLE,4,0,27,3,5,.600,0,0,,0,0,,1,6,7,1,1,2,0,4,6
292,Mikki Moore,29,LAC,74,4,1178,144,287,.502,1,5,.200,107,136,.787,97,149,246,47,19,32,63,173,396
293,Alonzo Mourning,34,TOT,37,17,702,100,212,.472,0,0,,82,141,.582,53,145,198,18,8,74,57,82,282
293,Alonzo Mourning,34,NJN,18,14,457,68,150,.453,0,0,,51,86,.593,31,96,127,14,5,41,45,50,187
293,Alonzo Mourning,34,MIA,19,3,245,32,62,.516,0,0,,31,55,.564,22,49,71,4,3,33,12,32,95
294,Troy Murphy,24,GSW,70,69,2375,392,947,.414,59,148,.399,233,319,.730,251,505,756,97,53,33,108,190,1076
295,Lamond Murray,31,TOR,62,1,918,132,310,.426,46,105,.438,61,80,.763,44,120,164,47,32,16,54,85,371
296,Ronald Murray,25,SEA,49,6,883,131,363,.361,24,95,.253,59,80,.738,15,83,98,65,30,11,57,59,345
297,Dikembe Mutombo,38,HOU,80,2,1212,108,217,.498,0,0,,106,143,.741,150,276,426,10,16,101,51,135,322
298,Mamadou N'Diaye,29,LAC,11,0,72,8,20,.400,0,1,.000,4,7,.571,9,9,18,1,1,5,0,20,20
299,Bostjan Nachbar,24,TOT,71,6,1341,161,411,.392,75,196,.383,97,117,.829,24,158,182,74,29,16,73,183,494
299,Bostjan Nachbar,24,HOU,16,2,204,15,43,.349,10,21,.476,9,12,.750,4,26,30,9,1,0,5,30,49
299,Bostjan Nachbar,24,NOH,55,4,1137,146,368,.397,65,175,.371,88,105,.838,20,132,152,65,28,16,68,153,445
300,Lee Nailon,29,NOH,68,51,2017,415,869,.478,0,2,.000,133,165,.806,128,170,298,109,36,16,110,190,963
Rk,Player,Age,Tm,G,GS,MP,FG,FGA,FG%,3P,3PA,3P%,FT,FTA,FT%,ORB,DRB,TRB,AST,STL,BLK,TOV,PF,PTS
301,Eduardo Najera,28,TOT,68,4,1185,145,322,.450,6,21,.286,58,91,.637,102,141,243,65,41,24,61,148,354
301,Eduardo Najera,28,GSW,42,4,610,70,172,.407,6,15,.400,29,45,.644,53,65,118,37,18,10,32,71,175
301,Eduardo Najera,28,DEN,26,0,575,75,150,.500,0,6,.000,29,46,.630,49,76,125,28,23,14,29,77,179
302,Steve Nash,30,PHO,75,75,2573,430,857,.502,94,218,.431,211,238,.887,57,192,249,861,74,6,245,136,1165
303,Jameer Nelson,22,ORL,79,21,1612,286,628,.455,44,141,.312,73,107,.682,52,141,193,237,78,3,117,199,689
304,Rasho Nesterovic,28,SAS,70,70,1785,198,430,.460,0,0,,14,30,.467,184,275,459,71,31,117,73,207,410
305,Ira Newble,30,CLE,74,69,1832,182,424,.429,19,53,.358,55,69,.797,78,142,220,91,50,18,61,144,438
306,Andres Nocioni,25,CHI,81,38,1892,241,601,.401,25,97,.258,170,222,.766,69,317,386,122,37,34,135,208,677
307,Moochie Norris,31,TOT,38,0,360,35,109,.321,0,12,.000,20,24,.833,10,36,46,39,18,2,27,44,90
307,Moochie Norris,31,NYK,32,0,321,32,93,.344,0,12,.000,18,22,.818,9,33,42,34,17,2,25,42,82
307,Moochie Norris,31,HOU,6,0,39,3,16,.188,0,0,,2,2,1.000,1,3,4,5,1,0,2,2,8
308,Dirk Nowitzki,26,DAL,78,78,3020,663,1445,.459,91,228,.399,615,708,.869,96,661,757,240,97,119,176,219,2032
309,Jermaine O'Neal,26,IND,44,41,1530,386,854,.452,1,6,.167,295,391,.754,85,303,388,82,25,88,131,173,1068
310,Shaquille O'Neal,32,MIA,73,73,2492,658,1095,.601,0,0,,353,765,.461,253,507,760,200,36,171,203,262,1669
311,Lamar Odom,25,LAL,64,64,2320,366,774,.473,36,117,.308,207,298,.695,134,519,653,238,42,65,161,211,975
312,Emeka Okafor,22,CHA,73,73,2600,448,1003,.447,0,1,.000,209,343,.609,275,520,795,64,62,125,125,214,1105
313,Mehmet Okur,25,UTA,82,25,2304,354,756,.468,17,63,.270,329,387,.850,194,422,616,166,32,68,141,227,1054
314,Kevin Ollie,32,PHI,26,0,158,11,31,.355,0,0,,6,9,.667,3,16,19,19,5,0,6,16,28
315,Michael Olowokandi,29,MIN,62,34,1215,161,353,.456,0,0,,46,69,.667,106,218,324,29,15,56,68,193,368
316,Greg Ostertag,31,SAC,56,3,556,37,84,.440,0,2,.000,13,38,.342,55,112,167,37,7,40,24,88,87
317,Bo Outlaw,33,PHO,39,0,214,12,34,.353,0,0,,5,9,.556,16,37,53,13,6,12,8,29,29
318,Travis Outlaw,20,POR,59,2,793,133,267,.498,4,10,.400,49,75,.653,40,81,121,35,30,40,39,77,319
319,Zaza Pachulia,20,MIL,74,4,1397,160,354,.452,0,1,.000,138,185,.746,131,247,378,60,44,34,70,166,458
320,Scott Padgett,28,HOU,66,0,942,98,233,.421,50,126,.397,29,40,.725,47,138,185,55,33,10,30,119,275
Rk,Player,Age,Tm,G,GS,MP,FG,FGA,FG%,3P,3PA,3P%,FT,FTA,FT%,ORB,DRB,TRB,AST,STL,BLK,TOV,PF,PTS
321,Milt Palacio,26,TOR,80,4,1533,175,392,.446,2,12,.167,115,155,.742,26,108,134,279,48,13,104,126,467
322,Jannero Pargo,25,CHI,32,0,453,82,213,.385,23,66,.348,17,23,.739,12,35,47,76,16,1,45,53,204
323,Smush Parker,23,TOT,16,1,144,18,43,.419,3,13,.231,9,13,.692,4,8,12,15,5,0,19,16,48
323,Smush Parker,23,DET,11,1,110,11,28,.393,2,9,.222,9,13,.692,2,7,9,11,3,0,10,13,33
323,Smush Parker,23,PHO,5,0,34,7,15,.467,1,4,.250,0,0,,2,1,3,4,2,0,9,3,15
324,Tony Parker,22,SAS,80,80,2735,539,1118,.482,43,156,.276,210,323,.650,47,251,298,491,98,4,215,167,1331
325,Ruben Patterson,29,POR,70,36,1957,319,601,.531,2,25,.080,169,282,.599,126,147,273,138,106,21,143,164,809
326,Sasha Pavlovic,21,CLE,65,9,862,120,276,.435,30,78,.385,44,64,.688,15,56,71,49,29,4,47,121,314
327,Gary Payton,36,BOS,77,77,2541,339,725,.468,42,129,.326,153,201,.761,48,188,236,469,88,12,148,121,873
328,Anthony Peeler,35,WAS,40,0,529,56,150,.373,25,65,.385,16,18,.889,14,51,65,57,18,2,28,39,153
329,Kirk Penney,24,LAC,4,0,12,1,3,.333,0,1,.000,0,0,,0,1,1,1,0,0,2,0,2
330,Kendrick Perkins,20,BOS,60,3,548,56,119,.471,0,0,,37,58,.638,53,123,176,21,9,37,43,98,149
331,Wesley Person,33,TOT,41,3,667,107,226,.473,41,89,.461,9,13,.692,3,80,83,39,19,4,17,30,264
331,Wesley Person,33,MIA,16,3,206,25,57,.439,8,21,.381,4,4,1.000,1,21,22,11,6,0,7,6,62
331,Wesley Person,33,DEN,25,0,461,82,169,.485,33,68,.485,5,9,.556,2,59,61,28,13,4,10,24,202
332,Morris Peterson,27,TOR,82,61,2510,356,848,.420,129,335,.385,188,226,.832,71,269,340,169,91,18,93,219,1029
333,Eric Piatkowski,34,CHI,68,11,841,111,258,.430,57,134,.425,45,56,.804,15,64,79,51,29,1,37,67,324
334,Paul Pierce,27,BOS,82,82,2960,556,1223,.455,108,292,.370,549,668,.822,78,461,539,348,133,39,230,255,1769
335,Mickael Pietrus,22,GSW,67,3,1340,214,501,.427,67,195,.344,141,202,.698,65,124,189,82,46,18,92,139,636
336,Zoran Planinic,22,NJN,43,8,515,78,174,.448,15,40,.375,46,66,.697,19,50,69,44,25,0,41,76,217
337,Pavel Podkolzin,20,DAL,5,0,10,0,0,,0,0,,1,2,.500,0,2,2,0,0,0,2,4,1
338,Scot Pollard,29,IND,49,17,865,79,167,.473,0,0,,33,49,.673,85,120,205,18,30,24,31,123,191
339,Mark Pope,32,DEN,9,0,27,2,6,.333,0,0,,0,0,,5,3,8,1,1,2,1,5,4
340,James Posey,28,MEM,50,18,1382,127,356,.357,55,178,.309,96,111,.865,45,174,219,88,48,23,69,134,405
Rk,Player,Age,Tm,G,GS,MP,FG,FGA,FG%,3P,3PA,3P%,FT,FTA,FT%,ORB,DRB,TRB,AST,STL,BLK,TOV,PF,PTS
341,Vitaly Potapenko,29,SEA,33,1,335,45,87,.517,0,1,.000,27,31,.871,30,48,78,9,7,3,12,53,117
342,Tayshaun Prince,24,DET,82,82,3039,469,963,.487,47,138,.341,221,274,.807,133,302,435,247,56,71,135,161,1206
343,Laron Profit,27,WAS,42,4,428,56,128,.438,8,28,.286,16,25,.640,24,52,76,37,16,5,27,44,136
344,Joel Przybilla,25,POR,76,50,1858,199,333,.598,0,0,,90,174,.517,178,410,588,74,24,163,98,239,488
345,Vladimir Radmanovic,24,SEA,63,0,1856,266,650,.409,128,329,.389,81,103,.786,52,237,289,86,57,31,80,172,741
346,Aleksandar Radojevic,28,UTA,12,6,128,6,19,.316,0,0,,7,10,.700,9,19,28,6,0,2,15,32,19
347,Peter John Ramos,19,WAS,6,0,20,5,10,.500,0,0,,1,2,.500,1,3,4,0,0,1,3,4,11
348,Zach Randolph,23,POR,46,37,1603,332,741,.448,0,6,.000,207,254,.815,142,300,442,86,34,17,112,112,871
349,Theo Ratliff,31,POR,63,45,1731,115,257,.447,0,0,,74,107,.692,111,220,331,34,23,158,56,183,304
350,Zeljko Rebraca,32,LAC,58,2,928,133,234,.568,0,0,,73,85,.859,49,135,184,26,13,40,49,130,339
351,Michael Redd,25,MIL,75,75,2848,625,1418,.441,104,293,.355,369,432,.854,72,240,312,172,63,8,133,152,1723
352,Justin Reed,23,BOS,23,0,121,15,29,.517,0,3,.000,11,15,.733,8,8,16,10,3,1,5,12,41
353,Jared Reiner,22,CHI,19,2,132,10,30,.333,0,0,,1,4,.250,13,25,38,1,3,7,9,35,21
354,Jason Richardson,24,GSW,72,72,2724,610,1368,.446,125,370,.338,214,309,.693,125,299,424,281,105,32,169,156,1559
355,Quentin Richardson,24,PHO,79,78,2839,407,1045,.389,226,631,.358,136,184,.739,91,388,479,158,96,27,102,197,1176
356,Luke Ridnour,23,SEA,82,82,2571,299,739,.405,67,178,.376,159,180,.883,55,149,204,483,94,23,149,185,824
357,Bernard Robinson,24,CHA,31,1,328,36,81,.444,3,8,.375,18,26,.692,14,34,48,30,11,4,20,42,93
358,Clifford Robinson,38,TOT,71,29,1689,202,523,.386,67,193,.347,62,97,.639,54,155,209,104,62,53,66,181,533
358,Clifford Robinson,38,GSW,42,29,1090,141,354,.398,42,127,.331,35,58,.603,31,83,114,74,44,39,41,107,359
358,Clifford Robinson,38,NJN,29,0,599,61,169,.361,25,66,.379,27,39,.692,23,72,95,30,18,14,25,74,174
359,Glenn Robinson,32,SAS,9,0,157,34,77,.442,2,6,.333,20,23,.870,4,20,24,8,4,3,7,19,90
360,Rodney Rogers,33,TOT,58,33,1367,172,450,.382,48,168,.286,52,70,.743,61,185,246,86,41,20,86,172,444
360,Rodney Rogers,33,NOH,30,26,882,109,289,.377,25,92,.272,32,42,.762,28,114,142,60,19,12,66,103,275
360,Rodney Rogers,33,PHI,28,7,485,63,161,.391,23,76,.303,20,28,.714,33,71,104,26,22,8,20,69,169
Rk,Player,Age,Tm,G,GS,MP,FG,FGA,FG%,3P,3PA,3P%,FT,FTA,FT%,ORB,DRB,TRB,AST,STL,BLK,TOV,PF,PTS
361,Jalen Rose,32,TOR,81,65,2710,527,1159,.455,108,274,.394,333,390,.854,44,232,276,209,63,10,180,190,1495
362,Malik Rose,30,TOT,76,5,1475,198,441,.449,1,10,.100,137,186,.737,129,212,341,59,46,16,102,208,534
362,Malik Rose,30,SAS,50,1,862,124,267,.464,0,4,.000,69,99,.697,95,132,227,41,31,9,56,124,317
362,Malik Rose,30,NYK,26,4,613,74,174,.425,1,6,.167,68,87,.782,34,80,114,18,15,7,46,84,217
363,Quinton Ross,23,LAC,78,19,1659,161,373,.432,1,4,.250,74,110,.673,59,151,210,109,51,22,54,165,397
364,Michael Ruffin,28,WAS,79,7,1262,41,99,.414,0,1,.000,29,67,.433,157,175,332,64,43,41,44,193,111
365,Kareem Rush,24,TOT,48,22,968,157,406,.387,51,137,.372,37,48,.771,20,69,89,68,20,7,47,74,402
365,Kareem Rush,24,LAL,14,0,91,4,20,.200,2,10,.200,2,2,1.000,3,7,10,3,2,1,3,7,12
365,Kareem Rush,24,CHA,34,22,877,153,386,.396,49,127,.386,35,46,.761,17,62,79,65,18,6,44,67,390
366,Bryon Russell,34,DEN,70,2,1026,95,252,.377,56,149,.376,61,77,.792,50,122,172,72,44,11,35,130,307
367,John Salmons,25,PHI,58,8,993,85,210,.405,31,91,.341,35,48,.729,12,109,121,114,40,13,51,92,236
368,Jamal Sampson,21,CHA,23,0,329,28,62,.452,0,0,,23,39,.590,36,86,122,8,4,17,17,53,79
369,Daniel Santiago,28,MIL,11,0,105,7,21,.333,0,0,,8,11,.727,6,13,19,1,3,4,4,28,22
370,Brian Scalabrine,26,NJN,54,14,1167,132,332,.398,22,68,.324,53,69,.768,83,161,244,88,34,18,66,111,339
371,Ansu Sesay,28,GSW,16,0,128,17,42,.405,2,8,.250,13,24,.542,18,20,38,12,2,3,8,16,49
372,Ha Seung-Jin,19,POR,19,0,104,10,23,.435,0,0,,6,11,.545,6,12,18,2,1,5,12,21,26
373,Paul Shirley,27,PHO,9,0,30,5,11,.455,0,0,,2,4,.500,1,1,2,3,0,0,1,3,12
374,Bobby Simmons,24,LAC,75,74,2799,474,1017,.466,50,115,.435,231,273,.846,128,318,446,205,106,16,135,227,1229
375,Brian Skinner,28,TOT,49,23,941,104,205,.507,0,1,.000,25,70,.357,107,173,280,43,31,49,40,102,233
375,Brian Skinner,28,PHI,24,0,246,22,57,.386,0,1,.000,5,17,.294,23,39,62,5,5,6,13,29,49
375,Brian Skinner,28,SAC,25,23,695,82,148,.554,0,0,,20,53,.377,84,134,218,38,26,43,27,73,184
376,Tamar Slay,24,CHA,8,0,78,13,39,.333,2,12,.167,0,2,.000,6,8,14,3,5,0,8,20,28
377,Donta Smith,21,ATL,38,0,433,44,113,.389,6,22,.273,33,48,.688,19,33,52,39,23,5,25,50,127
378,J.R. Smith,19,NOH,76,56,1859,295,748,.394,81,281,.288,111,161,.689,39,113,152,142,55,11,109,135,782
379,Jabari Smith,27,NJN,45,2,648,62,148,.419,1,2,.500,41,55,.745,29,82,111,38,25,14,39,103,166
380,Joe Smith,29,MIL,74,73,2265,319,621,.514,0,1,.000,175,228,.768,179,362,541,67,43,38,79,222,813
Rk,Player,Age,Tm,G,GS,MP,FG,FGA,FG%,3P,3PA,3P%,FT,FTA,FT%,ORB,DRB,TRB,AST,STL,BLK,TOV,PF,PTS
381,Josh Smith,19,ATL,74,59,2050,274,602,.455,4,23,.174,163,237,.688,147,310,457,127,59,144,135,157,715
382,Steve Smith,35,TOT,50,1,750,102,248,.411,41,105,.390,69,80,.863,15,50,65,71,14,7,27,82,314
382,Steve Smith,35,CHA,37,1,636,93,218,.427,38,90,.422,67,77,.870,13,36,49,57,12,7,24,74,291
382,Steve Smith,35,MIA,13,0,114,9,30,.300,3,15,.200,2,3,.667,2,14,16,14,2,0,3,8,23
383,Theron Smith,24,CHA,33,5,510,44,136,.324,3,12,.250,14,16,.875,39,77,116,28,6,4,27,58,105
384,Eric Snow,31,CLE,81,15,1844,125,327,.382,13,45,.289,59,80,.738,37,118,155,317,67,16,89,189,322
385,Kirk Snyder,21,UTA,68,7,906,122,328,.372,30,85,.353,64,96,.667,50,71,121,36,26,19,58,116,338
386,Darius Songaila,26,SAC,81,21,1668,257,488,.527,0,3,.000,94,111,.847,125,219,344,114,51,18,70,206,608
387,Pape Sow,23,TOR,27,4,255,23,58,.397,0,0,,16,27,.593,18,39,57,2,12,4,10,46,62
388,Latrell Sprewell,34,MIN,80,79,2450,398,961,.414,69,211,.327,156,188,.830,65,189,254,179,53,21,127,124,1021
389,Jerry Stackhouse,30,DAL,56,7,1617,274,662,.414,32,120,.267,253,298,.849,38,145,183,127,53,10,106,104,833
390,DeShawn Stevenson,23,ORL,55,27,1089,174,426,.408,25,67,.373,56,101,.554,38,64,102,69,16,9,57,73,429
391,Michael Stewart,29,ATL,12,1,145,11,21,.524,0,0,,3,7,.429,21,19,40,5,6,5,6,32,25
392,Peja Stojakovic,27,SAC,66,66,2534,451,1016,.444,174,433,.402,253,275,.920,62,223,285,138,79,12,102,157,1329
393,Awvee Storey,27,NJN,9,0,32,3,10,.300,1,2,.500,1,2,.500,4,1,5,1,0,0,0,3,8
394,Damon Stoudamire,31,POR,81,70,2762,457,1165,.392,181,490,.369,182,199,.915,56,254,310,458,86,2,164,158,1277
395,Amare Stoudemire,22,PHO,80,80,2889,747,1336,.559,3,16,.188,583,795,.733,219,494,713,131,77,130,189,278,2080
396,Erick Strickland,31,MIL,62,5,1014,114,304,.375,21,83,.253,52,64,.813,11,92,103,115,30,1,64,103,301
397,Rod Strickland,38,HOU,16,2,196,9,43,.209,1,2,.500,9,10,.900,3,24,27,39,3,2,16,15,28
398,Bruno Sundov,24,NYK,21,0,73,11,37,.297,1,3,.333,2,2,1.000,6,7,13,2,2,2,6,16,25
399,Bob Sura,31,HOU,61,59,1922,215,504,.427,55,155,.355,141,188,.750,79,258,337,317,65,7,147,168,626
400,Mike Sweetney,22,NYK,77,28,1509,237,446,.531,0,1,.000,176,235,.749,169,249,418,44,27,28,108,224,650
Rk,Player,Age,Tm,G,GS,MP,FG,FGA,FG%,3P,3PA,3P%,FT,FTA,FT%,ORB,DRB,TRB,AST,STL,BLK,TOV,PF,PTS
401,Robert Swift,19,SEA,16,0,72,5,11,.455,0,0,,5,9,.556,1,4,5,2,1,7,4,16,15
402,Stromile Swift,25,MEM,60,14,1279,219,488,.449,0,4,.000,166,219,.758,92,181,273,43,41,92,90,182,604
403,Wally Szczerbiak,27,MIN,81,37,2558,465,919,.506,63,169,.373,260,304,.855,82,221,303,191,40,16,132,178,1253
404,Yuta Tabuse,24,PHO,4,0,17,1,6,.167,1,1,1.000,4,4,1.000,2,2,4,3,0,0,1,1,7
405,Maurice Taylor,28,TOT,65,16,1336,203,446,.455,3,9,.333,63,103,.612,67,190,257,67,27,20,94,180,472
405,Maurice Taylor,28,HOU,38,16,905,127,292,.435,3,8,.375,39,60,.650,41,123,164,53,16,12,63,123,296
405,Maurice Taylor,28,NYK,27,0,431,76,154,.494,0,1,.000,24,43,.558,26,67,93,14,11,8,31,57,176
406,Sebastian Telfair,19,POR,68,26,1330,169,430,.393,17,69,.246,105,133,.789,10,94,104,224,35,4,125,120,460
407,Jason Terry,27,DAL,80,57,2401,372,743,.501,103,245,.420,146,173,.844,38,150,188,429,109,15,147,177,993
408,Billy Thomas,29,NJN,25,0,356,34,94,.362,17,56,.304,7,9,.778,7,29,36,17,14,1,9,29,92
409,Etan Thomas,26,WAS,47,10,976,128,255,.502,0,0,,76,144,.528,85,159,244,20,17,51,50,133,332
410,James Thomas,24,TOT,11,2,117,12,20,.600,0,0,,2,6,.333,17,20,37,4,4,4,7,13,26
410,James Thomas,24,POR,9,2,112,11,18,.611,0,0,,2,6,.333,15,20,35,4,4,4,7,12,24
410,James Thomas,24,ATL,2,0,5,1,2,.500,0,0,,0,0,,2,0,2,0,0,0,0,1,2
411,John Thomas,29,MIN,44,8,521,42,86,.488,0,0,,27,46,.587,39,58,97,17,15,13,18,82,111
412,Kenny Thomas,27,TOT,73,58,2167,367,781,.470,1,5,.200,173,227,.762,184,351,535,152,67,17,131,227,908
412,Kenny Thomas,27,PHI,47,43,1344,217,476,.456,1,4,.250,95,119,.798,106,202,308,77,40,6,83,151,530
412,Kenny Thomas,27,SAC,26,15,823,150,305,.492,0,1,.000,78,108,.722,78,149,227,75,27,11,48,76,378
413,Kurt Thomas,32,NYK,80,80,2855,424,901,.471,2,4,.500,66,84,.786,170,661,831,160,70,79,99,310,916
414,Tim Thomas,27,NYK,71,68,1940,315,718,.439,85,208,.409,136,173,.786,45,192,237,110,41,17,113,222,851
415,Jamaal Tinsley,26,IND,40,40,1301,218,522,.418,58,156,.372,122,164,.744,26,134,160,257,81,12,134,112,616
416,Robert Traylor,27,CLE,74,6,1327,177,399,.444,0,8,.000,55,102,.539,136,196,332,61,54,50,73,215,409
417,Jake Tsakalidis,25,MEM,31,1,278,32,64,.500,0,0,,14,18,.778,21,35,56,10,3,16,12,42,78
418,Nikoloz Tskitishvili,21,TOT,35,0,220,22,74,.297,2,17,.118,4,7,.571,12,29,41,10,8,11,19,33,50
418,Nikoloz Tskitishvili,21,DEN,23,0,158,15,51,.294,0,7,.000,4,7,.571,11,18,29,4,8,8,14,24,34
418,Nikoloz Tskitishvili,21,GSW,12,0,62,7,23,.304,2,10,.200,0,0,,1,11,12,6,0,3,5,9,16
419,Hedo Turkoglu,25,ORL,67,11,1757,328,782,.419,93,245,.380,188,225,.836,62,171,233,153,41,18,119,140,937
420,Beno Udrih,22,SAS,80,2,1149,173,390,.444,58,142,.408,67,89,.753,16,67,83,150,41,10,77,96,471
Rk,Player,Age,Tm,G,GS,MP,FG,FGA,FG%,3P,3PA,3P%,FT,FTA,FT%,ORB,DRB,TRB,AST,STL,BLK,TOV,PF,PTS
421,Nick Van Exel,33,POR,53,34,1619,214,561,.381,100,257,.389,58,74,.784,20,141,161,227,44,0,92,70,586
422,Keith Van Horn,29,TOT,62,16,1502,257,564,.456,54,142,.380,128,157,.815,89,205,294,75,36,21,81,170,696
422,Keith Van Horn,29,MIL,33,13,818,128,285,.449,30,78,.385,56,65,.862,55,110,165,41,21,11,47,82,342
422,Keith Van Horn,29,DAL,29,3,684,129,279,.462,24,64,.375,72,92,.783,34,95,129,34,15,10,34,88,354
423,Anderson Varejao,22,CLE,54,0,863,99,193,.513,0,2,.000,68,127,.535,109,148,257,27,41,38,26,122,266
424,Jacque Vaughn,29,NJN,71,34,1410,146,325,.449,5,15,.333,76,91,.835,17,90,107,135,41,1,62,138,373
425,Jake Voskuhl,27,PHO,38,1,360,27,59,.458,0,0,,26,38,.684,30,62,92,17,4,11,20,60,80
426,Jackson Vroman,23,TOT,46,18,705,82,199,.412,0,3,.000,48,75,.640,64,111,175,40,25,19,64,105,212
426,Jackson Vroman,23,PHO,10,1,57,6,16,.375,0,0,,4,7,.571,5,8,13,7,3,2,7,11,16
426,Jackson Vroman,23,NOH,36,17,648,76,183,.415,0,3,.000,44,68,.647,59,103,162,33,22,17,57,94,196
427,Sasha Vujacic,20,LAL,35,3,403,33,117,.282,17,63,.270,18,19,.947,13,49,62,51,12,2,15,41,101
428,Dwyane Wade,23,MIA,77,77,2974,630,1318,.478,13,45,.289,581,762,.762,110,287,397,520,121,82,321,230,1854
429,Dajuan Wagner,21,CLE,11,0,102,18,55,.327,5,26,.192,3,4,.750,0,2,2,13,5,0,9,15,44
430,Antoine Walker,28,TOT,77,77,2955,581,1377,.422,110,341,.323,201,373,.539,182,513,695,265,89,58,253,217,1473
430,Antoine Walker,28,ATL,53,53,2128,420,1013,.415,85,268,.317,157,294,.534,126,371,497,194,64,32,183,147,1082
430,Antoine Walker,28,BOS,24,24,827,161,364,.442,25,73,.342,44,79,.557,56,142,198,71,25,26,70,70,391
431,Samaki Walker,28,WAS,14,0,134,11,31,.355,0,0,,2,3,.667,8,10,18,4,3,7,8,25,24
432,Ben Wallace,30,DET,74,74,2671,295,651,.453,1,9,.111,130,304,.428,292,610,902,123,106,176,82,159,721
433,Gerald Wallace,22,CHA,70,68,2147,286,637,.449,17,62,.274,191,289,.661,118,268,386,137,117,91,159,182,780
434,Rasheed Wallace,30,DET,79,79,2687,467,1062,.440,75,236,.318,136,195,.697,174,470,644,142,65,115,127,236,1145
435,Luke Walton,24,LAL,61,5,768,74,180,.411,16,61,.262,34,48,.708,55,87,142,93,26,11,58,70,198
436,Charlie Ward,34,HOU,14,13,360,24,77,.312,16,51,.314,11,13,.846,6,33,39,43,15,0,18,22,75
437,Earl Watson,25,MEM,80,14,1808,236,554,.426,52,163,.319,91,138,.659,35,129,164,359,83,19,167,184,615
438,Clarence Weatherspoon,34,HOU,40,18,525,47,114,.412,0,0,,29,35,.829,35,87,122,17,9,6,15,74,123
439,Chris Webber,31,TOT,67,67,2370,555,1283,.433,15,44,.341,181,228,.794,130,482,612,318,94,53,182,214,1306
439,Chris Webber,31,SAC,46,46,1668,412,917,.449,11,29,.379,143,179,.799,94,353,447,252,68,34,133,144,978
439,Chris Webber,31,PHI,21,21,702,143,366,.391,4,15,.267,38,49,.776,36,129,165,66,26,19,49,70,328
440,Bonzi Wells,28,MEM,69,19,1489,272,617,.441,36,104,.346,141,188,.750,49,180,229,80,85,27,90,165,721
Rk,Player,Age,Tm,G,GS,MP,FG,FGA,FG%,3P,3PA,3P%,FT,FTA,FT%,ORB,DRB,TRB,AST,STL,BLK,TOV,PF,PTS
441,Jiri Welsch,25,TOT,71,32,1317,149,371,.402,34,110,.309,129,169,.763,26,141,167,103,44,5,73,121,461
441,Jiri Welsch,25,BOS,55,32,1125,137,320,.428,32,99,.323,109,141,.773,20,119,139,84,39,5,58,105,415
441,Jiri Welsch,25,CLE,16,0,192,12,51,.235,2,11,.182,20,28,.714,6,22,28,19,5,0,15,16,46
442,David Wesley,34,TOT,80,79,2774,334,840,.398,118,315,.375,162,189,.857,38,190,228,265,96,9,113,215,948
442,David Wesley,34,NOH,26,26,934,133,342,.389,28,80,.350,67,76,.882,12,73,85,109,35,1,54,65,361
442,David Wesley,34,HOU,54,53,1840,201,498,.404,90,235,.383,95,113,.841,26,117,143,156,61,8,59,150,587
443,David West,24,NOH,30,8,552,75,172,.436,2,5,.400,34,50,.680,40,89,129,23,12,16,37,62,186
444,Delonte West,21,BOS,39,7,507,66,155,.426,24,67,.358,19,27,.704,14,51,65,53,21,8,24,69,175
445,Jahidi White,28,CHA,17,0,135,14,31,.452,0,0,,14,40,.350,11,23,34,1,2,12,11,31,42
446,Rodney White,24,TOT,58,2,677,121,289,.419,24,60,.400,27,44,.614,24,65,89,44,32,11,37,64,293
446,Rodney White,24,DEN,42,2,531,98,227,.432,19,44,.432,21,34,.618,20,54,74,36,30,10,27,51,236
446,Rodney White,24,GSW,16,0,146,23,62,.371,5,16,.313,6,10,.600,4,11,15,8,2,1,10,13,57
447,Chris Wilcox,22,LAC,54,25,1005,169,329,.514,0,0,,88,144,.611,63,165,228,38,26,24,77,129,426
448,Damien Wilkins,25,SEA,29,7,520,73,168,.435,16,59,.271,21,34,.618,29,37,66,26,22,10,16,55,183
449,Mike Wilks,25,SAS,48,0,278,32,77,.416,5,16,.313,12,16,.750,4,21,25,33,14,1,14,26,81
450,Aaron Williams,33,TOT,42,4,315,29,63,.460,0,0,,15,17,.882,17,43,60,8,5,8,17,70,73
450,Aaron Williams,33,NJN,19,0,150,14,27,.519,0,0,,9,10,.900,7,24,31,6,4,5,11,25,37
450,Aaron Williams,33,TOR,23,4,165,15,36,.417,0,0,,6,7,.857,10,19,29,2,1,3,6,45,36
451,Eric Williams,32,TOT,55,39,1322,142,330,.430,28,73,.384,112,161,.696,44,128,172,92,38,4,60,147,424
451,Eric Williams,32,NJN,21,21,739,87,185,.470,17,40,.425,74,108,.685,28,67,95,42,16,2,34,80,265
451,Eric Williams,32,TOR,34,18,583,55,145,.379,11,33,.333,38,53,.717,16,61,77,50,22,2,26,67,159
452,Frank Williams,24,CHI,9,0,71,3,20,.150,0,4,.000,0,0,,2,4,6,11,2,3,3,9,6
453,Jason Williams,29,MEM,71,68,1952,266,644,.413,107,330,.324,80,101,.792,19,103,122,399,75,5,130,91,719
454,Jerome Williams,31,NYK,79,4,1211,122,243,.502,0,5,.000,115,172,.669,115,168,283,41,55,10,65,155,359
455,Mo Williams,22,MIL,80,80,2254,323,737,.438,32,99,.323,136,160,.850,50,194,244,484,74,11,196,221,814
456,Scott Williams,36,CLE,19,0,152,12,41,.293,0,1,.000,9,11,.818,15,15,30,8,4,6,5,30,33
457,Corliss Williamson,31,TOT,72,9,1527,273,584,.467,0,2,.000,195,244,.799,104,155,259,78,38,15,86,218,741
457,Corliss Williamson,31,PHI,48,5,1056,194,417,.465,0,2,.000,130,165,.788,73,105,178,43,26,12,60,144,518
457,Corliss Williamson,31,SAC,24,4,471,79,167,.473,0,0,,65,79,.823,31,50,81,35,12,3,26,74,223
458,Kevin Willis,42,ATL,29,5,344,35,90,.389,0,2,.000,17,23,.739,29,47,76,9,8,7,15,53,87
459,Loren Woods,26,TOR,45,30,712,71,164,.433,0,1,.000,34,59,.576,81,139,220,17,8,39,37,78,176
460,Qyntel Woods,23,MIA,3,0,40,5,12,.417,0,0,,0,0,,2,4,6,0,4,0,2,6,10
Rk,Player,Age,Tm,G,GS,MP,FG,FGA,FG%,3P,3PA,3P%,FT,FTA,FT%,ORB,DRB,TRB,AST,STL,BLK,TOV,PF,PTS
461,Metta World Peace,25,IND,7,7,291,59,119,.496,7,17,.412,47,51,.922,8,37,45,22,12,6,17,27,172
462,Dorell Wright,19,MIA,3,0,27,3,11,.273,0,4,.000,1,1,1.000,0,1,1,3,4,0,3,2,7
463,Lorenzen Wright,29,MEM,80,77,2287,320,683,.469,0,3,.000,131,198,.662,177,436,613,87,58,69,100,251,771
464,Wang Zhizhi,27,MIA,20,0,92,17,36,.472,2,3,.667,7,12,.583,6,12,18,5,3,2,5,9,43