Rk,Player,Age,Tm,G,GS,MP,FG,FGA,FG%,3P,3PA,3P%,FT,FTA,FT%,ORB,DRB,TRB,AST,STL,BLK,TOV,PF,PTS
1,Shareef Abdur-Rahim,30,SAC,80,45,2015,310,654,.474,3,20,.150,170,234,.726,122,276,398,109,53,40,116,243,793
2,Hassan Adams,22,NJN,61,8,495,75,135,.556,0,1,.000,24,36,.667,35,42,77,13,17,4,22,47,174
3,Maurice Ager,22,DAL,32,1,214,22,70,.314,5,15,.333,20,33,.606,1,20,21,7,4,3,15,27,69
4,LaMarcus Aldridge,21,POR,63,22,1392,241,479,.503,0,2,.000,83,115,.722,144,168,312,24,22,73,43,186,565
5,Malik Allen,28,CHI,60,1,638,107,258,.415,0,1,.000,28,34,.824,42,77,119,16,17,16,21,85,242
6,Ray Allen,31,SEA,55,55,2219,505,1153,.438,165,443,.372,279,309,.903,57,190,247,228,82,11,154,113,1454
7,Tony Allen,25,BOS,33,18,805,133,259,.514,8,33,.242,105,134,.784,35,89,124,56,49,12,75,87,379
8,Rafer Alston,30,HOU,82,82,3040,383,1020,.375,192,529,.363,130,177,.734,29,253,282,444,129,10,170,195,1088
9,Louis Amundson,24,TOT,11,0,89,6,15,.400,0,0,,4,10,.400,13,15,28,1,1,8,5,15,16
9,Louis Amundson,24,UTA,1,0,2,0,0,,0,0,,0,0,,0,0,0,0,0,0,0,0,0
9,Louis Amundson,24,PHI,10,0,87,6,15,.400,0,0,,4,10,.400,13,15,28,1,1,8,5,15,16
10,Alan Anderson,24,CHA,17,0,256,37,81,.457,5,20,.250,19,23,.826,11,21,32,21,7,0,22,33,98
11,Derek Anderson,32,CHA,50,32,1190,126,294,.429,54,152,.355,93,106,.877,29,84,113,133,52,7,56,115,399
12,Carmelo Anthony,22,DEN,65,65,2486,691,1453,.476,40,149,.268,459,568,.808,143,248,391,249,77,23,234,203,1881
13,Rafael Araujo,26,UTA,28,0,248,27,65,.415,0,0,,18,29,.621,22,44,66,10,6,2,17,39,72
14,Gilbert Arenas,25,WAS,74,73,2942,647,1548,.418,205,584,.351,606,718,.844,61,277,338,443,139,13,236,249,2105
15,Trevor Ariza,21,ORL,57,7,1278,200,371,.539,0,7,.000,106,171,.620,98,151,249,65,59,19,84,134,506
16,Darrell Armstrong,38,IND,81,4,1275,156,377,.414,72,214,.336,73,93,.785,34,101,135,191,70,6,76,102,457
17,Hilton Armstrong,22,NOK,56,5,634,68,125,.544,0,0,,40,67,.597,58,91,149,10,12,26,35,79,176
18,Carlos Arroyo,27,ORL,72,5,1304,203,478,.425,14,51,.275,132,166,.795,31,103,134,202,39,2,90,131,552
19,Chucky Atkins,32,MEM,75,23,2064,310,715,.434,116,306,.379,252,311,.810,18,121,139,346,50,4,127,136,988
20,James Augustine,22,ORL,2,0,7,1,3,.333,0,0,,0,0,,1,2,3,2,0,0,0,2,2
Rk,Player,Age,Tm,G,GS,MP,FG,FGA,FG%,3P,3PA,3P%,FT,FTA,FT%,ORB,DRB,TRB,AST,STL,BLK,TOV,PF,PTS
21,Kelenna Azubuike,23,GSW,41,9,669,98,220,.445,34,79,.430,61,78,.782,26,68,94,28,22,10,39,49,291
22,Renaldo Balkman,22,NYK,68,1,1064,139,275,.505,5,27,.185,51,90,.567,97,197,294,44,57,44,49,146,334
23,Marcus Banks,25,PHO,45,1,503,84,196,.429,5,29,.172,48,60,.800,10,28,38,60,23,3,40,70,221
24,Leandro Barbosa,24,PHO,80,18,2613,529,1111,.476,190,438,.434,196,232,.845,22,192,214,317,96,15,146,210,1444
25,Jose Barea,22,DAL,33,1,191,28,78,.359,6,21,.286,16,24,.667,7,18,25,24,1,1,14,19,78
26,Andrea Bargnani,21,TOR,65,2,1629,267,625,.427,100,268,.373,117,142,.824,52,203,255,50,32,53,107,180,751
27,Matt Barnes,26,GSW,76,23,1813,275,628,.438,106,290,.366,90,123,.732,91,259,350,156,73,41,105,188,746
28,Andre Barrett,24,CHI,6,0,29,4,8,.500,0,0,,0,0,,1,4,5,7,0,0,4,4,8
29,Earl Barron,25,MIA,28,0,203,24,83,.289,0,1,.000,17,18,.944,19,22,41,5,6,4,11,21,65
30,Brent Barry,35,SAS,75,28,1631,202,425,.475,128,287,.446,103,117,.880,17,143,160,138,56,12,61,88,635
31,Brandon Bass,21,NOK,21,3,162,15,44,.341,0,1,.000,12,16,.750,13,30,43,3,2,3,10,16,42
32,Maceo Baston,31,IND,47,2,405,49,76,.645,3,7,.429,37,47,.787,21,53,74,16,12,18,32,65,138
33,Esteban Batista,23,ATL,13,0,81,8,16,.500,0,0,,4,7,.571,7,23,30,4,3,0,4,13,20
34,Tony Battie,30,ORL,66,66,1575,176,360,.489,0,1,.000,52,77,.675,92,252,344,35,29,30,61,185,404
35,Shane Battier,28,HOU,82,82,2988,292,654,.446,157,373,.421,88,113,.779,67,271,338,175,79,60,72,190,829
36,Charlie Bell,27,MIL,82,64,2848,426,974,.437,127,361,.352,131,168,.780,57,181,238,247,97,4,104,213,1110
37,Raja Bell,30,PHO,78,78,2917,410,950,.432,205,496,.413,118,152,.776,48,203,251,196,50,22,83,233,1143
38,Mike Bibby,28,SAC,82,82,2784,471,1166,.404,173,481,.360,288,347,.830,39,224,263,388,88,6,197,139,1403
39,Andris Biedrins,20,GSW,82,63,2382,348,581,.599,0,0,,87,167,.521,251,511,762,88,67,136,119,304,783
40,Chauncey Billups,30,DET,70,70,2533,348,815,.427,109,316,.345,386,437,.883,23,214,237,502,84,17,140,161,1191
Rk,Player,Age,Tm,G,GS,MP,FG,FGA,FG%,3P,3PA,3P%,FT,FTA,FT%,ORB,DRB,TRB,AST,STL,BLK,TOV,PF,PTS
41,Steve Blake,26,TOT,82,42,2225,209,509,.411,67,208,.322,43,64,.672,21,148,169,408,61,8,129,121,528
41,Steve Blake,26,MIL,33,2,583,45,129,.349,19,68,.279,11,20,.550,7,38,45,84,10,3,28,49,120
41,Steve Blake,26,DEN,49,40,1642,164,380,.432,48,140,.343,32,44,.727,14,110,124,324,51,5,101,72,408
42,Will Blalock,23,DET,14,0,166,9,30,.300,1,5,.200,6,6,1.000,6,9,15,17,5,0,12,9,25
43,Andray Blatche,20,WAS,56,13,682,86,197,.437,4,27,.148,30,49,.612,77,114,191,39,17,32,49,94,206
44,Mark Blount,31,MIN,82,81,2544,427,839,.509,9,31,.290,147,195,.754,136,369,505,67,43,58,159,239,1010
45,Keith Bogans,26,ORL,59,18,990,99,245,.404,53,137,.387,47,63,.746,16,77,93,59,28,2,46,98,298
46,Andrew Bogut,22,MIL,66,66,2258,348,629,.553,1,5,.200,112,194,.577,168,416,584,198,49,35,150,216,809
47,Matt Bonner,26,SAS,56,0,653,106,237,.447,36,94,.383,27,38,.711,64,92,156,22,17,11,25,67,275
48,Josh Boone,22,NJN,61,0,669,99,171,.579,0,0,,56,103,.544,64,112,176,10,11,21,33,94,254
49,Calvin Booth,30,WAS,44,1,380,31,66,.470,1,2,.500,6,10,.600,27,54,81,18,4,29,9,71,69
50,Carlos Boozer,25,UTA,74,74,2557,647,1154,.561,0,0,,255,372,.685,235,632,867,221,70,21,194,217,1549
51,Chris Bosh,22,TOR,69,69,2658,543,1094,.496,12,35,.343,463,590,.785,186,555,741,175,39,90,179,163,1561
52,Bruce Bowen,35,SAS,82,82,2464,189,467,.405,89,232,.384,43,73,.589,23,200,223,117,62,25,65,175,510
53,Earl Boykins,30,TOT,66,23,2031,323,769,.420,95,239,.397,220,245,.898,49,90,139,291,56,2,120,92,961
53,Earl Boykins,30,DEN,31,4,877,156,378,.413,41,110,.373,119,131,.908,23,40,63,132,25,2,52,31,472
53,Earl Boykins,30,MIL,35,19,1154,167,391,.427,54,129,.419,101,114,.886,26,50,76,159,31,0,68,61,489
54,Cedric Bozeman,23,ATL,23,5,199,11,39,.282,2,13,.154,2,6,.333,3,20,23,9,5,2,9,32,26
55,Elton Brand,27,LAC,80,80,3077,645,1211,.533,1,1,1.000,351,461,.761,268,476,744,235,77,179,202,238,1642
56,Ronnie Brewer,21,UTA,56,14,675,102,193,.528,0,9,.000,56,83,.675,37,38,75,24,37,6,24,44,260
57,Primoz Brezec,27,CHA,58,40,838,122,274,.445,1,3,.333,43,68,.632,80,104,184,23,11,23,38,161,288
58,Andre Brown,25,SEA,38,0,271,42,74,.568,0,1,.000,9,15,.600,26,48,74,2,6,4,29,26,93
59,Dee Brown,22,UTA,49,0,450,32,98,.327,6,28,.214,24,37,.649,8,32,40,83,22,7,31,51,94
60,Devin Brown,28,NOK,58,49,1662,233,555,.420,81,227,.357,123,155,.794,55,196,251,149,44,9,91,139,670
Rk,Player,Age,Tm,G,GS,MP,FG,FGA,FG%,3P,3PA,3P%,FT,FTA,FT%,ORB,DRB,TRB,AST,STL,BLK,TOV,PF,PTS
61,Kwame Brown,24,LAL,41,28,1132,143,242,.591,0,1,.000,59,134,.440,81,163,244,75,39,49,76,124,345
62,P.J. Brown,37,CHI,72,49,1456,170,418,.407,0,2,.000,96,122,.787,129,218,347,48,24,52,85,187,436
63,Shannon Brown,21,CLE,23,5,202,28,74,.378,7,25,.280,10,14,.714,6,15,21,10,7,3,14,24,73
64,Kobe Bryant,28,LAL,77,77,3140,813,1757,.463,137,398,.344,667,768,.868,75,364,439,413,111,36,255,205,2430
65,Greg Buckner,30,DAL,76,11,1372,123,299,.411,32,103,.311,27,34,.794,35,123,158,70,47,7,40,152,305
66,Pat Burke,33,PHO,23,0,164,23,65,.354,6,22,.273,8,13,.615,12,35,47,5,3,2,7,19,60
67,Caron Butler,26,WAS,63,63,2474,451,975,.463,18,72,.250,283,328,.863,147,320,467,233,134,17,181,188,1203
68,Jackie Butler,21,SAS,11,2,103,16,35,.457,0,0,,9,10,.900,6,16,22,5,2,0,10,16,41
69,Rasual Butler,27,NOK,81,38,2223,314,788,.398,134,363,.369,56,87,.644,42,214,256,63,40,54,67,148,818
70,Andrew Bynum,19,LAL,82,53,1793,247,443,.558,0,3,.000,143,214,.668,139,345,484,94,12,128,115,249,637
71,Jose Calderon,25,TOR,77,11,1614,263,505,.521,25,75,.333,117,143,.818,21,113,134,387,63,5,110,136,668
72,Marcus Camby,32,DEN,70,70,2369,312,659,.473,0,2,.000,161,221,.729,164,652,816,223,87,231,122,183,785
73,Brian Cardinal,29,MEM,28,1,313,42,85,.494,18,44,.409,25,27,.926,13,46,59,31,22,1,23,42,127
74,Rodney Carney,22,PHI,67,35,1169,182,392,.464,25,72,.347,53,87,.609,39,89,128,26,38,23,43,118,442
75,Matt Carroll,26,CHA,72,47,1878,285,658,.433,111,267,.416,188,208,.904,35,172,207,91,53,9,73,176,869
76,Anthony Carter,31,DEN,2,0,37,3,8,.375,0,2,.000,0,0,,0,3,3,11,0,1,6,4,6
77,Vince Carter,30,NJN,82,82,3126,726,1598,.454,156,437,.357,462,576,.802,114,378,492,393,82,30,217,266,2070
78,Sam Cassell,37,LAC,58,30,1407,261,625,.418,32,109,.294,160,182,.879,27,140,167,270,28,8,101,126,714
79,Kelvin Cato,32,NYK,18,0,95,7,22,.318,0,0,,8,12,.667,12,19,31,0,3,10,6,10,22
80,Tyson Chandler,24,NOK,73,73,2525,292,468,.624,0,1,.000,106,201,.527,320,584,904,66,37,129,126,244,690
Rk,Player,Age,Tm,G,GS,MP,FG,FGA,FG%,3P,3PA,3P%,FT,FTA,FT%,ORB,DRB,TRB,AST,STL,BLK,TOV,PF,PTS
81,Josh Childress,23,ATL,55,13,2024,261,518,.504,26,77,.338,167,210,.795,123,217,340,127,58,36,80,118,715
82,Doug Christie,36,LAC,7,0,82,5,17,.294,1,6,.167,2,3,.667,3,8,11,8,3,1,5,11,13
83,Speedy Claxton,28,ATL,42,31,1054,91,278,.327,6,28,.214,33,60,.550,12,69,81,185,72,4,75,131,221
84,Jarron Collins,28,UTA,82,9,913,75,170,.441,0,0,,54,83,.651,71,100,171,60,13,8,37,147,204
85,Jason Collins,28,NJN,80,78,1844,55,151,.364,0,2,.000,59,127,.465,90,226,316,46,40,38,73,273,169
86,Mardy Collins,22,NYK,52,9,777,87,228,.382,13,47,.277,48,82,.585,28,76,104,83,32,3,57,75,235
87,Nick Collison,26,SEA,82,56,2378,318,636,.500,0,2,.000,154,199,.774,229,437,666,82,48,66,123,289,790
88,Will Conroy,24,TOT,7,0,52,0,3,.000,0,0,,0,4,.000,3,4,7,9,0,0,2,7,0
88,Will Conroy,24,MEM,3,0,17,0,0,,0,0,,0,0,,1,1,2,1,0,0,0,1,0
88,Will Conroy,24,LAC,4,0,35,0,3,.000,0,0,,0,4,.000,2,3,5,8,0,0,2,6,0
89,Brian Cook,26,LAL,65,24,1018,185,408,.453,46,115,.400,34,47,.723,61,154,215,65,25,27,51,134,450
90,Jamal Crawford,26,NYK,59,36,2198,354,886,.400,103,322,.320,228,272,.838,44,145,189,259,57,8,162,114,1039
91,Austin Croshere,31,DAL,61,2,727,78,222,.351,26,91,.286,45,52,.865,33,153,186,44,14,6,33,68,227
92,Eddy Curry,24,NYK,81,81,2849,585,1016,.576,1,1,1.000,405,659,.615,195,376,571,68,34,40,295,265,1576
93,Samuel Dalembert,25,PHI,82,82,2535,356,658,.541,0,2,.000,167,224,.746,239,494,733,64,47,159,161,287,879
94,Erick Dampier,31,DAL,76,73,1915,209,334,.626,0,0,,119,191,.623,217,349,566,44,24,82,107,239,537
95,Antonio Daniels,31,WAS,80,8,1761,172,389,.442,19,63,.302,208,250,.832,18,133,151,290,39,9,69,79,571
96,Marquis Daniels,26,IND,45,4,800,129,281,.459,6,26,.231,56,80,.700,26,56,82,57,27,7,55,56,320
97,Baron Davis,27,GSW,63,62,2221,452,1030,.439,85,280,.304,275,369,.745,51,225,276,509,135,29,193,181,1264
98,Dale Davis,37,DET,46,6,464,33,74,.446,0,0,,17,26,.654,59,78,137,12,10,34,15,59,83
99,Paul Davis,22,LAC,31,0,180,22,52,.423,0,0,,7,10,.700,21,23,44,7,6,5,8,28,51
100,Ricky Davis,27,MIN,81,81,3021,506,1089,.465,123,310,.397,239,285,.839,54,261,315,385,80,23,210,189,1374
Rk,Player,Age,Tm,G,GS,MP,FG,FGA,FG%,3P,3PA,3P%,FT,FTA,FT%,ORB,DRB,TRB,AST,STL,BLK,TOV,PF,PTS
101,Carlos Delfino,24,DET,82,1,1372,156,376,.415,46,138,.333,70,89,.787,67,199,266,88,46,8,61,97,428
102,Luol Deng,21,CHI,82,82,3071,630,1218,.517,1,7,.143,279,359,.777,148,431,579,204,97,48,153,167,1540
103,Boris Diaw,24,PHO,73,59,2268,306,569,.538,15,45,.333,82,120,.683,91,226,317,352,28,38,154,177,709
104,Yakhouba Diawara,24,DEN,64,19,1177,100,292,.342,49,170,.288,35,53,.660,27,83,110,55,30,7,37,132,284
105,Dan Dickau,28,POR,50,3,444,54,151,.358,16,61,.262,42,53,.792,7,36,43,70,14,1,27,55,166
106,Travis Diener,24,ORL,26,0,288,34,80,.425,18,50,.360,12,15,.800,3,15,18,35,4,0,13,27,98
107,Ike Diogu,23,TOT,59,2,760,127,266,.477,0,0,,112,140,.800,75,128,203,25,8,26,67,122,366
107,Ike Diogu,23,GSW,17,0,222,44,83,.530,0,0,,35,44,.795,21,42,63,5,3,11,18,35,123
107,Ike Diogu,23,IND,42,2,538,83,183,.454,0,0,,77,96,.802,54,86,140,20,5,15,49,87,243
108,DeSagana Diop,25,DAL,81,9,1480,71,151,.470,0,1,.000,48,86,.558,166,272,438,30,40,113,63,244,190
109,Juan Dixon,28,TOT,81,6,1926,299,703,.425,79,226,.350,101,116,.871,27,131,158,123,76,9,101,177,778
109,Juan Dixon,28,POR,55,1,1243,189,444,.426,52,143,.364,60,72,.833,16,69,85,82,49,7,77,112,490
109,Juan Dixon,28,TOR,26,5,683,110,259,.425,27,83,.325,41,44,.932,11,62,73,41,27,2,24,65,288
110,Michael Doleac,29,MIA,56,0,698,82,175,.469,0,1,.000,36,41,.878,44,111,155,22,18,15,30,96,200
111,Keyon Dooling,26,ORL,66,2,1435,188,458,.410,31,96,.323,114,141,.809,22,64,86,112,52,15,72,125,521
112,Quincy Douby,22,SAC,42,0,359,48,126,.381,12,50,.240,11,15,.733,11,26,37,15,15,4,15,21,119
113,Chris Duhon,24,CHI,78,30,1906,197,483,.408,88,245,.359,76,101,.752,23,146,169,310,69,6,105,150,558
114,Tim Duncan,30,SAS,80,80,2726,618,1131,.546,1,9,.111,362,568,.637,213,633,846,273,66,190,224,203,1599
115,Mike Dunleavy,26,TOT,82,49,2580,384,850,.452,70,224,.313,211,269,.784,84,347,431,228,84,22,149,203,1049
115,Mike Dunleavy,26,GSW,39,6,1051,166,370,.449,36,104,.346,78,101,.772,40,147,187,117,38,12,71,83,446
115,Mike Dunleavy,26,IND,43,43,1529,218,480,.454,34,120,.283,133,168,.792,44,200,244,111,46,10,78,120,603
116,Ronald Dupree,26,DET,19,0,94,11,31,.355,0,0,,3,9,.333,5,12,17,5,5,1,3,12,25
117,Monta Ellis,21,GSW,77,53,2638,480,1010,.475,39,143,.273,273,358,.763,62,181,243,319,132,21,221,210,1272
118,Francisco Elson,30,SAS,70,41,1332,144,282,.511,0,2,.000,62,80,.775,81,255,336,55,31,59,86,184,350
119,Melvin Ely,28,TOT,30,0,309,29,80,.363,0,0,,31,47,.660,15,38,53,18,6,8,28,51,89
119,Melvin Ely,28,CHA,24,0,244,23,60,.383,0,0,,24,35,.686,12,27,39,14,2,6,23,39,70
119,Melvin Ely,28,SAS,6,0,65,6,20,.300,0,0,,7,12,.583,3,11,14,4,4,2,5,12,19
120,Maurice Evans,28,LAL,76,10,1732,234,542,.432,48,133,.361,122,155,.787,93,128,221,74,38,14,57,126,638
Rk,Player,Age,Tm,G,GS,MP,FG,FGA,FG%,3P,3PA,3P%,FT,FTA,FT%,ORB,DRB,TRB,AST,STL,BLK,TOV,PF,PTS
121,Reggie Evans,26,DEN,66,11,1127,117,215,.544,0,0,,91,183,.497,156,304,460,45,42,16,95,144,325
122,Daniel Ewing,23,LAC,61,3,712,65,161,.404,14,44,.318,35,45,.778,9,64,73,90,32,4,50,62,179
123,Jordan Farmar,20,LAL,72,2,1090,124,294,.422,45,137,.328,27,38,.711,22,97,119,137,44,7,73,77,320
124,Desmon Farmer,25,SEA,8,0,32,5,15,.333,2,8,.250,1,1,1.000,0,1,1,9,1,0,1,2,13
125,Raymond Felton,22,CHA,78,75,2832,393,1024,.384,103,312,.330,204,256,.797,51,216,267,545,118,10,230,180,1093
126,Michael Finley,33,SAS,82,16,1823,273,663,.412,104,286,.364,90,98,.918,34,189,223,108,32,16,46,76,740
127,Derek Fisher,32,UTA,82,61,2287,258,675,.382,48,156,.308,262,307,.853,30,119,149,274,83,6,120,234,826
128,T.J. Ford,23,TOR,75,71,2243,393,902,.436,21,69,.304,240,293,.819,53,183,236,595,101,8,231,186,1047
129,Danny Fortson,30,SEA,14,6,158,15,30,.500,0,1,.000,10,13,.769,13,30,43,1,1,0,15,38,40
130,Jeff Foster,30,IND,75,43,1740,122,260,.469,0,1,.000,78,122,.639,253,356,609,57,62,37,70,202,322
131,Randy Foye,23,MIN,82,12,1879,300,691,.434,68,185,.368,164,192,.854,49,169,218,232,53,21,152,184,832
132,Adonal Foyle,31,GSW,48,6,475,48,85,.565,0,0,,11,25,.440,51,75,126,19,11,50,23,61,107
133,Steve Francis,29,NYK,44,30,1237,140,343,.408,42,111,.378,175,211,.829,33,124,157,170,41,12,100,126,497
134,Matt Freije,25,ATL,19,0,147,16,54,.296,3,22,.136,5,6,.833,8,16,24,7,3,1,3,13,40
135,Channing Frye,23,NYK,72,59,1896,298,689,.433,3,18,.167,85,108,.787,91,304,395,67,36,42,100,216,684
136,Dan Gadzuric,28,MIL,54,8,840,108,228,.474,0,1,.000,42,90,.467,94,152,246,29,22,32,49,141,258
137,Jorge Garbajosa,29,TOR,67,60,1909,222,529,.420,66,193,.342,57,78,.731,48,282,330,125,78,15,64,90,567
138,Francisco Garcia,25,SAC,79,5,1410,163,380,.429,53,149,.356,95,114,.833,53,152,205,87,45,43,70,190,474
139,Kevin Garnett,30,MIN,76,76,2995,638,1341,.476,12,56,.214,416,498,.835,183,792,975,313,89,126,205,184,1704
140,Pat Garrity,30,ORL,33,0,277,22,70,.314,11,32,.344,16,18,.889,12,30,42,14,7,0,14,37,71
Rk,Player,Age,Tm,G,GS,MP,FG,FGA,FG%,3P,3PA,3P%,FT,FTA,FT%,ORB,DRB,TRB,AST,STL,BLK,TOV,PF,PTS
141,Pau Gasol,26,MEM,59,59,2133,462,858,.538,3,11,.273,299,400,.748,149,432,581,201,29,126,162,137,1226
142,Rudy Gay,20,MEM,78,43,2103,321,760,.422,52,143,.364,152,209,.727,93,255,348,100,71,74,140,192,846
143,Mickael Gelabale,23,SEA,70,14,1239,122,264,.462,11,47,.234,66,82,.805,59,114,173,56,24,22,49,108,321
144,Devean George,29,DAL,60,17,1283,146,370,.395,53,150,.353,36,48,.750,57,156,213,33,46,23,51,143,381
145,Daniel Gibson,20,CLE,60,16,988,98,231,.424,52,124,.419,28,39,.718,28,64,92,69,23,8,44,94,276
146,Manu Ginobili,29,SAS,75,36,2060,396,854,.464,128,323,.396,320,372,.860,59,268,327,263,109,27,157,155,1240
147,Gordan Giricek,29,UTA,61,6,1188,176,381,.462,52,122,.426,71,87,.816,24,105,129,63,28,5,64,122,475
148,Andreas Glyniadakis,25,SEA,13,4,81,8,17,.471,0,0,,1,2,.500,2,6,8,1,0,0,9,19,17
149,Ryan Gomes,24,BOS,73,60,2275,338,723,.467,16,42,.381,189,233,.811,125,282,407,119,48,13,105,169,881
150,Drew Gooden,25,CLE,80,80,2238,371,784,.473,1,6,.167,142,199,.714,263,418,681,88,70,28,115,210,885
151,Ben Gordon,23,CHI,82,51,2704,609,1338,.455,155,375,.413,380,440,.864,35,223,258,296,64,17,249,252,1753
152,Joey Graham,24,TOR,79,21,1319,192,388,.495,9,31,.290,110,131,.840,55,193,248,44,30,4,49,161,503
153,Stephen Graham,24,POR,14,1,165,17,40,.425,3,11,.273,8,9,.889,6,15,21,5,4,1,13,25,45
154,Danny Granger,23,IND,82,57,2785,398,868,.459,110,288,.382,236,294,.803,114,267,381,114,67,61,135,245,1142
155,Gerald Green,21,BOS,81,26,1780,310,739,.419,95,258,.368,128,159,.805,68,140,208,83,41,24,120,198,843
156,Willie Green,25,PHI,74,36,1842,357,868,.411,51,157,.325,74,111,.667,42,116,158,112,56,4,106,144,839
157,Orien Greene,24,IND,41,0,254,23,62,.371,2,11,.182,15,25,.600,12,32,44,22,17,4,28,38,63
158,Lynn Greer,27,MIL,41,0,432,61,141,.433,18,52,.346,27,32,.844,2,25,27,53,17,1,18,32,167
159,Adrian Griffin,32,CHI,54,1,585,61,129,.473,0,6,.000,15,19,.789,40,69,109,59,32,4,38,78,137
160,Eddie Griffin,24,MIN,13,0,92,7,27,.259,0,1,.000,4,5,.800,7,18,25,4,0,7,6,8,18
Rk,Player,Age,Tm,G,GS,MP,FG,FGA,FG%,3P,3PA,3P%,FT,FTA,FT%,ORB,DRB,TRB,AST,STL,BLK,TOV,PF,PTS
161,Mike Hall,22,WAS,2,0,13,1,4,.250,0,0,,0,0,,1,1,2,1,0,0,0,1,2
162,Richard Hamilton,28,DET,75,75,2763,547,1170,.468,44,129,.341,347,403,.861,75,207,282,285,59,15,159,232,1485
163,Matt Harpring,30,UTA,77,2,1965,322,656,.491,13,39,.333,237,309,.767,117,236,353,99,52,11,118,232,894
164,Al Harrington,26,TOT,78,78,2563,495,1083,.457,127,293,.433,168,242,.694,151,345,496,149,65,24,169,269,1285
164,Al Harrington,26,IND,36,36,1208,223,487,.458,54,118,.458,72,101,.713,71,155,226,51,25,10,91,116,572
164,Al Harrington,26,GSW,42,42,1355,272,596,.456,73,175,.417,96,141,.681,80,190,270,98,40,14,78,153,713
165,Junior Harrington,26,MEM,29,8,543,57,137,.416,7,26,.269,31,46,.674,12,56,68,89,21,5,52,79,152
166,Othella Harrington,33,CHA,26,0,220,25,56,.446,0,0,,17,22,.773,13,25,38,6,1,1,15,49,67
167,Devin Harris,23,DAL,80,61,2081,292,593,.492,14,50,.280,215,261,.824,45,151,196,296,96,21,146,242,813
168,David Harrison,24,IND,24,2,190,30,58,.517,0,0,,11,22,.500,9,33,42,6,5,12,26,47,71
169,Jason Hart,28,TOT,36,22,846,100,224,.446,7,29,.241,42,47,.894,14,84,98,103,44,1,38,83,249
169,Jason Hart,28,SAC,13,0,100,15,30,.500,3,6,.500,10,11,.909,2,13,15,10,3,0,4,23,43
169,Jason Hart,28,LAC,23,22,746,85,194,.438,4,23,.174,32,36,.889,12,71,83,93,41,1,34,60,206
170,Udonis Haslem,26,MIA,79,79,2483,353,717,.492,0,4,.000,138,203,.680,188,466,654,97,49,26,110,236,844
171,Trenton Hassell,27,MIN,76,68,2223,217,443,.490,6,25,.240,72,92,.783,83,160,243,203,22,26,80,144,512
172,Chuck Hayes,23,HOU,78,43,1714,192,335,.573,0,0,,55,89,.618,204,317,521,47,70,18,64,281,439
173,Jarvis Hayes,25,WAS,81,17,1626,224,546,.410,66,183,.361,71,84,.845,42,168,210,80,48,13,56,160,585
174,Brendan Haywood,27,WAS,77,49,1740,198,355,.558,0,0,,115,210,.548,195,282,477,47,34,88,90,208,511
175,Luther Head,24,HOU,80,10,2211,306,700,.437,177,401,.441,83,105,.790,31,221,252,194,76,5,137,133,872
176,Alan Henderson,34,PHI,38,5,418,43,67,.642,0,0,,33,47,.702,48,59,107,10,9,12,12,62,119
177,Walter Herrmann,27,CHA,48,12,936,174,330,.527,53,115,.461,41,53,.774,28,111,139,26,17,7,32,76,442
178,Nene Hilario,24,DEN,64,42,1715,294,516,.570,0,1,.000,195,283,.689,150,299,449,77,62,59,127,209,783
179,Grant Hill,34,ORL,65,64,2009,342,660,.518,2,12,.167,248,324,.765,53,184,237,138,61,25,144,146,934
180,Kirk Hinrich,26,CHI,80,80,2839,475,1061,.448,140,337,.415,237,284,.835,32,242,274,500,100,23,191,274,1327
Rk,Player,Age,Tm,G,GS,MP,FG,FGA,FG%,3P,3PA,3P%,FT,FTA,FT%,ORB,DRB,TRB,AST,STL,BLK,TOV,PF,PTS
181,Robert Hite,23,MIA,12,0,136,19,60,.317,5,23,.217,8,12,.667,4,12,16,8,3,2,6,8,51
182,Julius Hodge,23,TOT,9,1,65,6,12,.500,0,0,,3,4,.750,2,6,8,12,4,0,3,6,15
182,Julius Hodge,23,DEN,4,1,37,2,5,.400,0,0,,2,2,1.000,1,2,3,10,3,0,1,3,6
182,Julius Hodge,23,MIL,5,0,28,4,7,.571,0,0,,1,2,.500,1,4,5,2,1,0,2,3,9
183,Ryan Hollins,22,CHA,27,0,185,20,36,.556,0,0,,24,40,.600,11,20,31,1,4,7,16,40,64
184,Robert Horry,36,SAS,68,8,1124,90,251,.359,50,149,.336,38,64,.594,73,156,229,77,45,41,44,105,268
185,Eddie House,28,NJN,56,1,946,180,421,.428,75,175,.429,33,36,.917,14,78,92,67,27,3,27,69,468
186,Dwight Howard,21,ORL,82,82,3023,526,873,.603,1,2,.500,390,666,.586,283,725,1008,158,70,156,317,245,1443
187,Josh Howard,26,DAL,70,69,2455,493,1075,.459,92,239,.385,243,294,.827,130,345,475,127,82,56,123,180,1321
188,Juwan Howard,33,HOU,80,38,2123,309,665,.465,0,0,,155,188,.824,138,332,470,131,29,8,112,205,773
189,Troy Hudson,30,MIN,34,6,554,74,195,.379,28,80,.350,26,32,.813,8,40,48,73,14,2,40,23,202
190,Larry Hughes,28,CLE,70,68,2596,381,953,.400,74,222,.333,209,309,.676,41,226,267,256,89,26,154,164,1045
191,Kris Humphries,21,TOR,60,2,670,87,185,.470,0,0,,53,79,.671,78,109,187,18,14,21,32,98,227
192,Lindsey Hunter,36,DET,52,0,745,94,244,.385,38,119,.319,30,33,.909,9,38,47,93,34,7,35,56,256
193,Steven Hunter,25,PHI,70,41,1605,188,326,.577,0,0,,74,151,.490,114,221,335,26,13,76,65,137,450
194,Andre Iguodala,23,PHI,76,76,3062,443,991,.447,48,155,.310,452,551,.820,77,357,434,432,152,33,261,200,1386
195,Zydrunas Ilgauskas,31,CLE,78,78,2130,385,793,.485,0,1,.000,155,192,.807,242,357,599,123,48,98,141,257,925
196,Mile Ilic,22,NJN,5,0,6,0,3,.000,0,0,,0,0,,0,1,1,0,0,0,3,1,0
197,Didier Ilunga-Mbenga,26,DAL,21,0,79,5,16,.313,0,0,,7,8,.875,3,8,11,6,3,5,5,17,17
198,Ersan Ilyasova,19,MIL,66,14,973,139,363,.383,54,148,.365,70,89,.787,58,131,189,49,27,17,51,147,402
199,Allen Iverson,31,TOT,65,64,2761,581,1313,.442,62,197,.315,485,610,.795,23,170,193,468,123,13,268,95,1709
199,Allen Iverson,31,PHI,15,15,640,151,366,.413,12,53,.226,154,174,.885,7,34,41,109,33,1,66,21,468
199,Allen Iverson,31,DEN,50,49,2121,430,947,.454,50,144,.347,331,436,.759,16,136,152,359,90,12,202,74,1241
200,Royal Ivey,25,ATL,53,18,539,64,143,.448,5,16,.313,24,35,.686,15,36,51,45,24,4,31,62,157
Rk,Player,Age,Tm,G,GS,MP,FG,FGA,FG%,3P,3PA,3P%,FT,FTA,FT%,ORB,DRB,TRB,AST,STL,BLK,TOV,PF,PTS
201,Jarrett Jack,23,POR,79,79,2651,320,705,.454,63,180,.350,243,279,.871,18,190,208,417,86,9,187,202,946
202,Bobby Jackson,33,NOK,56,2,1330,204,518,.394,54,165,.327,130,168,.774,42,136,178,141,50,6,78,98,592
203,Luke Jackson,25,TOT,13,2,138,19,43,.442,5,17,.294,5,9,.556,2,8,10,13,5,1,7,15,48
203,Luke Jackson,25,LAC,3,0,16,1,8,.125,1,4,.250,0,0,,0,1,1,4,0,0,1,3,3
203,Luke Jackson,25,TOR,10,2,122,18,35,.514,4,13,.308,5,9,.556,2,7,9,9,5,1,6,12,45
204,Marc Jackson,32,NOK,56,25,1025,159,388,.410,0,1,.000,90,103,.874,62,130,192,58,21,7,65,89,408
205,Stephen Jackson,28,TOT,75,69,2479,409,944,.433,100,311,.322,243,299,.813,61,161,222,287,84,34,183,200,1161
205,Stephen Jackson,28,IND,37,32,1186,180,430,.419,41,138,.297,120,146,.822,17,78,95,114,33,20,81,87,521
205,Stephen Jackson,28,GSW,38,37,1293,229,514,.446,59,173,.341,123,153,.804,44,83,127,173,51,14,102,113,640
206,Jerome James,31,NYK,41,11,273,33,79,.418,0,0,,10,18,.556,21,45,66,3,6,15,23,73,76
207,LeBron James,22,CLE,78,78,3190,772,1621,.476,99,310,.319,489,701,.698,83,443,526,470,125,55,250,171,2132
208,Mike James,31,MIN,82,65,2069,297,703,.422,80,215,.372,154,184,.837,25,138,163,297,55,7,129,171,828
209,Antawn Jamison,30,WAS,70,70,2662,512,1139,.450,138,379,.364,226,307,.736,134,428,562,136,80,36,104,194,1388
210,Marko Jaric,28,MIN,70,13,1555,136,325,.418,32,85,.376,67,88,.761,54,130,184,145,75,16,88,172,371
211,Sarunas Jasikevicius,30,TOT,63,3,973,128,322,.398,44,130,.338,86,95,.905,15,54,69,172,26,1,90,75,386
211,Sarunas Jasikevicius,30,IND,37,1,664,91,221,.412,32,86,.372,59,64,.922,10,38,48,111,13,0,59,53,273
211,Sarunas Jasikevicius,30,GSW,26,2,309,37,101,.366,12,44,.273,27,31,.871,5,16,21,61,13,1,31,22,113
212,Al Jefferson,22,BOS,69,60,2319,453,882,.514,0,1,.000,201,295,.681,237,519,756,88,48,106,136,232,1107
213,Richard Jefferson,26,NJN,55,53,1956,303,665,.456,52,145,.359,239,326,.733,48,192,240,148,34,8,120,123,897
214,Jared Jeffries,25,NYK,55,43,1307,95,206,.461,2,20,.100,31,68,.456,111,127,238,67,44,30,61,150,223
215,Alexander Johnson,23,MEM,59,19,753,91,169,.538,0,0,,78,118,.661,50,131,181,17,25,35,47,137,260
216,Amir Johnson,19,DET,8,0,124,18,33,.545,0,3,.000,11,14,.786,15,22,37,3,5,13,9,19,47
217,Anthony Johnson,32,TOT,67,17,1301,142,343,.414,25,73,.342,46,61,.754,22,79,101,201,33,3,76,119,355
217,Anthony Johnson,32,DAL,40,0,562,60,146,.411,11,29,.379,21,29,.724,13,35,48,78,16,1,31,68,152
217,Anthony Johnson,32,ATL,27,17,739,82,197,.416,14,44,.318,25,32,.781,9,44,53,123,17,2,45,51,203
218,DerMarr Johnson,26,DEN,39,7,419,50,154,.325,19,88,.216,16,21,.762,10,47,57,17,16,12,27,39,135
219,Joe Johnson,25,ATL,57,57,2359,536,1139,.471,119,312,.381,235,314,.748,53,186,239,249,60,11,176,115,1426
220,Linton Johnson,26,NOK,54,0,720,93,190,.489,10,30,.333,30,37,.811,52,111,163,18,33,18,27,101,226
Rk,Player,Age,Tm,G,GS,MP,FG,FGA,FG%,3P,3PA,3P%,FT,FTA,FT%,ORB,DRB,TRB,AST,STL,BLK,TOV,PF,PTS
221,Bobby Jones,23,PHI,44,5,336,43,93,.462,1,9,.111,23,41,.561,22,35,57,16,11,1,18,59,110
222,Dahntay Jones,26,MEM,78,25,1671,220,461,.477,5,12,.417,138,174,.793,47,106,153,68,39,22,92,192,583
223,Damon Jones,30,CLE,60,0,1173,137,355,.386,89,231,.385,30,44,.682,9,57,66,94,16,2,36,53,393
224,Dwayne Jones,23,CLE,4,0,18,0,1,.000,0,0,,3,6,.500,1,5,6,0,0,0,2,3,3
225,Eddie Jones,35,TOT,64,41,1594,178,422,.422,78,222,.351,59,75,.787,31,159,190,109,68,10,47,124,493
225,Eddie Jones,35,MEM,29,14,561,57,151,.377,22,74,.297,25,34,.735,14,47,61,33,22,2,23,54,161
225,Eddie Jones,35,MIA,35,27,1033,121,271,.446,56,148,.378,34,41,.829,17,112,129,76,46,8,24,70,332
226,Fred Jones,27,TOT,63,12,1319,139,361,.385,39,128,.305,95,114,.833,23,92,115,108,48,16,67,121,412
226,Fred Jones,27,TOR,39,9,870,96,249,.386,32,101,.317,73,88,.830,16,66,82,55,30,12,50,80,297
226,Fred Jones,27,POR,24,3,449,43,112,.384,7,27,.259,22,26,.846,7,26,33,53,18,4,17,41,115
227,James Jones,26,PHO,76,7,1376,162,440,.368,90,238,.378,71,81,.877,33,143,176,45,28,42,28,115,485
228,Jumaine Jones,27,PHO,18,0,138,14,51,.275,10,32,.313,2,2,1.000,6,17,23,1,5,1,7,19,40
229,Solomon Jones,22,ATL,58,8,666,65,128,.508,0,1,.000,59,75,.787,49,87,136,11,11,42,25,124,189
230,Chris Kaman,24,LAC,75,66,2176,294,652,.451,0,1,.000,166,224,.741,160,428,588,79,41,116,147,251,754
231,Jason Kapono,25,MIA,67,35,1767,278,563,.494,108,210,.514,66,74,.892,26,154,180,81,38,2,70,135,730
232,Viktor Khryapa,24,CHI,33,0,231,27,70,.386,0,6,.000,19,26,.731,20,37,57,21,10,1,16,53,73
233,Jason Kidd,33,NJN,80,80,2933,369,908,.406,124,361,.343,179,230,.778,135,520,655,736,127,23,213,146,1041
234,Tarence Kinsey,22,MEM,48,12,967,139,304,.457,13,46,.283,78,98,.796,29,68,97,41,53,1,46,57,369
235,Andrei Kirilenko,25,UTA,70,70,2049,197,418,.471,16,75,.213,174,239,.728,88,241,329,202,74,144,135,172,584
236,Linas Kleiza,22,DEN,79,14,1488,200,474,.422,83,221,.376,115,135,.852,77,189,266,45,28,14,79,200,598
237,Brevin Knight,31,CHA,45,25,1273,152,363,.419,1,18,.056,103,128,.805,14,101,115,296,67,3,95,113,408
238,Yaroslav Korolev,19,LAC,10,0,41,4,16,.250,1,5,.200,3,6,.500,1,2,3,4,3,0,1,0,12
239,Kyle Korver,25,PHI,74,1,2288,372,845,.440,132,307,.430,191,209,.914,30,229,259,105,57,20,117,188,1067
240,Nenad Krstic,23,NJN,26,26,848,170,323,.526,0,1,.000,86,121,.711,51,125,176,46,10,24,52,88,426
Rk,Player,Age,Tm,G,GS,MP,FG,FGA,FG%,3P,3PA,3P%,FT,FTA,FT%,ORB,DRB,TRB,AST,STL,BLK,TOV,PF,PTS
241,Raef LaFrentz,30,POR,27,9,352,39,102,.382,2,23,.087,20,26,.769,25,45,70,8,7,11,13,57,100
242,James Lang,23,WAS,11,0,55,4,9,.444,0,0,,3,5,.600,5,6,11,2,0,3,2,14,11
243,David Lee,23,NYK,58,12,1731,240,400,.600,0,0,,141,173,.815,196,406,602,104,48,23,92,155,621
244,Rashard Lewis,27,SEA,60,60,2348,463,1005,.461,151,387,.390,265,315,.841,91,305,396,145,68,39,118,143,1342
245,Randy Livingston,31,SEA,4,0,26,0,3,.000,0,0,,0,0,,1,0,1,4,0,0,1,2,0
246,Shaun Livingston,21,LAC,54,31,1611,208,449,.463,5,16,.313,82,116,.707,56,128,184,274,59,29,108,135,503
247,Kyle Lowry,20,MEM,10,0,175,14,38,.368,3,8,.375,25,28,.893,12,19,31,32,14,1,12,20,56
248,John Lucas,24,HOU,47,0,383,62,156,.397,15,59,.254,15,19,.789,9,27,36,33,17,0,15,38,154
249,Tyronn Lue,29,ATL,56,17,1488,218,524,.416,56,161,.348,144,163,.883,19,85,104,201,24,0,85,101,636
250,Mark Madsen,31,MIN,56,0,473,23,43,.535,0,0,,15,29,.517,35,52,87,10,10,10,21,100,61
251,Corey Maggette,27,LAC,75,31,2291,367,808,.454,13,65,.200,519,633,.820,90,352,442,208,65,14,201,244,1266
252,Jamaal Magloire,28,POR,81,23,1703,199,395,.504,0,0,,131,242,.541,151,341,492,30,21,66,129,226,529
253,Renaldo Major,24,GSW,1,0,27,2,10,.200,0,0,,1,2,.500,0,2,2,0,2,0,1,4,5
254,Stephon Marbury,29,NYK,74,74,2748,395,952,.415,123,345,.357,297,386,.769,36,177,213,403,71,10,179,185,1210
255,Shawn Marion,28,PHO,80,80,3010,561,1071,.524,80,252,.317,201,248,.810,172,613,785,134,156,122,114,216,1403
256,Damir Markota,21,MIL,30,0,170,19,52,.365,6,16,.375,7,11,.636,11,20,31,6,3,1,15,22,51
257,Sean Marks,31,PHO,3,0,17,2,6,.333,0,1,.000,2,2,1.000,0,3,3,0,0,1,0,4,6
258,Donyell Marshall,33,CLE,81,0,1360,209,493,.424,95,271,.351,53,80,.663,86,237,323,46,39,43,67,130,566
259,Rawle Marshall,24,IND,40,2,361,32,89,.360,4,18,.222,31,45,.689,8,21,29,13,12,5,19,22,99
260,Darrick Martin,35,TOR,31,0,220,33,94,.351,13,37,.351,15,21,.714,2,10,12,43,3,0,12,22,94
Rk,Player,Age,Tm,G,GS,MP,FG,FGA,FG%,3P,3PA,3P%,FT,FTA,FT%,ORB,DRB,TRB,AST,STL,BLK,TOV,PF,PTS
261,Kenyon Martin,29,DEN,2,2,63,8,16,.500,0,1,.000,3,12,.250,6,14,20,1,0,0,5,10,19
262,Kevin Martin,23,SAC,80,80,2818,505,1067,.473,127,333,.381,481,570,.844,69,273,342,173,98,11,135,181,1618
263,Desmond Mason,29,NOK,75,75,2575,407,900,.452,0,0,,214,323,.663,124,221,345,115,52,22,192,174,1028
264,Roger Mason,26,WAS,62,0,492,59,179,.330,33,102,.324,14,16,.875,7,38,45,35,13,6,19,66,165
265,Jason Maxiell,23,DET,67,8,943,131,262,.500,0,0,,72,137,.526,88,98,186,14,30,60,53,110,334
266,Sean May,22,CHA,35,8,838,164,328,.500,2,3,.667,86,112,.768,73,160,233,66,19,24,56,100,416
267,Rashad McCants,22,MIN,37,0,554,62,177,.350,20,75,.267,40,58,.690,14,33,47,38,26,7,40,71,184
268,Chris McCray,22,MIL,5,0,12,0,3,.000,0,0,,0,0,,0,0,0,0,0,0,2,1,0
269,Antonio McDyess,32,DET,82,3,1729,284,540,.526,0,0,,96,139,.691,165,331,496,72,61,65,75,240,664
270,Ivan McFarlin,24,PHI,11,0,41,5,13,.385,0,1,.000,5,7,.714,7,4,11,1,0,0,1,8,15
271,Tracy McGrady,27,HOU,71,71,2539,638,1480,.431,126,381,.331,345,488,.707,56,322,378,458,92,36,213,136,1747
272,Jeff McInnis,32,CHA,38,3,702,71,181,.392,1,8,.125,22,32,.688,14,48,62,124,14,0,42,72,165
273,Aaron McKie,34,LAL,10,0,131,11,17,.647,0,0,,0,0,,1,17,18,13,4,0,8,14,22
274,Keith McLeod,27,TOT,48,9,718,73,188,.388,16,45,.356,69,78,.885,4,39,43,90,24,5,46,51,231
274,Keith McLeod,27,GSW,26,2,379,41,105,.390,9,23,.391,47,53,.887,3,18,21,45,17,3,23,21,138
274,Keith McLeod,27,IND,22,7,339,32,83,.386,7,22,.318,22,25,.880,1,21,22,45,7,2,23,30,93
275,Stanislav Medvedenko,27,ATL,14,0,81,12,29,.414,1,2,.500,17,20,.850,4,10,14,2,0,2,5,16,42
276,Pops Mensah-Bonsu,23,DAL,12,0,71,11,17,.647,0,0,,7,18,.389,9,12,21,0,1,0,9,8,29
277,C.J. Miles,19,UTA,37,13,373,40,116,.345,7,32,.219,14,23,.609,11,24,35,25,11,4,28,60,101
278,Darko Milicic,21,ORL,80,16,1913,249,548,.454,0,1,.000,141,230,.613,145,292,437,90,44,140,124,219,639
279,Andre Miller,30,TOT,80,79,2966,424,909,.466,5,35,.143,222,283,.784,97,255,352,625,110,10,222,184,1075
279,Andre Miller,30,DEN,23,23,822,117,248,.472,4,16,.250,62,85,.729,25,79,104,209,37,4,70,58,300
279,Andre Miller,30,PHI,57,56,2144,307,661,.464,1,19,.053,160,198,.808,72,176,248,416,73,6,152,126,775
280,Brad Miller,30,SAC,63,56,1783,224,494,.453,5,33,.152,115,149,.772,79,322,401,224,38,39,108,155,568
Rk,Player,Age,Tm,G,GS,MP,FG,FGA,FG%,3P,3PA,3P%,FT,FTA,FT%,ORB,DRB,TRB,AST,STL,BLK,TOV,PF,PTS
281,Mike Miller,26,MEM,70,69,2740,465,1010,.460,202,498,.406,161,203,.793,52,326,378,298,54,18,179,138,1293
282,Paul Millsap,21,UTA,82,1,1472,209,398,.525,1,3,.333,140,208,.673,183,240,423,62,67,74,94,236,559
283,Yao Ming,26,HOU,48,48,1624,423,819,.516,0,2,.000,356,413,.862,101,351,452,94,17,94,167,159,1202
284,Cuttino Mobley,31,LAC,78,73,2841,388,882,.440,101,246,.411,200,239,.837,52,215,267,198,92,24,145,186,1077
285,Nazr Mohammed,29,DET,51,33,773,118,222,.532,0,0,,50,82,.610,89,140,229,9,27,40,43,133,286
286,Mikki Moore,31,NJN,79,55,2082,308,506,.609,0,1,.000,160,235,.681,145,258,403,74,46,60,113,261,776
287,Randolph Morris,21,NYK,5,0,44,1,6,.167,0,0,,2,6,.333,1,8,9,1,2,1,2,4,4
288,Adam Morrison,22,CHA,78,23,2326,355,944,.376,87,258,.337,120,169,.710,54,176,230,163,28,6,130,179,917
289,Alonzo Mourning,36,MIA,77,43,1572,238,425,.560,0,0,,185,308,.601,126,224,350,18,13,178,129,219,661
290,Troy Murphy,26,TOT,68,48,1852,266,581,.458,58,147,.395,108,145,.745,100,314,414,126,46,42,78,196,698
290,Troy Murphy,26,GSW,26,17,667,81,180,.450,22,59,.373,47,66,.712,37,120,157,60,21,17,29,63,231
290,Troy Murphy,26,IND,42,31,1185,185,401,.461,36,88,.409,61,79,.772,63,194,257,66,25,25,49,133,467
291,Ronald Murray,27,DET,69,18,1477,177,438,.404,24,83,.289,87,120,.725,26,87,113,187,49,13,90,96,465
292,Dikembe Mutombo,40,HOU,75,33,1289,85,153,.556,0,0,,60,87,.690,164,324,488,13,22,76,38,156,230
293,Bostjan Nachbar,26,NJN,76,1,1532,226,495,.457,112,265,.423,132,164,.805,27,226,253,61,30,26,69,183,696
294,Eduardo Najera,30,DEN,75,36,1658,204,354,.576,1,12,.083,88,123,.715,131,179,310,64,73,26,56,207,497
295,Steve Nash,32,PHO,76,76,2682,517,971,.532,156,343,.455,222,247,.899,30,239,269,884,57,6,287,117,1412
296,Jameer Nelson,24,ORL,77,77,2331,376,875,.430,65,194,.335,183,221,.828,50,186,236,330,73,5,184,225,1000
297,Rasho Nesterovic,30,TOR,80,73,1676,230,421,.546,0,1,.000,34,50,.680,115,245,360,74,37,84,56,193,494
298,Ira Newble,32,CLE,15,1,129,16,37,.432,8,15,.533,6,10,.600,13,17,30,2,6,0,3,17,46
299,Andres Nocioni,27,CHI,53,31,1406,273,584,.467,80,209,.383,123,145,.848,42,259,301,57,27,24,104,164,749
300,David Noel,22,MIL,68,0,792,65,177,.367,17,53,.321,37,43,.860,42,81,123,65,25,9,40,77,184
Rk,Player,Age,Tm,G,GS,MP,FG,FGA,FG%,3P,3PA,3P%,FT,FTA,FT%,ORB,DRB,TRB,AST,STL,BLK,TOV,PF,PTS
301,Steve Novak,23,HOU,35,1,191,18,50,.360,13,39,.333,2,2,1.000,4,22,26,6,5,0,4,21,51
302,Dirk Nowitzki,28,DAL,78,78,2820,673,1341,.502,72,173,.416,498,551,.904,122,571,693,263,52,62,167,171,1916
303,Patrick O'Bryant,20,GSW,16,0,119,10,32,.313,0,0,,11,17,.647,7,14,21,9,6,8,8,26,31
304,Jermaine O'Neal,28,IND,69,69,2459,498,1141,.436,0,7,.000,343,447,.767,153,508,661,167,50,182,203,232,1339
305,Shaquille O'Neal,34,MIA,40,39,1135,283,479,.591,0,0,,124,294,.422,97,200,297,79,8,55,95,139,690
306,Fabricio Oberto,31,SAS,79,33,1365,158,281,.562,0,0,,33,51,.647,131,237,368,68,25,24,69,213,349
307,Lamar Odom,27,LAL,56,56,2202,319,681,.468,54,182,.297,198,283,.700,102,445,547,270,53,32,163,182,890
308,Emeka Okafor,24,CHA,67,65,2329,394,740,.532,0,0,,175,295,.593,258,499,757,80,57,172,111,210,963
309,Mehmet Okur,27,UTA,80,80,2664,490,1061,.462,129,336,.384,296,387,.765,160,419,579,156,36,38,125,257,1405
310,Kevin Ollie,34,PHI,53,23,919,81,187,.433,0,2,.000,37,45,.822,8,66,74,130,21,1,47,76,199
311,Michael Olowokandi,31,BOS,24,0,234,19,46,.413,0,0,,2,3,.667,14,34,48,5,8,13,17,48,40
312,Bo Outlaw,35,ORL,41,0,460,34,51,.667,0,0,,13,22,.591,47,59,106,16,17,6,21,57,81
313,Travis Outlaw,22,POR,67,1,1532,246,567,.434,10,37,.270,143,181,.790,65,152,217,52,61,74,66,150,645
314,Zaza Pachulia,22,ATL,72,47,2026,291,614,.474,0,1,.000,293,373,.786,199,301,500,106,77,36,162,267,875
315,Scott Padgett,30,TOT,31,0,231,16,56,.286,8,33,.242,6,13,.462,16,38,54,8,5,3,9,35,46
315,Scott Padgett,30,HOU,24,0,198,15,49,.306,8,29,.276,6,11,.545,11,34,45,8,4,3,8,33,44
315,Scott Padgett,30,MEM,7,0,33,1,7,.143,0,4,.000,0,2,.000,5,4,9,0,1,0,1,2,2
316,Jannero Pargo,27,NOK,82,7,1710,283,692,.409,81,209,.388,104,122,.852,20,160,180,203,53,4,122,121,751
317,Anthony Parker,31,TOR,73,73,2437,328,687,.477,115,261,.441,132,158,.835,60,223,283,153,73,11,71,135,903
318,Smush Parker,25,LAL,82,80,2457,342,785,.436,110,301,.365,113,175,.646,45,161,206,228,119,10,153,211,907
319,Tony Parker,24,SAS,77,77,2499,570,1096,.520,15,38,.395,274,350,.783,34,216,250,420,82,6,191,137,1429
320,Ruben Patterson,31,MIL,81,53,2508,475,867,.548,3,19,.158,241,376,.641,190,250,440,232,110,25,199,232,1194
Rk,Player,Age,Tm,G,GS,MP,FG,FGA,FG%,3P,3PA,3P%,FT,FTA,FT%,ORB,DRB,TRB,AST,STL,BLK,TOV,PF,PTS
321,Chris Paul,21,NOK,64,64,2353,381,871,.437,50,143,.350,292,357,.818,54,226,280,569,118,3,161,154,1104
322,Sasha Pavlovic,23,CLE,67,28,1534,222,490,.453,60,148,.405,100,126,.794,23,135,158,105,55,17,102,145,604
323,Gary Payton,38,MIA,68,28,1503,144,366,.393,32,123,.260,38,57,.667,18,114,132,201,43,3,66,117,358
324,Kendrick Perkins,22,BOS,72,53,1576,132,269,.491,0,3,.000,60,100,.600,113,259,372,94,23,96,113,214,324
325,Morris Peterson,29,TOR,71,12,1515,222,517,.429,106,295,.359,84,123,.683,32,205,237,47,45,12,53,126,634
326,Johan Petro,21,SEA,81,13,1510,226,438,.516,0,0,,50,77,.649,92,243,335,45,39,47,82,237,502
327,Eric Piatkowski,36,PHO,11,0,73,9,25,.360,7,18,.389,2,2,1.000,2,7,9,4,0,1,5,6,27
328,Paul Pierce,29,BOS,47,46,1740,373,850,.439,107,275,.389,320,402,.796,39,238,277,194,48,13,152,122,1173
329,Mickael Pietrus,24,GSW,72,38,1937,286,586,.488,93,240,.388,136,210,.648,81,246,327,62,48,55,105,220,801
330,Kevinn Pinkney,23,BOS,6,0,100,12,27,.444,1,2,.500,6,9,.667,7,8,15,5,3,3,4,12,31
331,Scot Pollard,31,CLE,24,0,109,11,26,.423,0,0,,2,4,.500,15,16,31,3,4,1,4,27,24
332,James Posey,30,MIA,71,19,1919,186,432,.431,97,259,.375,81,98,.827,66,291,357,94,71,23,55,193,550
333,Vitaly Potapenko,31,SAC,3,0,13,0,4,.000,0,0,,0,0,,0,2,2,0,0,0,2,3,0
334,Leon Powe,23,BOS,63,2,720,79,177,.446,0,2,.000,106,144,.736,97,118,215,10,14,22,47,104,264
335,Josh Powell,24,TOT,37,0,353,43,93,.462,0,0,,30,42,.714,24,64,88,21,5,12,29,61,116
335,Josh Powell,24,IND,7,0,64,2,15,.133,0,0,,8,12,.667,7,12,19,3,0,0,5,18,12
335,Josh Powell,24,GSW,30,0,289,41,78,.526,0,0,,22,30,.733,17,52,69,18,5,12,24,43,104
336,Roger Powell,24,UTA,3,0,13,0,3,.000,0,1,.000,2,2,1.000,3,0,3,0,0,0,3,2,2
337,Ronnie Price,23,SAC,58,1,563,67,172,.390,21,65,.323,37,55,.673,15,56,71,48,28,4,33,64,192
338,Tayshaun Prince,26,DET,82,82,3001,459,997,.460,81,210,.386,172,224,.768,144,285,429,227,51,55,98,116,1171
339,Joel Przybilla,27,POR,43,43,701,37,78,.474,0,0,,10,27,.370,59,109,168,12,10,67,40,124,84
340,Chris Quinn,23,MIA,42,1,408,48,131,.366,20,57,.351,25,37,.676,6,24,30,65,15,0,21,32,141
Rk,Player,Age,Tm,G,GS,MP,FG,FGA,FG%,3P,3PA,3P%,FT,FTA,FT%,ORB,DRB,TRB,AST,STL,BLK,TOV,PF,PTS
341,Vladimir Radmanovic,26,LAL,55,15,986,134,316,.424,40,118,.339,53,73,.726,53,127,180,66,25,18,69,125,361
342,Shavlik Randolph,23,PHI,13,6,179,23,48,.479,0,0,,12,22,.545,19,35,54,4,7,10,9,23,58
343,Zach Randolph,25,POR,68,67,2425,600,1286,.467,14,48,.292,394,481,.819,199,489,688,147,53,15,215,184,1608
344,Theo Ratliff,33,BOS,2,2,44,1,3,.333,0,0,,3,4,.750,2,5,7,0,1,3,1,6,5
345,Allan Ray,22,BOS,47,5,710,100,259,.386,48,116,.414,42,55,.764,18,51,69,43,20,3,42,85,290
346,Michael Redd,27,MIL,53,53,2036,477,1025,.465,117,306,.382,345,416,.829,42,154,196,124,63,9,122,78,1416
347,J.J. Redick,22,ORL,42,0,622,80,195,.410,38,98,.388,54,60,.900,10,42,52,36,12,0,21,52,252
348,Justin Reed,25,MIN,41,3,318,40,107,.374,0,0,,26,30,.867,15,31,46,17,5,3,22,44,106
349,Jared Reiner,24,MIL,27,2,244,15,43,.349,0,0,,3,10,.300,21,50,71,13,5,6,14,45,33
350,Jason Richardson,26,GSW,51,49,1675,306,734,.417,110,301,.365,92,140,.657,71,188,259,172,54,32,82,129,814
351,Jeremy Richardson,22,TOT,6,0,20,3,6,.500,2,3,.667,0,0,,1,1,2,0,1,0,1,2,8
351,Jeremy Richardson,22,ATL,5,0,19,3,6,.500,2,3,.667,0,0,,1,1,2,0,1,0,1,2,8
351,Jeremy Richardson,22,POR,1,0,1,0,0,,0,0,,0,0,,0,0,0,0,0,0,0,0,0
352,Quentin Richardson,26,NYK,49,47,1621,228,545,.418,97,258,.376,83,120,.692,65,287,352,108,36,7,70,133,636
353,Luke Ridnour,25,SEA,71,58,2091,301,695,.433,49,139,.353,128,159,.805,28,136,164,368,83,19,156,181,779
354,Anthony Roberson,23,GSW,20,1,227,44,104,.423,21,55,.382,2,3,.667,2,19,21,10,12,0,13,27,111
355,Lawrence Roberts,24,MEM,54,18,969,94,208,.452,0,2,.000,95,131,.725,101,160,261,30,36,13,36,133,283
356,Bernard Robinson,26,TOT,31,0,278,19,62,.306,0,2,.000,23,27,.852,10,38,48,19,17,2,16,32,61
356,Bernard Robinson,26,CHA,21,0,241,16,54,.296,0,2,.000,19,22,.864,9,33,42,17,13,1,16,28,51
356,Bernard Robinson,26,NJN,10,0,37,3,8,.375,0,0,,4,5,.800,1,5,6,2,4,1,0,4,10
357,Clifford Robinson,40,NJN,50,1,955,81,218,.372,25,66,.379,16,36,.444,31,91,122,51,12,23,30,98,203
358,Nate Robinson,22,NYK,64,5,1356,227,523,.434,83,213,.390,108,139,.777,55,97,152,90,50,6,72,160,645
359,Sergio Rodriguez,20,POR,67,1,862,101,239,.423,24,85,.282,21,26,.808,20,71,91,218,35,2,77,72,247
360,Rajon Rondo,20,BOS,78,25,1831,188,450,.418,6,29,.207,119,184,.647,74,218,292,297,128,8,137,181,501
Rk,Player,Age,Tm,G,GS,MP,FG,FGA,FG%,3P,3PA,3P%,FT,FTA,FT%,ORB,DRB,TRB,AST,STL,BLK,TOV,PF,PTS
361,Jalen Rose,34,PHO,29,0,246,38,86,.442,21,47,.447,11,12,.917,3,20,23,16,5,2,9,22,108
362,Malik Rose,32,NYK,65,2,810,74,186,.398,2,8,.250,42,52,.808,47,128,175,65,26,9,65,120,192
363,Quinton Ross,25,LAC,81,43,1700,177,379,.467,2,10,.200,68,87,.782,60,130,190,86,70,32,33,179,424
364,Brandon Roy,22,POR,57,55,2015,349,765,.456,55,146,.377,202,241,.838,58,192,250,230,67,10,116,139,955
365,Michael Ruffin,30,WAS,30,0,271,5,18,.278,0,0,,7,19,.368,35,27,62,6,6,8,12,43,17
366,John Salmons,27,SAC,79,19,2135,236,517,.456,40,112,.357,159,204,.779,47,217,264,254,73,27,119,177,671
367,Jamal Sampson,23,DEN,22,3,125,9,14,.643,0,1,.000,6,14,.429,15,33,48,5,2,7,10,17,24
368,Brian Scalabrine,28,BOS,54,17,1027,77,191,.403,44,110,.400,18,23,.783,24,81,105,59,23,18,44,130,216
369,Luke Schenscher,24,POR,11,0,118,7,23,.304,0,0,,5,7,.714,10,15,25,1,2,4,4,25,19
370,Thabo Sefolosha,22,CHI,71,4,868,109,256,.426,15,42,.357,23,45,.511,35,118,153,60,33,11,60,100,256
371,Mouhamed Sene,20,SEA,28,3,169,18,49,.367,0,0,,17,29,.586,16,29,45,0,3,12,11,33,53
372,Wayne Simien,23,MIA,8,0,93,9,23,.391,0,0,,5,7,.714,5,6,11,4,2,0,3,13,23
373,Cedric Simmons,21,NOK,43,4,534,55,132,.417,0,0,,16,33,.485,44,63,107,12,8,23,22,75,126
374,James Singleton,25,LAC,53,0,376,30,82,.366,3,14,.214,22,29,.759,36,70,106,17,15,17,17,45,85
375,Brian Skinner,30,MIL,67,44,1523,124,253,.490,0,0,,46,79,.582,106,279,385,58,18,64,75,195,294
376,Uros Slokar,23,TOR,20,0,72,14,26,.538,1,2,.500,9,13,.692,7,7,14,1,1,2,9,11,38
377,Craig Smith,23,MIN,82,5,1537,246,463,.531,0,6,.000,116,186,.624,149,267,416,49,51,18,74,223,608
378,J.R. Smith,21,DEN,63,24,1471,284,644,.441,149,382,.390,102,126,.810,30,113,143,91,49,9,85,147,819
379,Joe Smith,31,TOT,65,11,1503,214,477,.449,0,5,.000,125,148,.845,120,280,400,49,37,27,76,148,553
379,Joe Smith,31,DEN,11,0,148,23,48,.479,0,1,.000,10,12,.833,13,27,40,3,6,7,13,23,56
379,Joe Smith,31,PHI,54,11,1355,191,429,.445,0,4,.000,115,136,.846,107,253,360,46,31,20,63,125,497
380,Josh Smith,21,ATL,72,72,2647,436,993,.439,38,152,.250,268,387,.693,165,456,621,236,101,207,227,241,1178
Rk,Player,Age,Tm,G,GS,MP,FG,FGA,FG%,3P,3PA,3P%,FT,FTA,FT%,ORB,DRB,TRB,AST,STL,BLK,TOV,PF,PTS
381,Steven Smith,23,PHI,8,0,28,2,8,.250,0,0,,1,2,.500,1,5,6,0,1,0,2,4,5
382,Eric Snow,33,CLE,82,45,1929,135,324,.417,0,4,.000,72,113,.637,35,153,188,330,55,16,111,185,342
383,Kirk Snyder,23,HOU,39,1,563,66,146,.452,11,44,.250,49,75,.653,17,66,83,39,11,12,26,51,192
384,Darius Songaila,28,WAS,37,1,700,118,225,.524,0,2,.000,46,54,.852,44,90,134,38,17,10,43,105,282
385,Pape Sow,25,TOR,7,0,34,3,9,.333,0,0,,4,6,.667,6,5,11,2,1,1,1,2,10
386,Vassilis Spanoulis,24,HOU,31,0,272,23,72,.319,5,29,.172,34,42,.810,5,17,22,28,7,1,29,33,85
387,Jerry Stackhouse,32,DAL,67,8,1615,280,654,.428,62,162,.383,182,215,.847,39,106,145,187,51,10,117,78,804
388,DeShawn Stevenson,25,WAS,82,82,2419,347,753,.461,74,183,.404,152,216,.704,55,161,216,218,65,19,119,155,920
389,Peja Stojakovic,29,NOK,13,13,425,83,196,.423,34,84,.405,31,38,.816,11,43,54,11,8,4,19,29,231
390,Damon Stoudamire,33,MEM,62,51,1501,171,437,.391,59,175,.337,66,83,.795,31,108,139,299,47,2,101,95,467
391,Salim Stoudamire,24,ATL,61,0,1034,177,425,.416,56,155,.361,61,68,.897,6,68,74,61,21,2,55,88,471
392,Amare Stoudemire,24,PHO,82,78,2689,607,1055,.575,0,3,.000,457,585,.781,222,564,786,84,78,110,232,295,1671
393,Mike Sweetney,24,CHI,48,0,385,58,134,.433,0,0,,37,66,.561,45,75,120,28,9,11,42,79,153
394,Stromile Swift,27,MEM,54,18,1029,161,346,.465,0,5,.000,97,134,.724,85,165,250,17,30,62,69,146,419
395,Wally Szczerbiak,29,BOS,32,19,900,161,388,.415,44,106,.415,113,126,.897,16,82,98,55,18,3,54,65,479
396,Donell Taylor,24,WAS,47,1,369,56,140,.400,3,17,.176,11,21,.524,14,39,53,45,17,3,25,34,126
397,Maurice Taylor,30,SAC,12,2,103,8,28,.286,0,0,,8,13,.615,10,18,28,5,4,1,6,16,24
398,Sebastian Telfair,21,BOS,78,30,1578,176,474,.371,37,128,.289,90,110,.818,17,91,108,218,43,11,98,166,479
399,Jason Terry,29,DAL,81,80,2846,514,1063,.484,162,370,.438,160,199,.804,41,190,231,422,81,17,152,170,1350
400,Etan Thomas,28,WAS,65,32,1246,159,277,.574,0,0,,77,138,.558,136,241,377,29,22,89,71,162,395
Rk,Player,Age,Tm,G,GS,MP,FG,FGA,FG%,3P,3PA,3P%,FT,FTA,FT%,ORB,DRB,TRB,AST,STL,BLK,TOV,PF,PTS
401,Kenny Thomas,29,SAC,62,53,1412,146,303,.482,0,1,.000,39,76,.513,134,243,377,76,43,16,90,141,331
402,Kurt Thomas,34,PHO,67,13,1208,126,259,.486,0,1,.000,56,71,.789,86,293,379,24,24,29,35,156,308
403,Tim Thomas,29,LAC,76,24,2054,299,723,.414,136,356,.382,102,144,.708,63,315,378,171,55,28,106,228,836
404,Tyrus Thomas,20,CHI,72,4,966,134,282,.475,0,2,.000,106,175,.606,89,180,269,40,46,76,94,162,374
405,Dijon Thompson,23,ATL,6,0,50,6,15,.400,0,2,.000,5,6,.833,3,5,8,2,0,0,1,2,17
406,Jamaal Tinsley,28,IND,72,72,2243,346,889,.389,61,193,.316,172,239,.720,60,180,240,494,117,25,200,190,925
407,Jake Tsakalidis,27,TOT,36,7,390,29,72,.403,0,0,,26,39,.667,42,62,104,5,8,12,24,51,84
407,Jake Tsakalidis,27,MEM,23,7,258,20,50,.400,0,0,,14,24,.583,24,40,64,2,7,11,21,34,54
407,Jake Tsakalidis,27,HOU,13,0,132,9,22,.409,0,0,,12,15,.800,18,22,40,3,1,1,3,17,30
408,P.J. Tucker,21,TOR,17,0,83,11,22,.500,0,0,,8,14,.571,11,12,23,3,2,0,6,12,30
409,Ronny Turiaf,24,LAL,72,1,1087,147,268,.549,0,1,.000,89,134,.664,88,171,259,63,17,78,52,202,383
410,Hedo Turkoglu,27,ORL,73,73,2268,345,823,.419,109,281,.388,171,219,.781,57,236,293,233,70,16,143,221,970
411,Ime Udoka,29,POR,75,75,2144,237,514,.461,89,219,.406,66,89,.742,95,184,279,112,71,17,73,207,629
412,Beno Udrih,24,SAS,73,1,948,127,344,.369,33,115,.287,53,60,.883,11,71,82,122,27,1,56,70,340
413,Anderson Varejao,24,CLE,81,6,1932,191,401,.476,0,9,.000,165,268,.616,191,354,545,75,76,52,67,269,547
414,Jacque Vaughn,31,SAS,64,4,760,71,167,.425,1,2,.500,49,65,.754,8,60,68,131,24,2,40,74,192
415,Charlie Villanueva,22,MIL,39,17,984,180,383,.470,29,86,.337,73,89,.820,62,166,228,36,24,12,54,108,462
416,Marcus Vinicius,22,NOK,13,0,103,7,15,.467,3,7,.429,5,7,.714,2,9,11,5,2,1,6,10,22
417,Jake Voskuhl,29,CHA,73,9,1043,121,255,.475,0,0,,77,113,.681,84,172,256,44,30,24,56,199,319
418,Sasha Vujacic,22,LAL,73,4,935,105,268,.392,60,161,.373,43,49,.878,28,79,107,64,41,1,30,103,313
419,Dwyane Wade,25,MIA,51,50,1931,472,962,.491,21,79,.266,432,535,.807,51,188,239,384,107,62,216,117,1397
420,Von Wafer,21,LAC,1,0,1,0,1,.000,0,1,.000,0,0,,0,0,0,0,0,0,0,0,0
Rk,Player,Age,Tm,G,GS,MP,FG,FGA,FG%,3P,3PA,3P%,FT,FTA,FT%,ORB,DRB,TRB,AST,STL,BLK,TOV,PF,PTS
421,Dajuan Wagner,23,GSW,1,0,7,1,1,1.000,1,1,1.000,1,2,.500,0,0,0,1,0,0,1,1,4
422,Antoine Walker,30,MIA,78,15,1818,265,668,.397,84,305,.275,46,105,.438,92,247,339,130,48,17,141,173,660
423,Ben Wallace,32,CHI,77,77,2697,192,424,.453,1,5,.200,109,267,.408,303,518,821,186,111,156,101,153,494
424,Gerald Wallace,24,CHA,72,71,2640,478,952,.502,39,120,.325,309,447,.691,142,376,518,185,144,69,160,209,1304
425,Rasheed Wallace,32,DET,75,72,2419,357,843,.423,104,296,.351,108,137,.788,90,453,543,127,75,118,94,225,926
426,Luke Walton,26,LAL,60,60,1982,264,557,.474,48,124,.387,108,145,.745,87,215,302,257,60,21,118,117,684
427,Hakim Warrick,24,MEM,82,43,2152,373,712,.524,0,8,.000,299,388,.771,130,290,420,75,43,30,161,232,1045
428,Earl Watson,27,SEA,77,25,2152,263,687,.383,92,280,.329,108,147,.735,34,151,185,437,99,23,167,152,726
429,Chris Webber,33,TOT,61,60,1821,289,639,.452,4,11,.364,102,160,.638,124,313,437,188,60,41,107,143,684
429,Chris Webber,33,PHI,18,18,544,89,230,.387,2,5,.400,18,28,.643,37,112,149,61,18,15,33,36,198
429,Chris Webber,33,DET,43,42,1277,200,409,.489,2,6,.333,84,132,.636,87,201,288,127,42,26,74,107,486
430,Martell Webster,20,POR,82,27,1759,195,492,.396,91,250,.364,93,132,.705,43,197,240,52,35,19,76,126,574
431,Bonzi Wells,30,HOU,28,1,590,85,207,.411,1,7,.143,46,82,.561,26,94,120,31,24,13,57,62,217
432,David Wesley,36,CLE,35,5,352,22,75,.293,9,38,.237,20,28,.714,3,32,35,37,12,4,17,32,73
433,David West,26,NOK,52,52,1900,377,792,.476,8,25,.320,187,227,.824,126,298,424,114,42,38,98,143,949
434,Delonte West,23,BOS,69,47,2219,306,717,.427,65,178,.365,168,197,.853,32,176,208,304,74,34,140,152,845
435,James White,24,SAS,6,2,137,18,41,.439,2,7,.286,12,15,.800,3,17,20,5,3,1,5,7,50
436,Chris Wilcox,24,SEA,82,81,2586,433,819,.529,0,6,.000,240,351,.684,178,451,629,82,70,38,127,248,1106
437,Damien Wilkins,27,SEA,82,31,2037,262,602,.435,50,122,.410,150,170,.882,87,142,229,156,92,16,116,157,724
438,Mike Wilks,27,SEA,47,4,534,66,141,.468,5,15,.333,33,42,.786,15,39,54,79,15,4,31,53,170
439,Aaron Williams,35,LAC,38,7,374,29,53,.547,0,1,.000,18,22,.818,27,58,85,7,7,14,18,56,76
440,Alvin Williams,32,LAC,2,0,10,0,2,.000,0,1,.000,2,4,.500,1,0,1,3,2,0,3,0,2
Rk,Player,Age,Tm,G,GS,MP,FG,FGA,FG%,3P,3PA,3P%,FT,FTA,FT%,ORB,DRB,TRB,AST,STL,BLK,TOV,PF,PTS
441,Deron Williams,22,UTA,80,80,2950,494,1083,.456,82,255,.322,227,296,.767,41,226,267,745,78,13,246,254,1297
442,Eric Williams,34,TOT,21,0,121,19,47,.404,8,19,.421,8,14,.571,3,14,17,7,3,0,7,12,54
442,Eric Williams,34,SAS,16,0,88,15,34,.441,8,17,.471,4,7,.571,1,13,14,6,2,0,5,6,42
442,Eric Williams,34,CHA,5,0,33,4,13,.308,0,2,.000,4,7,.571,2,1,3,1,1,0,2,6,12
443,Jason Williams,31,MIA,61,55,1865,235,569,.413,100,295,.339,94,103,.913,18,123,141,322,58,1,100,68,664
444,Justin Williams,22,SAC,26,1,333,54,88,.614,0,1,.000,23,63,.365,51,64,115,2,5,16,15,51,131
445,Louis Williams,20,PHI,61,0,688,93,211,.441,12,37,.324,64,92,.696,17,53,70,110,22,1,46,42,262
446,Marcus Williams,21,NJN,79,2,1315,208,526,.395,46,163,.282,72,85,.847,29,134,163,260,29,2,142,96,534
447,Marvin Williams,20,ATL,64,63,2179,306,706,.433,11,45,.244,216,265,.815,84,253,337,121,52,30,127,191,839
448,Mo Williams,24,MIL,68,68,2472,468,1049,.446,79,228,.346,159,186,.855,54,275,329,416,85,6,203,201,1174
449,Shammond Williams,31,LAL,30,0,345,35,86,.407,20,50,.400,4,6,.667,11,29,40,31,12,0,13,20,94
450,Shawne Williams,20,IND,46,3,556,75,160,.469,19,52,.365,11,20,.550,33,50,83,22,6,8,24,69,180
451,Shelden Williams,23,ATL,81,31,1514,166,365,.455,2,4,.500,110,144,.764,131,304,435,44,52,39,96,199,444
452,Corliss Williamson,33,SAC,68,1,1337,236,463,.510,0,2,.000,148,207,.715,63,158,221,39,29,15,97,183,620
453,Kevin Willis,44,DAL,5,0,43,5,13,.385,0,0,,2,2,1.000,2,6,8,1,2,1,2,11,12
454,Metta World Peace,27,SAC,70,65,2641,458,1040,.440,93,260,.358,307,415,.740,102,352,454,235,149,43,146,205,1316
455,Antoine Wright,22,NJN,63,23,1137,110,251,.438,19,59,.322,44,73,.603,38,137,175,55,30,10,43,120,283
456,Bracey Wright,22,MIN,19,0,190,24,60,.400,6,20,.300,13,18,.722,7,14,21,15,9,1,6,6,67
457,Dorell Wright,21,MIA,66,19,1292,162,364,.445,5,34,.147,64,86,.744,40,232,272,95,41,46,65,112,393
458,Lorenzen Wright,31,ATL,67,31,1035,82,183,.448,0,0,,9,32,.281,85,131,216,40,28,28,39,204,173