Rk,Player,Age,Tm,G,GS,MP,FG,FGA,FG%,3P,3PA,3P%,FT,FTA,FT%,ORB,DRB,TRB,AST,STL,BLK,TOV,PF,PTS
1,Shareef Abdur-Rahim,31,SAC,6,0,51,3,14,.214,0,0,,4,4,1.000,6,4,10,4,1,0,1,9,10
2,Arron Afflalo,22,DET,75,9,970,99,241,.411,10,48,.208,68,87,.782,36,101,137,52,31,8,34,83,276
3,Maurice Ager,23,TOT,26,3,165,21,65,.323,3,19,.158,6,12,.500,4,9,13,8,0,1,6,17,51
3,Maurice Ager,23,DAL,12,3,77,5,27,.185,0,8,.000,5,6,.833,1,3,4,4,0,1,3,11,15
3,Maurice Ager,23,NJN,14,0,88,16,38,.421,3,11,.273,1,6,.167,3,6,9,4,0,0,3,6,36
4,Blake Ahearn,23,MIA,12,0,177,15,57,.263,10,34,.294,30,31,.968,1,18,19,19,6,0,16,20,70
5,LaMarcus Aldridge,22,POR,76,76,2649,561,1160,.484,1,7,.143,227,298,.762,220,358,578,122,55,94,126,240,1350
6,Malik Allen,29,TOT,73,16,1096,157,327,.480,1,2,.500,23,25,.920,66,130,196,44,19,31,45,149,338
6,Malik Allen,29,NJN,48,12,763,124,261,.475,1,2,.500,12,13,.923,42,86,128,29,15,21,32,89,261
6,Malik Allen,29,DAL,25,4,333,33,66,.500,0,0,,11,12,.917,24,44,68,15,4,10,13,60,77
7,Ray Allen,32,BOS,73,73,2624,439,986,.445,180,452,.398,215,237,.907,75,193,268,225,65,16,127,147,1273
8,Tony Allen,26,BOS,75,11,1373,169,389,.434,18,57,.316,138,181,.762,34,134,168,114,62,21,109,168,494
9,Lance Allred,26,CLE,3,0,10,1,4,.250,0,0,,1,2,.500,0,1,1,0,0,0,0,1,3
10,Morris Almond,22,UTA,9,0,39,4,15,.267,1,4,.250,4,6,.667,0,2,2,3,1,0,2,5,13
11,Rafer Alston,31,HOU,74,74,2526,364,924,.394,143,407,.351,98,137,.715,28,232,260,392,98,18,160,139,969
12,Louis Amundson,25,PHI,16,0,64,8,16,.500,0,0,,2,7,.286,7,5,12,0,1,1,2,13,18
13,Chris Andersen,29,NOH,5,0,34,2,7,.286,0,0,,2,4,.500,2,7,9,0,0,4,1,6,6
14,Derek Anderson,33,CHA,28,0,396,47,125,.376,19,52,.365,28,38,.737,9,43,52,44,12,1,25,49,141
15,Carmelo Anthony,23,DEN,77,77,2806,728,1481,.492,58,164,.354,464,590,.786,178,393,571,259,98,39,253,253,1978
16,Joel Anthony,25,MIA,24,1,498,28,60,.467,0,0,,29,49,.592,38,55,93,3,9,31,17,55,85
17,Gilbert Arenas,26,WAS,13,8,425,78,196,.398,22,78,.282,74,96,.771,6,45,51,66,23,1,49,30,252
18,Trevor Ariza,22,TOT,35,3,546,69,136,.507,5,18,.278,49,75,.653,30,78,108,44,31,11,23,45,192
18,Trevor Ariza,22,ORL,11,0,115,14,31,.452,0,3,.000,8,15,.533,5,19,24,8,5,3,5,9,36
18,Trevor Ariza,22,LAL,24,3,431,55,105,.524,5,15,.333,41,60,.683,25,59,84,36,26,8,18,36,156
19,Darrell Armstrong,39,NJN,50,2,549,40,110,.364,23,69,.333,20,30,.667,17,50,67,73,28,2,41,53,123
20,Hilton Armstrong,23,NOH,65,3,732,67,148,.453,0,0,,44,70,.629,65,98,163,23,15,34,59,130,178
Rk,Player,Age,Tm,G,GS,MP,FG,FGA,FG%,3P,3PA,3P%,FT,FTA,FT%,ORB,DRB,TRB,AST,STL,BLK,TOV,PF,PTS
21,Carlos Arroyo,28,ORL,62,20,1269,157,348,.451,29,84,.345,87,102,.853,10,103,113,219,26,2,77,85,430
22,Chucky Atkins,33,DEN,24,0,352,42,122,.344,25,79,.316,4,9,.444,3,28,31,47,9,1,10,27,113
23,James Augustine,23,ORL,25,0,149,18,34,.529,0,0,,4,8,.500,16,14,30,2,5,2,6,18,40
24,Kelenna Azubuike,24,GSW,81,17,1732,261,587,.445,71,195,.364,99,138,.717,107,217,324,75,45,34,58,159,692
25,Renaldo Balkman,23,NYK,65,0,952,91,186,.489,1,12,.083,41,95,.432,83,133,216,40,44,30,37,132,224
26,Marcus Banks,26,TOT,36,3,569,86,191,.450,40,102,.392,27,35,.771,4,41,45,61,14,13,37,65,239
26,Marcus Banks,26,PHO,24,1,310,44,109,.404,25,65,.385,12,16,.750,3,17,20,25,8,8,16,38,125
26,Marcus Banks,26,MIA,12,2,259,42,82,.512,15,37,.405,15,19,.789,1,24,25,36,6,5,21,27,114
27,Leandro Barbosa,25,PHO,82,12,2421,472,1021,.462,164,422,.389,175,213,.822,40,191,231,216,75,18,117,195,1283
28,Jose Barea,23,DAL,44,9,460,71,170,.418,21,54,.389,28,35,.800,4,43,47,58,14,1,35,48,191
29,Andrea Bargnani,22,TOR,78,53,1861,280,725,.386,90,261,.345,142,169,.840,50,238,288,89,23,37,88,211,792
30,Matt Barnes,27,GSW,73,18,1414,187,442,.423,53,181,.293,59,79,.747,94,230,324,139,48,36,85,159,486
31,Andre Barrett,25,LAC,4,0,25,2,5,.400,1,3,.333,1,2,.500,0,1,1,7,0,0,1,1,6
32,Earl Barron,26,MIA,46,15,889,132,327,.404,1,13,.077,61,87,.701,67,131,198,29,19,8,48,114,326
33,Brent Barry,36,SAS,31,1,554,77,160,.481,48,112,.429,19,20,.950,12,43,55,54,17,3,18,43,221
34,Brandon Bass,22,DAL,79,1,1557,246,493,.499,0,4,.000,162,197,.822,120,227,347,58,22,48,82,150,654
35,Maceo Baston,32,TOR,15,2,103,17,25,.680,0,0,,7,10,.700,9,17,26,3,2,4,4,20,41
36,Shane Battier,29,HOU,80,78,2907,265,619,.428,139,369,.377,75,101,.743,131,276,407,155,77,90,78,196,744
37,Marco Belinelli,21,GSW,33,0,241,36,93,.387,16,41,.390,7,9,.778,3,11,14,15,5,0,12,15,95
38,Charlie Bell,28,MIL,68,5,1628,185,486,.381,74,217,.341,70,87,.805,31,136,167,210,52,2,76,121,514
39,Raja Bell,31,PHO,75,75,2646,317,753,.421,176,439,.401,79,91,.868,47,227,274,168,54,27,65,220,889
40,Mike Bibby,29,TOT,48,44,1573,248,603,.411,93,248,.375,78,100,.780,16,144,160,290,54,4,119,97,667
40,Mike Bibby,29,SAC,15,12,473,78,192,.406,24,61,.393,23,31,.742,11,45,56,75,19,2,38,34,203
40,Mike Bibby,29,ATL,33,32,1100,170,411,.414,69,187,.369,55,69,.797,5,99,104,215,35,2,81,63,464
Rk,Player,Age,Tm,G,GS,MP,FG,FGA,FG%,3P,3PA,3P%,FT,FTA,FT%,ORB,DRB,TRB,AST,STL,BLK,TOV,PF,PTS
41,Andris Biedrins,21,GSW,76,59,2078,340,543,.626,0,0,,116,187,.620,256,488,744,75,56,94,85,262,796
42,Chauncey Billups,31,DET,78,78,2522,393,877,.448,137,342,.401,401,437,.918,42,170,212,529,101,17,160,130,1324
43,Steve Blake,27,POR,81,78,2424,261,640,.408,121,298,.406,49,64,.766,31,164,195,413,55,4,113,133,692
44,Andray Blatche,21,WAS,82,15,1675,254,536,.474,3,13,.231,107,154,.695,164,261,425,92,53,114,112,258,618
45,Mark Blount,32,MIA,69,46,1542,238,515,.462,17,44,.386,88,138,.638,69,194,263,41,33,34,70,133,581
46,Keith Bogans,27,ORL,82,35,2198,241,588,.410,148,409,.362,81,110,.736,42,224,266,104,59,10,53,164,711
47,Andrew Bogut,23,MIL,78,78,2720,465,910,.511,0,7,.000,189,322,.587,245,518,763,199,64,135,172,254,1119
48,Matt Bonner,27,SAS,68,3,853,121,291,.416,46,137,.336,38,44,.864,53,139,192,32,14,17,39,111,326
49,Josh Boone,23,NJN,70,53,1773,238,434,.548,0,0,,99,217,.456,192,317,509,55,36,61,68,155,575
50,Calvin Booth,31,PHI,31,0,204,9,27,.333,0,0,,6,10,.600,6,32,38,8,6,18,4,35,24
51,Carlos Boozer,26,UTA,81,81,2827,709,1297,.547,0,1,.000,290,393,.738,197,647,844,233,100,41,210,293,1708
52,Chris Bosh,23,TOR,67,67,2425,507,1027,.494,10,25,.400,472,559,.844,174,409,583,171,63,67,153,157,1496
53,Bruce Bowen,36,SAS,81,81,2448,174,428,.407,90,215,.419,45,69,.652,33,201,234,91,54,22,46,177,483
54,Ryan Bowen,32,NOH,53,4,660,49,100,.490,0,1,.000,16,29,.552,55,45,100,25,32,11,15,77,114
55,Earl Boykins,31,CHA,36,0,577,61,172,.355,14,44,.318,49,59,.831,9,25,34,96,13,0,41,21,185
56,Elton Brand,28,LAC,8,6,274,52,114,.456,0,0,,37,47,.787,21,43,64,16,3,15,17,21,141
57,Corey Brewer,21,MIN,79,35,1803,182,486,.374,7,36,.194,88,110,.800,82,210,292,111,76,25,89,188,459
58,Ronnie Brewer,22,UTA,76,76,2088,354,634,.558,11,50,.220,195,257,.759,97,121,218,134,129,19,69,110,914
59,Primoz Brezec,28,TOT,50,18,475,44,94,.468,0,0,,24,40,.600,30,51,81,11,3,7,24,83,112
59,Primoz Brezec,28,CHA,20,18,267,17,43,.395,0,0,,3,5,.600,14,30,44,6,0,3,15,35,37
59,Primoz Brezec,28,DET,17,0,98,10,13,.769,0,0,,7,14,.500,7,12,19,4,2,2,5,23,27
59,Primoz Brezec,28,TOR,13,0,110,17,38,.447,0,0,,14,21,.667,9,9,18,1,1,2,4,25,48
60,Aaron Brooks,23,HOU,51,0,608,93,225,.413,36,109,.330,42,49,.857,13,43,56,87,13,5,44,69,264
Rk,Player,Age,Tm,G,GS,MP,FG,FGA,FG%,3P,3PA,3P%,FT,FTA,FT%,ORB,DRB,TRB,AST,STL,BLK,TOV,PF,PTS
61,Andre Brown,26,MEM,33,1,286,39,78,.500,0,0,,22,49,.449,37,55,92,8,7,4,14,38,100
62,Devin Brown,29,CLE,78,20,1762,217,531,.409,45,146,.308,107,142,.754,65,198,263,175,52,7,99,144,586
63,Kwame Brown,25,TOT,38,15,713,72,142,.507,0,0,,40,98,.408,51,137,188,45,22,23,51,82,184
63,Kwame Brown,25,LAL,23,14,509,53,103,.515,0,0,,26,64,.406,31,100,131,28,16,19,37,58,132
63,Kwame Brown,25,MEM,15,1,204,19,39,.487,0,0,,14,34,.412,20,37,57,17,6,4,14,24,52
64,P.J. Brown,38,BOS,18,0,209,14,41,.341,0,1,.000,11,16,.688,29,39,68,10,5,8,10,29,39
65,Shannon Brown,22,TOT,21,4,240,44,126,.349,9,30,.300,17,29,.586,6,14,20,17,11,3,24,29,114
65,Shannon Brown,22,CLE,15,4,218,41,111,.369,9,29,.310,14,23,.609,5,13,18,17,10,1,19,27,105
65,Shannon Brown,22,CHI,6,0,22,3,15,.200,0,1,.000,3,6,.500,1,1,2,0,1,2,5,2,9
66,Kobe Bryant,29,LAL,82,82,3192,775,1690,.459,150,415,.361,623,742,.840,94,423,517,441,151,40,257,227,2323
67,Greg Buckner,31,MIN,31,4,520,45,117,.385,15,50,.300,19,22,.864,10,55,65,39,21,2,29,63,124
68,Caron Butler,27,WAS,58,58,2314,439,943,.466,66,185,.357,236,262,.901,93,295,388,284,128,20,150,160,1180
69,Rasual Butler,28,NOH,51,8,875,91,260,.350,44,133,.331,26,31,.839,16,84,100,36,15,21,10,66,252
70,Andrew Bynum,20,LAL,35,25,1008,189,297,.636,0,0,,82,118,.695,105,251,356,61,12,72,52,98,460
71,Jose Calderon,26,TOR,82,56,2484,367,707,.519,79,184,.429,109,120,.908,34,202,236,678,87,6,126,134,922
72,Marcus Camby,33,DEN,79,79,2758,286,635,.450,6,20,.300,143,202,.708,230,807,1037,259,85,285,118,216,721
73,Brian Cardinal,30,MEM,37,1,440,43,126,.341,25,81,.309,13,19,.684,26,70,96,22,10,2,23,62,124
74,Rodney Carney,23,PHI,70,6,1039,158,392,.403,38,120,.317,55,81,.679,50,99,149,32,39,23,34,96,409
75,Matt Carroll,27,CHA,80,18,2016,252,589,.428,105,241,.436,111,138,.804,33,193,226,73,46,19,58,187,720
76,Anthony Carter,32,DEN,70,67,1960,218,476,.458,45,129,.349,64,85,.753,27,173,200,388,107,28,124,172,545
77,Vince Carter,31,NJN,76,72,2959,587,1287,.456,98,273,.359,350,429,.816,112,341,453,389,93,33,181,241,1622
78,Sam Cassell,38,TOT,55,34,1274,233,532,.438,23,76,.303,127,144,.882,17,119,136,214,37,6,97,98,616
78,Sam Cassell,38,LAC,38,33,975,183,402,.455,14,54,.259,106,119,.891,12,93,105,179,28,3,78,69,486
78,Sam Cassell,38,BOS,17,1,299,50,130,.385,9,22,.409,21,25,.840,5,26,31,35,9,3,19,29,130
79,Tyson Chandler,25,NOH,79,79,2783,377,605,.623,0,1,.000,175,295,.593,322,606,928,81,45,84,136,243,929
80,Wilson Chandler,20,NYK,35,16,685,106,242,.438,9,30,.300,34,54,.630,38,89,127,33,15,16,27,83,255
Rk,Player,Age,Tm,G,GS,MP,FG,FGA,FG%,3P,3PA,3P%,FT,FTA,FT%,ORB,DRB,TRB,AST,STL,BLK,TOV,PF,PTS
81,Josh Childress,24,ATL,76,0,2274,327,573,.571,22,60,.367,222,275,.807,174,199,373,117,71,43,98,129,898
82,Jarron Collins,29,UTA,70,9,702,36,82,.439,0,1,.000,46,74,.622,40,76,116,37,10,6,22,106,118
83,Jason Collins,29,TOT,74,26,1172,53,113,.469,0,1,.000,34,74,.459,64,114,178,25,23,25,48,194,140
83,Jason Collins,29,NJN,43,23,684,23,54,.426,0,0,,14,36,.389,35,54,89,19,11,8,23,110,60
83,Jason Collins,29,MEM,31,3,488,30,59,.508,0,1,.000,20,38,.526,29,60,89,6,12,17,25,84,80
84,Mardy Collins,23,NYK,46,8,634,57,175,.326,8,32,.250,23,38,.605,19,56,75,89,24,8,56,56,145
85,Nick Collison,27,SEA,78,35,2223,322,641,.502,0,2,.000,123,167,.737,254,476,730,113,47,60,118,250,767
86,Mike Conley,20,MEM,53,46,1381,189,442,.428,30,91,.330,90,123,.732,21,118,139,222,44,2,89,85,498
87,Brian Cook,27,TOT,51,2,629,88,234,.376,43,115,.374,19,21,.905,28,81,109,27,13,12,39,93,238
87,Brian Cook,27,LAL,6,2,70,4,21,.190,2,10,.200,4,4,1.000,4,6,10,3,2,0,4,6,14
87,Brian Cook,27,ORL,45,0,559,84,213,.394,41,105,.390,15,17,.882,24,75,99,24,11,12,35,87,224
88,Daequan Cook,20,MIA,59,19,1441,196,514,.381,79,238,.332,47,57,.825,20,157,177,75,23,9,63,157,518
89,Jamal Crawford,27,NYK,80,80,3190,570,1391,.410,176,494,.356,329,381,.864,37,170,207,398,81,17,192,144,1645
90,Javaris Crittenton,20,TOT,50,0,679,98,233,.421,10,37,.270,72,104,.692,27,83,110,51,19,2,55,47,278
90,Javaris Crittenton,20,LAL,22,0,171,26,53,.491,1,3,.333,19,28,.679,7,14,21,18,7,0,22,12,72
90,Javaris Crittenton,20,MEM,28,0,508,72,180,.400,9,34,.265,53,76,.697,20,69,89,33,12,2,33,35,206
91,Austin Croshere,32,GSW,44,0,457,61,137,.445,22,61,.361,29,32,.906,33,71,104,30,8,6,22,60,173
92,Eddy Curry,25,NYK,59,58,1530,297,544,.546,0,0,,187,300,.623,111,164,275,32,14,29,126,157,781
93,Samuel Dalembert,26,PHI,82,82,2724,339,661,.513,0,1,.000,186,263,.707,304,545,849,45,40,192,155,269,864
94,Erick Dampier,32,DAL,72,64,1755,178,277,.643,0,0,,84,146,.575,207,332,539,63,24,106,80,226,440
95,Antonio Daniels,32,WAS,71,63,2161,205,447,.459,17,74,.230,170,219,.776,23,180,203,340,69,2,91,78,597
96,Marquis Daniels,27,IND,74,1,1546,241,561,.430,27,102,.265,97,139,.698,66,146,212,137,79,18,112,121,606
97,Jermareo Davidson,23,CHA,38,2,322,51,125,.408,0,0,,18,28,.643,21,41,62,13,7,15,17,46,120
98,Baron Davis,28,GSW,82,82,3196,650,1526,.426,173,525,.330,318,424,.750,96,289,385,623,191,43,232,247,1791
99,Glen Davis,22,BOS,69,1,940,107,221,.484,0,0,,99,150,.660,95,113,208,28,31,20,65,160,313
100,Paul Davis,23,LAC,22,1,194,24,65,.369,0,0,,6,10,.600,25,22,47,10,6,6,9,33,54
Rk,Player,Age,Tm,G,GS,MP,FG,FGA,FG%,3P,3PA,3P%,FT,FTA,FT%,ORB,DRB,TRB,AST,STL,BLK,TOV,PF,PTS
101,Ricky Davis,28,MIA,82,47,2963,420,971,.433,135,333,.405,155,197,.787,55,298,353,276,87,14,191,187,1130
102,Carlos Delfino,25,TOR,82,0,1928,251,632,.397,120,314,.382,116,156,.744,66,293,359,145,69,11,75,177,738
103,Luol Deng,22,CHI,63,59,2128,429,896,.479,8,22,.364,204,265,.770,136,258,394,155,57,29,120,117,1070
104,Boris Diaw,25,PHO,82,19,2308,308,646,.477,13,41,.317,96,129,.744,97,281,378,317,61,39,155,166,725
105,Yakhouba Diawara,25,DEN,54,14,542,55,134,.410,21,66,.318,22,31,.710,23,39,62,37,8,3,16,61,153
106,Guillermo Diaz,22,LAC,6,0,18,1,4,.250,0,1,.000,3,5,.600,2,0,2,1,0,0,0,0,5
107,Dan Dickau,29,LAC,67,8,1040,124,296,.419,36,108,.333,68,82,.829,13,84,97,172,32,3,55,108,352
108,Kaniel Dickens,29,CLE,5,0,12,1,3,.333,0,0,,0,0,,0,1,1,1,0,1,0,1,2
109,Travis Diener,25,IND,66,21,1356,159,430,.370,74,233,.318,64,71,.901,26,89,115,251,35,4,55,107,456
110,Ike Diogu,24,IND,30,1,305,64,134,.478,0,0,,40,47,.851,38,47,85,10,7,3,20,43,168
111,DeSagana Diop,26,TOT,79,23,1295,94,180,.522,0,0,,38,70,.543,160,232,392,40,26,88,58,146,226
111,DeSagana Diop,26,DAL,52,18,894,67,115,.583,0,0,,24,40,.600,111,159,270,26,20,63,42,100,158
111,DeSagana Diop,26,NJN,27,5,401,27,65,.415,0,0,,14,30,.467,49,73,122,14,6,25,16,46,68
112,Juan Dixon,29,TOT,53,0,668,106,258,.411,30,72,.417,21,26,.808,15,60,75,97,21,2,54,62,263
112,Juan Dixon,29,TOR,36,0,424,59,160,.369,17,39,.436,18,19,.947,9,38,47,65,21,2,35,38,153
112,Juan Dixon,29,DET,17,0,244,47,98,.480,13,33,.394,3,7,.429,6,22,28,32,0,0,19,24,110
113,Michael Doleac,30,MIN,24,8,257,28,63,.444,0,0,,1,2,.500,16,33,49,7,10,10,12,44,57
114,Keyon Dooling,27,ORL,72,1,1334,198,423,.468,22,65,.338,163,193,.845,7,94,101,133,36,5,61,131,581
115,Quincy Douby,23,SAC,74,0,876,132,335,.394,42,122,.344,48,52,.923,17,66,83,53,30,12,59,80,354
116,Jared Dudley,22,CHA,73,14,1384,163,348,.468,9,41,.220,87,118,.737,121,165,286,81,55,10,50,128,422
117,Chris Duhon,25,CHI,66,18,1490,133,344,.387,54,155,.348,65,80,.813,19,97,116,263,48,2,71,92,385
118,Tim Duncan,31,SAS,78,78,2651,585,1178,.497,0,4,.000,338,463,.730,237,644,881,218,56,152,178,185,1508
119,Mike Dunleavy,27,IND,82,82,2953,532,1117,.476,165,389,.424,336,403,.834,59,365,424,288,86,31,190,208,1565
120,Ronald Dupree,27,TOT,5,0,21,1,3,.333,0,0,,2,2,1.000,1,7,8,1,1,0,0,0,4
120,Ronald Dupree,27,DET,1,0,3,0,0,,0,0,,0,0,,0,0,0,0,0,0,0,0,0
120,Ronald Dupree,27,SEA,4,0,18,1,3,.333,0,0,,2,2,1.000,1,7,8,1,1,0,0,0,4
Rk,Player,Age,Tm,G,GS,MP,FG,FGA,FG%,3P,3PA,3P%,FT,FTA,FT%,ORB,DRB,TRB,AST,STL,BLK,TOV,PF,PTS
121,Kevin Durant,19,SEA,80,80,2768,587,1366,.430,59,205,.288,391,448,.873,70,278,348,192,78,75,232,122,1624
122,Monta Ellis,22,GSW,81,72,3071,652,1227,.531,12,52,.231,320,417,.767,133,271,404,315,124,27,173,195,1636
123,Francisco Elson,31,TOT,63,5,813,92,236,.390,0,1,.000,26,37,.703,50,150,200,24,15,20,47,96,210
123,Francisco Elson,31,SAS,41,3,534,62,148,.419,0,0,,20,24,.833,33,102,135,16,9,14,30,62,144
123,Francisco Elson,31,SEA,22,2,279,30,88,.341,0,1,.000,6,13,.462,17,48,65,8,6,6,17,34,66
124,Melvin Ely,29,NOH,52,1,621,85,180,.472,0,0,,32,58,.552,28,117,145,22,7,18,42,79,202
125,Maurice Evans,29,TOT,75,47,1720,262,545,.481,81,209,.388,59,83,.711,92,126,218,81,46,10,40,142,664
125,Maurice Evans,29,LAL,7,0,96,9,28,.321,1,7,.143,12,15,.800,4,5,9,12,5,1,0,10,31
125,Maurice Evans,29,ORL,68,47,1624,253,517,.489,80,202,.396,47,68,.691,88,121,209,69,41,9,40,132,633
126,Reggie Evans,27,PHI,81,61,1879,152,346,.439,1,1,1.000,120,257,.467,224,387,611,65,86,8,108,213,425
127,Jordan Farmar,21,LAL,82,0,1690,291,631,.461,114,307,.371,53,78,.679,39,144,183,225,77,5,108,105,749
128,Nick Fazekas,22,TOT,26,0,269,46,82,.561,0,2,.000,15,22,.682,34,55,89,11,8,11,13,25,107
128,Nick Fazekas,22,DAL,4,0,9,2,5,.400,0,0,,0,0,,1,2,3,0,0,0,0,0,4
128,Nick Fazekas,22,LAC,22,0,260,44,77,.571,0,2,.000,15,22,.682,33,53,86,11,8,11,13,25,103
129,Raymond Felton,23,CHA,79,79,2972,412,997,.413,56,200,.280,260,325,.800,37,199,236,583,96,12,213,184,1140
130,Kyrylo Fesenko,21,UTA,9,0,70,6,16,.375,0,0,,2,4,.500,14,11,25,2,0,3,8,19,14
131,Michael Finley,34,SAS,82,61,2204,315,761,.414,132,357,.370,64,80,.800,27,227,254,114,29,10,56,93,826
132,Derek Fisher,33,LAL,82,82,2249,339,777,.436,112,276,.406,166,188,.883,24,146,170,239,86,3,90,188,956
133,T.J. Ford,24,TOR,51,26,1199,246,524,.469,15,51,.294,110,125,.880,23,77,100,313,54,0,102,93,617
134,Jeff Foster,31,IND,77,52,1884,205,373,.550,0,3,.000,86,145,.593,264,404,668,129,56,32,62,221,496
135,Randy Foye,24,MIN,39,31,1259,198,462,.429,61,148,.412,53,65,.815,13,115,128,164,36,3,79,102,510
136,Adonal Foyle,32,ORL,82,0,774,70,153,.458,0,0,,16,34,.471,71,137,208,18,16,45,32,94,156
137,Richie Frahm,30,LAC,10,2,163,20,54,.370,7,25,.280,0,2,.000,4,10,14,8,2,0,6,7,47
138,Steve Francis,30,HOU,10,3,199,19,57,.333,4,17,.235,13,23,.565,8,15,23,30,9,5,14,25,55
139,Channing Frye,24,POR,78,20,1342,221,453,.488,3,10,.300,85,109,.780,107,247,354,57,29,27,55,208,530
140,Dan Gadzuric,29,MIL,51,4,534,64,154,.416,0,1,.000,33,63,.524,67,77,144,11,20,24,34,83,161
Rk,Player,Age,Tm,G,GS,MP,FG,FGA,FG%,3P,3PA,3P%,FT,FTA,FT%,ORB,DRB,TRB,AST,STL,BLK,TOV,PF,PTS
141,Jorge Garbajosa,30,TOR,7,0,74,8,25,.320,6,16,.375,0,0,,2,13,15,3,3,0,1,2,22
142,Francisco Garcia,26,SAC,79,20,2096,348,752,.463,113,289,.391,162,208,.779,52,212,264,128,96,50,128,232,971
143,Thomas Gardner,22,CHI,4,0,45,9,23,.391,3,12,.250,0,2,.000,3,1,4,1,0,0,4,4,21
144,Kevin Garnett,31,BOS,71,71,2328,534,990,.539,0,11,.000,269,336,.801,135,520,655,244,100,89,138,163,1337
145,Pat Garrity,31,ORL,31,0,284,27,80,.338,8,37,.216,4,5,.800,9,35,44,13,6,1,17,35,66
146,Pau Gasol,27,TOT,66,66,2351,475,890,.534,4,16,.250,292,362,.807,155,398,553,211,30,98,124,139,1246
146,Pau Gasol,27,MEM,39,39,1433,279,557,.501,4,15,.267,176,215,.819,94,248,342,116,16,56,80,85,738
146,Pau Gasol,27,LAL,27,27,918,196,333,.589,0,1,.000,116,147,.789,61,150,211,95,14,42,44,54,508
147,Rudy Gay,21,MEM,81,81,3000,625,1355,.461,134,387,.346,248,316,.785,140,359,499,158,111,79,190,230,1632
148,Mickael Gelabale,24,SEA,39,0,465,69,157,.439,16,37,.432,14,18,.778,16,42,58,33,10,9,27,31,168
149,Devean George,30,DAL,53,4,821,74,207,.357,22,68,.324,24,34,.706,28,109,137,35,19,13,24,90,194
150,Daniel Gibson,21,CLE,58,26,1765,201,465,.432,118,268,.440,85,105,.810,30,104,134,145,47,14,76,163,605
151,Eddie Gill,29,TOT,14,1,154,12,31,.387,5,15,.333,9,9,1.000,1,21,22,22,7,2,9,18,38
151,Eddie Gill,29,NJN,13,1,149,12,29,.414,5,14,.357,9,9,1.000,1,21,22,21,7,2,8,18,38
151,Eddie Gill,29,SEA,1,0,5,0,2,.000,0,1,.000,0,0,,0,0,0,1,0,0,1,0,0
152,Manu Ginobili,30,SAS,74,23,2299,453,984,.460,156,389,.401,380,442,.860,63,291,354,332,109,33,200,173,1442
153,Gordan Giricek,30,TOT,56,0,831,133,302,.440,36,99,.364,23,26,.885,16,80,96,62,24,4,52,82,325
153,Gordan Giricek,30,UTA,22,0,279,41,102,.402,12,34,.353,1,1,1.000,6,25,31,16,13,1,21,24,95
153,Gordan Giricek,30,PHI,12,0,110,13,41,.317,5,15,.333,6,8,.750,1,13,14,11,3,1,8,9,37
153,Gordan Giricek,30,PHO,22,0,442,79,159,.497,19,50,.380,16,17,.941,9,42,51,35,8,2,23,49,193
154,Ryan Gomes,25,MIN,82,74,2434,392,857,.457,59,179,.330,190,229,.830,133,342,475,145,65,10,96,154,1033
155,Drew Gooden,26,TOT,69,65,2122,332,740,.449,0,6,.000,162,215,.753,175,415,590,81,48,53,122,203,826
155,Drew Gooden,26,CLE,51,51,1564,232,523,.444,0,3,.000,110,151,.728,117,306,423,50,35,30,91,144,574
155,Drew Gooden,26,CHI,18,14,558,100,217,.461,0,3,.000,52,64,.813,58,109,167,31,13,23,31,59,252
156,Ben Gordon,24,CHI,72,27,2291,464,1069,.434,142,346,.410,266,293,.908,40,181,221,213,55,8,150,171,1336
157,Marcin Gortat,23,ORL,6,0,41,8,17,.471,0,0,,2,3,.667,8,8,16,2,1,1,2,4,18
158,Joey Graham,25,TOR,38,3,331,49,113,.434,2,3,.667,38,45,.844,18,49,67,15,3,0,23,47,138
159,Stephen Graham,25,IND,22,0,128,34,58,.586,7,14,.500,12,16,.750,4,18,22,9,4,1,10,14,87
160,Danny Granger,24,IND,80,80,2876,537,1205,.446,171,423,.404,322,378,.852,93,393,486,166,95,84,171,290,1567
Rk,Player,Age,Tm,G,GS,MP,FG,FGA,FG%,3P,3PA,3P%,FT,FTA,FT%,ORB,DRB,TRB,AST,STL,BLK,TOV,PF,PTS
161,Aaron Gray,23,CHI,61,1,613,103,204,.505,0,1,.000,56,99,.566,70,98,168,41,21,16,57,117,262
162,Gerald Green,22,TOT,30,0,362,52,151,.344,15,39,.385,34,41,.829,13,51,64,29,8,4,32,45,153
162,Gerald Green,22,MIN,29,0,358,49,148,.331,15,39,.385,34,41,.829,11,51,62,29,8,4,32,43,147
162,Gerald Green,22,HOU,1,0,4,3,3,1.000,0,0,,0,0,,2,0,2,0,0,0,0,2,6
163,Jeff Green,21,SEA,80,52,2253,320,749,.427,21,76,.276,177,238,.744,101,278,379,119,46,49,158,198,838
164,Taurean Green,21,TOT,17,0,74,7,25,.280,2,11,.182,11,12,.917,0,10,10,11,2,0,9,5,27
164,Taurean Green,21,POR,8,0,44,4,16,.250,1,8,.125,8,8,1.000,0,4,4,8,1,0,7,3,17
164,Taurean Green,21,DEN,9,0,30,3,9,.333,1,3,.333,3,4,.750,0,6,6,3,1,0,2,2,10
165,Willie Green,26,PHI,74,74,1970,379,870,.436,51,179,.285,112,148,.757,32,150,182,151,54,22,109,119,921
166,Orien Greene,25,SAC,7,2,61,3,11,.273,0,1,.000,0,0,,0,6,6,3,3,1,7,9,6
167,Adrian Griffin,33,TOT,35,2,307,30,76,.395,0,0,,5,9,.556,28,31,59,27,17,2,21,27,65
167,Adrian Griffin,33,CHI,22,2,222,24,60,.400,0,0,,3,7,.429,19,18,37,22,12,1,16,19,51
167,Adrian Griffin,33,SEA,13,0,85,6,16,.375,0,0,,2,2,1.000,9,13,22,5,5,1,5,8,14
168,Richard Hamilton,29,DET,72,72,2424,499,1030,.484,62,141,.440,184,221,.833,75,160,235,299,73,10,132,171,1244
169,Anfernee Hardaway,36,MIA,16,8,325,22,60,.367,8,19,.421,8,9,.889,3,32,35,35,19,1,13,24,60
170,Matt Harpring,31,UTA,76,0,1374,237,474,.500,2,10,.200,146,205,.712,96,144,240,82,45,14,95,162,622
171,Al Harrington,27,GSW,81,59,2190,401,923,.434,153,408,.375,147,190,.774,107,332,439,132,74,16,90,266,1102
172,Othella Harrington,34,CHA,22,0,166,18,42,.429,0,0,,10,16,.625,11,31,42,4,1,4,11,34,46
173,Devin Harris,24,TOT,64,61,2022,321,693,.463,56,167,.335,248,301,.824,28,145,173,369,90,10,161,190,946
173,Devin Harris,24,DAL,39,39,1184,187,387,.483,25,70,.357,161,196,.821,17,74,91,206,56,2,93,127,560
173,Devin Harris,24,NJN,25,22,838,134,306,.438,31,97,.320,87,105,.829,11,71,82,163,34,8,68,63,386
174,Mike Harris,24,HOU,17,0,159,27,54,.500,0,2,.000,8,13,.615,24,30,54,3,6,3,9,16,62
175,David Harrison,25,IND,55,0,702,90,170,.529,0,0,,49,96,.510,43,75,118,14,20,59,58,164,229
176,Jason Hart,29,UTA,57,0,606,58,180,.322,11,31,.355,38,45,.844,5,50,55,86,30,3,28,75,165
177,Udonis Haslem,27,MIA,49,48,1805,237,507,.467,0,0,,115,142,.810,107,336,443,68,39,18,67,145,589
178,Trenton Hassell,28,TOT,63,6,773,57,135,.422,2,9,.222,7,10,.700,20,63,83,41,13,3,22,90,123
178,Trenton Hassell,28,DAL,37,6,463,37,80,.463,1,4,.250,1,2,.500,11,33,44,26,9,1,14,55,76
178,Trenton Hassell,28,NJN,26,0,310,20,55,.364,1,5,.200,6,8,.750,9,30,39,15,4,2,8,35,47
179,Spencer Hawes,19,SAC,71,8,931,146,318,.459,4,21,.190,38,58,.655,68,162,230,44,14,40,56,128,334
180,Chuck Hayes,24,HOU,79,44,1575,113,221,.511,0,3,.000,11,24,.458,132,295,427,91,85,43,62,212,237
Rk,Player,Age,Tm,G,GS,MP,FG,FGA,FG%,3P,3PA,3P%,FT,FTA,FT%,ORB,DRB,TRB,AST,STL,BLK,TOV,PF,PTS
181,Jarvis Hayes,26,DET,82,1,1287,217,504,.431,73,194,.376,45,60,.750,35,143,178,62,47,6,47,137,552
182,Brendan Haywood,28,WAS,80,80,2228,316,599,.528,0,0,,216,294,.735,273,303,576,71,31,133,108,216,848
183,Luther Head,25,HOU,73,17,1379,206,477,.432,79,225,.351,66,81,.815,18,117,135,138,44,9,70,75,557
184,Walter Herrmann,28,TOT,45,0,373,56,144,.389,20,64,.313,21,25,.840,22,51,73,18,7,1,12,24,153
184,Walter Herrmann,28,CHA,17,0,174,25,65,.385,9,26,.346,9,10,.900,10,26,36,4,4,0,4,12,68
184,Walter Herrmann,28,DET,28,0,199,31,79,.392,11,38,.289,12,15,.800,12,25,37,14,3,1,8,12,85
185,Nene Hilario,25,DEN,16,1,266,29,71,.408,0,1,.000,27,49,.551,30,57,87,15,9,14,21,46,85
186,Grant Hill,35,PHO,70,68,2222,358,712,.503,33,104,.317,170,196,.867,74,279,353,203,65,56,96,153,919
187,Kirk Hinrich,27,CHI,75,72,2380,330,797,.414,84,240,.350,118,142,.831,28,216,244,452,87,19,157,224,862
188,Ryan Hollins,23,CHA,60,1,532,46,94,.489,0,0,,55,82,.671,53,54,107,14,10,30,25,96,147
189,Al Horford,21,ATL,81,77,2540,333,668,.499,0,5,.000,155,212,.731,248,537,785,124,60,76,137,267,821
190,Robert Horry,37,SAS,45,5,583,38,119,.319,18,70,.257,18,28,.643,35,74,109,47,21,19,22,55,112
191,Eddie House,29,BOS,78,2,1480,217,531,.409,117,298,.393,33,36,.917,19,148,167,152,59,10,76,114,584
192,Dwight Howard,22,ORL,82,82,3088,583,974,.599,0,4,.000,529,897,.590,279,882,1161,110,74,176,263,274,1695
193,Josh Howard,27,DAL,76,76,2757,567,1247,.455,67,210,.319,312,384,.813,120,412,532,164,59,32,114,202,1513
194,Juwan Howard,34,DAL,50,0,353,23,64,.359,0,0,,11,14,.786,21,60,81,17,5,2,17,62,57
195,Troy Hudson,31,GSW,9,0,93,9,31,.290,4,12,.333,6,6,1.000,0,7,7,9,3,0,7,4,28
196,Larry Hughes,29,TOT,68,57,2020,305,801,.381,67,194,.345,150,188,.798,39,191,230,181,99,17,116,139,827
196,Larry Hughes,29,CLE,40,32,1210,180,478,.377,43,126,.341,88,108,.815,27,116,143,94,60,11,72,91,491
196,Larry Hughes,29,CHI,28,25,810,125,323,.387,24,68,.353,62,80,.775,12,75,87,87,39,6,44,48,336
197,Kris Humphries,22,TOR,70,0,925,161,333,.483,0,2,.000,75,124,.605,90,169,259,28,25,28,47,107,397
198,Lindsey Hunter,37,DET,24,0,215,22,64,.344,7,26,.269,7,9,.778,4,9,13,33,13,2,13,30,58
199,Steven Hunter,26,DEN,19,2,120,15,28,.536,0,0,,9,20,.450,10,19,29,0,0,6,7,20,39
200,Andre Iguodala,24,PHI,82,82,3242,582,1277,.456,101,307,.329,365,506,.721,85,361,446,391,171,49,214,187,1630
Rk,Player,Age,Tm,G,GS,MP,FG,FGA,FG%,3P,3PA,3P%,FT,FTA,FT%,ORB,DRB,TRB,AST,STL,BLK,TOV,PF,PTS
201,Zydrunas Ilgauskas,32,CLE,73,73,2222,417,879,.474,0,1,.000,195,243,.802,263,419,682,104,34,120,135,247,1029
202,Didier Ilunga-Mbenga,27,TOT,42,0,326,39,84,.464,0,0,,5,12,.417,28,44,72,10,7,26,12,70,83
202,Didier Ilunga-Mbenga,27,GSW,16,0,130,9,23,.391,0,0,,1,2,.500,13,18,31,4,3,10,4,32,19
202,Didier Ilunga-Mbenga,27,LAL,26,0,196,30,61,.492,0,0,,4,10,.400,15,26,41,6,4,16,8,38,64
203,Allen Iverson,32,DEN,82,82,3424,712,1556,.458,95,275,.345,645,797,.809,47,196,243,586,160,12,245,109,2164
204,Royal Ivey,26,MIL,75,20,1437,149,378,.394,35,107,.327,85,117,.726,38,80,118,160,45,7,75,166,418
205,Jarrett Jack,24,POR,82,16,2229,267,620,.431,65,190,.342,215,248,.867,31,203,234,313,61,1,178,129,814
206,Bobby Jackson,34,TOT,72,5,1389,204,506,.403,81,226,.358,64,81,.790,33,148,181,139,45,5,59,96,553
206,Bobby Jackson,34,NOH,46,0,891,116,296,.392,53,144,.368,40,49,.816,23,87,110,76,32,3,31,59,325
206,Bobby Jackson,34,HOU,26,5,498,88,210,.419,28,82,.341,24,32,.750,10,61,71,63,13,2,28,37,228
207,Luke Jackson,26,MIA,14,1,228,26,80,.325,11,30,.367,16,23,.696,7,26,33,17,8,0,9,22,79
208,Stephen Jackson,29,GSW,73,73,2855,488,1204,.405,182,501,.363,308,370,.832,67,251,318,300,92,29,197,171,1466
209,Casey Jacobsen,26,MEM,53,0,547,39,115,.339,16,72,.222,13,17,.765,12,53,65,20,5,1,16,34,107
210,Jerome James,32,NYK,2,0,5,1,1,1.000,0,0,,2,2,1.000,0,3,3,0,0,0,0,0,4
211,LeBron James,23,CLE,75,74,3027,794,1642,.484,113,359,.315,549,771,.712,133,459,592,539,138,81,255,165,2250
212,Mike James,32,TOT,54,1,720,101,290,.348,31,97,.320,39,48,.813,14,55,69,60,21,2,36,56,272
212,Mike James,32,HOU,33,1,537,79,226,.350,24,74,.324,33,42,.786,11,41,52,54,17,2,29,44,215
212,Mike James,32,NOH,21,0,183,22,64,.344,7,23,.304,6,6,1.000,3,14,17,6,4,0,7,12,57
213,Antawn Jamison,31,WAS,79,79,3061,618,1417,.436,120,354,.339,333,438,.760,215,591,806,120,106,34,113,195,1689
214,Marko Jaric,29,MIN,75,56,2189,227,528,.430,46,127,.362,121,163,.742,38,184,222,311,97,32,128,180,621
215,Al Jefferson,23,MIN,82,82,2919,721,1441,.500,0,5,.000,284,394,.721,308,603,911,117,74,119,167,222,1726
216,Richard Jefferson,27,NJN,82,82,3200,619,1328,.466,77,213,.362,542,679,.798,93,249,342,252,76,21,199,225,1857
217,Jared Jeffries,26,NYK,73,19,1325,108,270,.400,4,25,.160,49,93,.527,118,125,243,66,36,23,64,132,269
218,Yi Jianlian,20,MIL,66,49,1647,219,520,.421,6,21,.286,122,145,.841,106,238,344,55,36,56,90,153,566
219,Alexander Johnson,24,MIA,43,6,549,61,125,.488,0,0,,57,83,.687,32,62,94,13,13,10,42,80,179
220,Amir Johnson,20,DET,62,0,764,92,165,.558,0,0,,37,55,.673,87,148,235,29,24,82,39,141,221
Rk,Player,Age,Tm,G,GS,MP,FG,FGA,FG%,3P,3PA,3P%,FT,FTA,FT%,ORB,DRB,TRB,AST,STL,BLK,TOV,PF,PTS
221,Anthony Johnson,33,TOT,69,52,1531,155,355,.437,42,93,.452,35,43,.814,22,115,137,262,52,9,84,115,387
221,Anthony Johnson,33,ATL,42,41,1121,115,267,.431,27,63,.429,26,32,.813,17,81,98,202,42,8,50,86,283
221,Anthony Johnson,33,SAC,27,11,410,40,88,.455,15,30,.500,9,11,.818,5,34,39,60,10,1,34,29,104
222,DerMarr Johnson,27,SAS,5,0,28,7,14,.500,3,9,.333,0,2,.000,0,1,1,1,1,0,0,4,17
223,Joe Johnson,26,ATL,82,82,3343,647,1497,.432,169,444,.381,316,379,.834,83,284,367,474,84,18,223,168,1779
224,Linton Johnson,27,TOT,8,0,63,9,19,.474,1,3,.333,2,2,1.000,5,9,14,4,0,1,5,11,21
224,Linton Johnson,27,PHO,6,0,53,7,14,.500,1,2,.500,0,0,,5,8,13,3,0,1,2,10,15
224,Linton Johnson,27,TOR,2,0,10,2,5,.400,0,1,.000,2,2,1.000,0,1,1,1,0,0,3,1,6
225,Bobby Jones,24,TOT,47,2,531,60,140,.429,18,53,.340,40,51,.784,29,63,92,28,15,3,28,85,178
225,Bobby Jones,24,DEN,25,0,222,26,64,.406,9,23,.391,23,28,.821,11,27,38,11,5,1,14,46,84
225,Bobby Jones,24,MEM,9,2,137,14,36,.389,3,13,.231,9,10,.900,10,17,27,11,5,2,5,17,40
225,Bobby Jones,24,HOU,4,0,9,2,4,.500,0,0,,0,0,,0,1,1,0,1,0,1,3,4
225,Bobby Jones,24,MIA,6,0,143,17,32,.531,6,15,.400,8,13,.615,8,16,24,5,2,0,7,18,48
225,Bobby Jones,24,SAS,3,0,20,1,4,.250,0,2,.000,0,0,,0,2,2,1,2,0,1,1,2
226,Dahntay Jones,27,SAC,25,0,206,23,53,.434,1,6,.167,34,51,.667,7,28,35,12,8,6,10,28,81
227,Damon Jones,31,CLE,67,3,1336,151,363,.416,115,276,.417,20,28,.714,5,67,72,126,19,1,36,66,437
228,Dwayne Jones,24,CLE,56,0,472,25,47,.532,0,1,.000,28,58,.483,69,71,140,10,10,25,17,88,78
229,Eddie Jones,36,DAL,47,33,922,66,180,.367,34,116,.293,10,14,.714,18,114,132,69,26,8,29,72,176
230,Fred Jones,28,NYK,70,26,1757,182,432,.421,74,192,.385,94,126,.746,30,140,170,166,48,18,78,140,532
231,James Jones,27,POR,58,3,1276,143,327,.437,91,205,.444,86,98,.878,43,118,161,34,24,15,28,96,463
232,Solomon Jones,23,ATL,35,0,145,12,30,.400,0,2,.000,11,20,.550,19,23,42,0,3,5,11,28,35
233,Chris Kaman,25,LAC,56,55,2083,338,700,.483,0,4,.000,202,265,.762,173,538,711,107,33,155,164,179,878
234,Jason Kapono,26,TOR,81,7,1530,243,498,.488,57,118,.483,37,43,.860,31,89,120,65,34,2,58,131,580
235,Coby Karl,24,LAL,17,0,71,9,26,.346,4,13,.308,8,10,.800,3,11,14,9,4,2,5,4,30
236,Viktor Khryapa,25,CHI,9,0,105,12,31,.387,0,1,.000,8,14,.571,6,14,20,8,6,0,6,11,32
237,Jason Kidd,34,TOT,80,80,2906,305,793,.385,119,312,.381,135,165,.818,94,506,600,806,136,26,266,165,864
237,Jason Kidd,34,NJN,51,51,1895,201,549,.366,84,236,.356,91,111,.820,58,354,412,530,74,15,185,90,577
237,Jason Kidd,34,DAL,29,29,1011,104,244,.426,35,76,.461,44,54,.815,36,152,188,276,62,11,81,75,287
238,Tarence Kinsey,23,MEM,11,0,96,16,38,.421,3,7,.429,5,6,.833,3,9,12,2,3,0,3,11,40
239,Andrei Kirilenko,26,UTA,72,72,2217,275,544,.506,44,116,.379,198,257,.770,121,218,339,285,86,109,140,165,792
240,Linas Kleiza,23,DEN,79,13,1889,311,659,.472,94,277,.339,164,213,.770,92,241,333,95,44,19,89,181,880
Rk,Player,Age,Tm,G,GS,MP,FG,FGA,FG%,3P,3PA,3P%,FT,FTA,FT%,ORB,DRB,TRB,AST,STL,BLK,TOV,PF,PTS
241,Brevin Knight,32,LAC,74,39,1674,138,342,.404,0,6,.000,62,71,.873,15,127,142,328,100,11,71,160,338
242,Kyle Korver,26,TOT,75,0,1732,255,575,.443,111,296,.375,119,130,.915,21,151,172,101,42,29,75,192,740
242,Kyle Korver,26,PHI,25,0,657,90,227,.396,38,108,.352,31,34,.912,12,61,73,33,20,6,28,67,249
242,Kyle Korver,26,UTA,50,0,1075,165,348,.474,73,188,.388,88,96,.917,9,90,99,68,22,23,47,125,491
243,Nenad Krstic,24,NJN,45,38,812,123,300,.410,0,2,.000,52,69,.754,35,165,200,27,9,17,41,111,298
244,Raef LaFrentz,31,POR,39,0,291,27,61,.443,0,4,.000,11,19,.579,28,39,67,6,12,17,10,59,65
245,Carl Landry,24,HOU,42,0,711,135,219,.616,0,1,.000,72,109,.661,96,111,207,21,17,7,26,98,342
246,Keith Langford,24,SAS,2,0,10,1,4,.250,0,0,,0,0,,0,2,2,0,0,0,0,1,2
247,Stephane Lasme,25,TOT,16,4,303,32,71,.451,0,0,,19,32,.594,26,27,53,3,13,22,15,35,83
247,Stephane Lasme,25,GSW,1,0,0,0,0,,0,0,,0,0,,0,0,0,0,0,0,0,0,0
247,Stephane Lasme,25,MIA,15,4,303,32,71,.451,0,0,,19,32,.594,26,27,53,3,13,22,15,35,83
248,Acie Law,23,ATL,56,6,865,95,237,.401,7,34,.206,38,48,.792,12,45,57,113,29,0,56,73,235
249,David Lee,24,NYK,81,29,2356,341,618,.552,0,2,.000,194,237,.819,242,482,724,95,55,29,97,210,876
250,Rashard Lewis,28,ORL,81,81,3076,516,1135,.455,226,553,.409,218,260,.838,97,340,437,196,99,38,140,214,1476
251,Kyle Lowry,21,MEM,82,9,2089,256,592,.432,36,140,.257,243,348,.698,41,209,250,296,92,22,127,185,791
252,Tyronn Lue,30,TOT,50,3,736,113,253,.447,39,86,.453,25,32,.781,9,45,54,74,11,1,27,66,290
252,Tyronn Lue,30,ATL,33,3,564,86,196,.439,30,69,.435,24,28,.857,9,32,41,59,11,0,22,38,226
252,Tyronn Lue,30,DAL,17,0,172,27,57,.474,9,17,.529,1,4,.250,0,13,13,15,0,1,5,28,64
253,Mark Madsen,32,MIN,20,6,151,3,19,.158,0,0,,3,12,.250,18,20,38,4,3,2,9,25,9
254,Corey Maggette,28,LAC,70,65,2502,458,1000,.458,78,203,.384,553,681,.812,78,316,394,189,71,7,195,210,1547
255,Jamaal Magloire,29,TOT,31,2,286,18,55,.327,0,0,,20,44,.455,19,70,89,7,1,10,30,50,56
255,Jamaal Magloire,29,NJN,24,2,259,15,49,.306,0,0,,14,31,.452,18,63,81,7,0,10,23,42,44
255,Jamaal Magloire,29,DAL,7,0,27,3,6,.500,0,0,,6,13,.462,1,7,8,0,1,0,7,8,12
256,Ian Mahinmi,21,SAS,6,0,23,6,12,.500,0,0,,9,9,1.000,0,5,5,1,0,4,2,4,21
257,Stephon Marbury,30,NYK,24,19,805,111,265,.419,28,74,.378,83,116,.716,17,42,59,113,21,2,48,57,333
258,Shawn Marion,29,TOT,63,62,2315,400,787,.508,66,198,.333,106,150,.707,136,507,643,138,125,85,86,150,972
258,Shawn Marion,29,PHO,47,47,1713,304,578,.526,58,167,.347,77,108,.713,86,378,464,98,95,70,49,117,743
258,Shawn Marion,29,MIA,16,15,602,96,209,.459,8,31,.258,29,42,.690,50,129,179,40,30,15,37,33,229
259,Sean Marks,32,PHO,19,0,130,23,43,.535,1,4,.250,12,19,.632,9,27,36,4,3,10,8,23,59
260,Donyell Marshall,34,TOT,26,1,340,32,98,.327,15,53,.283,19,22,.864,24,52,76,10,6,16,15,31,98
260,Donyell Marshall,34,CLE,11,1,156,13,44,.295,8,23,.348,7,9,.778,9,21,30,5,2,9,6,16,41
260,Donyell Marshall,34,SEA,15,0,184,19,54,.352,7,30,.233,12,13,.923,15,31,46,5,4,7,9,15,57
Rk,Player,Age,Tm,G,GS,MP,FG,FGA,FG%,3P,3PA,3P%,FT,FTA,FT%,ORB,DRB,TRB,AST,STL,BLK,TOV,PF,PTS
261,Darrick Martin,36,TOR,17,0,141,10,43,.233,2,16,.125,5,6,.833,3,4,7,21,6,0,1,12,27
262,Kenyon Martin,30,DEN,71,71,2159,376,699,.538,2,11,.182,123,212,.580,105,356,461,90,88,85,91,235,877
263,Kevin Martin,24,SAC,61,57,2216,417,914,.456,107,266,.402,502,578,.869,48,225,273,129,62,5,131,150,1443
264,Desmond Mason,30,MIL,59,56,1702,230,477,.482,0,0,,114,173,.659,75,181,256,121,40,30,83,106,574
265,Roger Mason,27,WAS,80,9,1708,266,600,.443,130,327,.398,62,71,.873,17,113,130,134,40,18,69,140,724
266,Jason Maxiell,24,DET,82,7,1768,240,446,.538,0,1,.000,171,270,.633,177,256,433,46,21,94,71,183,651
267,Rashad McCants,23,MIN,75,24,2020,428,944,.453,142,349,.407,116,155,.748,50,156,206,162,66,18,172,234,1114
268,Jelani McCoy,30,DEN,6,1,33,1,1,1.000,0,0,,1,2,.500,1,6,7,0,0,5,4,7,3
269,Antonio McDyess,33,DET,78,78,2285,293,600,.488,0,2,.000,97,156,.622,204,462,666,89,61,53,75,246,683
270,Tracy McGrady,28,HOU,66,62,2440,548,1307,.419,86,295,.292,245,358,.684,42,297,339,387,68,30,160,91,1427
271,Dominic McGuire,22,WAS,70,1,695,39,103,.379,1,6,.167,14,32,.438,53,86,139,40,20,26,40,76,93
272,Jeff McInnis,33,CHA,54,26,1410,108,249,.434,3,19,.158,23,30,.767,16,80,96,220,23,3,76,120,242
273,Josh McRoberts,20,POR,8,0,28,6,10,.600,0,1,.000,0,0,,2,8,10,2,1,0,2,1,12
274,Chris Mihm,28,LAL,23,5,278,32,95,.337,0,0,,18,27,.667,28,49,77,13,4,14,17,42,82
275,C.J. Miles,20,UTA,60,13,689,113,236,.479,30,77,.390,41,52,.788,16,62,78,53,32,8,27,98,297
276,Darko Milicic,22,MEM,70,64,1663,219,500,.438,0,1,.000,67,121,.554,127,297,424,58,32,114,101,185,505
277,Andre Miller,31,PHI,82,82,3016,569,1156,.492,3,34,.088,257,333,.772,95,229,324,565,105,6,206,181,1398
278,Brad Miller,31,SAC,72,72,2513,337,728,.463,28,90,.311,262,309,.848,167,514,681,264,69,74,164,247,964
279,Mike Miller,27,MEM,70,70,2474,414,824,.502,155,359,.432,164,212,.774,51,416,467,240,35,16,182,145,1147
280,Paul Millsap,22,UTA,82,2,1702,253,502,.504,0,4,.000,155,229,.677,167,293,460,81,72,73,87,269,661
Rk,Player,Age,Tm,G,GS,MP,FG,FGA,FG%,3P,3PA,3P%,FT,FTA,FT%,ORB,DRB,TRB,AST,STL,BLK,TOV,PF,PTS
281,Yao Ming,27,HOU,55,55,2044,432,852,.507,0,2,.000,345,406,.850,172,422,594,129,25,111,183,171,1209
282,Cuttino Mobley,32,LAC,77,38,2702,377,870,.433,67,192,.349,163,199,.819,50,225,275,202,78,34,123,152,984
283,Nazr Mohammed,30,TOT,82,29,1650,272,528,.515,0,1,.000,95,163,.583,194,300,494,72,45,60,101,230,639
283,Nazr Mohammed,30,DET,21,0,228,28,59,.475,0,1,.000,13,30,.433,29,44,73,6,7,8,11,36,69
283,Nazr Mohammed,30,CHA,61,29,1422,244,469,.520,0,0,,82,133,.617,165,256,421,66,38,52,90,194,570
284,Jamario Moon,27,TOR,78,75,2166,279,575,.485,40,122,.328,63,85,.741,92,392,484,90,80,108,51,152,661
285,Mikki Moore,32,SAC,82,79,2385,282,489,.577,0,2,.000,134,182,.736,160,334,494,84,35,46,110,310,698
286,Randolph Morris,22,NYK,18,2,181,21,58,.362,0,0,,14,29,.483,12,25,37,2,4,2,9,37,56
287,Alonzo Mourning,37,MIA,25,0,389,52,95,.547,0,0,,45,76,.592,34,59,93,7,4,42,25,56,149
288,Troy Murphy,27,IND,75,61,2106,315,693,.455,94,236,.398,192,241,.797,108,435,543,165,49,32,96,217,916
289,Ronald Murray,28,TOT,42,19,874,154,367,.420,20,63,.317,68,98,.694,23,60,83,144,38,4,84,50,396
289,Ronald Murray,28,DET,19,2,347,57,139,.410,6,27,.222,22,37,.595,13,23,36,64,13,1,31,19,142
289,Ronald Murray,28,IND,23,17,527,97,228,.425,14,36,.389,46,61,.754,10,37,47,80,25,3,53,31,254
290,Dikembe Mutombo,41,HOU,39,25,619,43,80,.538,0,0,,32,45,.711,68,131,199,5,11,48,17,55,118
291,Bostjan Nachbar,27,NJN,75,1,1660,245,609,.402,94,262,.359,154,196,.786,56,204,260,88,44,21,85,182,738
292,Eduardo Najera,31,DEN,78,3,1664,174,368,.473,53,147,.361,63,89,.708,113,224,337,95,69,40,59,199,464
293,Steve Nash,33,PHO,81,81,2780,485,962,.504,179,381,.470,222,245,.906,28,254,282,898,53,5,295,113,1371
294,Juan Carlos Navarro,27,MEM,82,30,2117,308,766,.402,156,432,.361,124,146,.849,34,176,210,177,48,1,134,94,896
295,Jameer Nelson,25,ORL,69,62,1961,283,603,.469,64,154,.416,125,151,.828,28,215,243,383,63,4,141,167,755
296,Rasho Nesterovic,31,TOR,71,39,1486,257,467,.550,1,3,.333,37,49,.755,130,212,342,82,20,52,60,132,552
297,Ira Newble,33,TOT,49,13,698,76,174,.437,16,49,.327,20,26,.769,47,78,125,18,28,8,34,69,188
297,Ira Newble,33,CLE,41,13,650,71,158,.449,15,45,.333,20,26,.769,41,73,114,14,27,7,31,64,177
297,Ira Newble,33,SEA,2,0,17,2,7,.286,0,2,.000,0,0,,0,0,0,1,0,0,0,0,4
297,Ira Newble,33,LAL,6,0,31,3,9,.333,1,2,.500,0,0,,6,5,11,3,1,1,3,5,7
298,Demetris Nichols,23,TOT,14,0,44,6,23,.261,3,13,.231,0,0,,0,5,5,1,0,3,4,4,15
298,Demetris Nichols,23,CLE,3,0,14,1,8,.125,0,3,.000,0,0,,0,1,1,0,0,0,2,0,2
298,Demetris Nichols,23,CHI,11,0,30,5,15,.333,3,10,.300,0,0,,0,4,4,1,0,3,2,4,13
299,Joakim Noah,22,CHI,74,31,1534,177,367,.482,0,1,.000,134,194,.691,174,242,416,84,68,64,89,173,488
300,Andres Nocioni,28,CHI,82,27,2021,379,877,.432,126,346,.364,196,243,.807,48,294,342,95,25,43,133,245,1080
Rk,Player,Age,Tm,G,GS,MP,FG,FGA,FG%,3P,3PA,3P%,FT,FTA,FT%,ORB,DRB,TRB,AST,STL,BLK,TOV,PF,PTS
301,Steve Novak,24,HOU,35,0,264,49,102,.480,34,71,.479,3,4,.750,4,31,35,6,2,3,4,17,135
302,Dirk Nowitzki,29,DAL,77,77,2769,630,1314,.479,79,220,.359,478,544,.879,95,564,659,266,51,71,160,198,1817
303,Patrick O'Bryant,21,GSW,24,0,99,16,29,.552,0,0,,3,5,.600,10,19,29,4,4,9,7,27,35
304,Jermaine O'Neal,29,IND,42,34,1206,225,512,.439,0,5,.000,121,163,.742,82,201,283,93,20,87,106,129,571
305,Shaquille O'Neal,35,TOT,61,61,1748,331,558,.593,0,0,,170,338,.503,166,388,554,93,32,88,181,228,832
305,Shaquille O'Neal,35,MIA,33,33,945,191,329,.581,0,0,,88,178,.494,99,159,258,45,19,54,98,134,470
305,Shaquille O'Neal,35,PHO,28,28,803,140,229,.611,0,0,,82,160,.513,67,229,296,48,13,34,83,94,362
306,Fabricio Oberto,32,SAS,82,64,1644,180,296,.608,0,1,.000,37,61,.607,153,277,430,95,37,20,51,203,397
307,Lamar Odom,28,LAL,77,77,2921,417,795,.525,31,113,.274,229,328,.698,197,622,819,273,75,72,156,222,1094
308,Emeka Okafor,25,CHA,82,82,2718,460,860,.535,0,0,,213,374,.570,255,621,876,70,62,138,164,241,1133
309,Mehmet Okur,28,UTA,72,72,2390,374,841,.445,114,294,.388,185,230,.804,132,424,556,145,55,29,104,236,1047
310,Kevin Ollie,35,PHI,40,0,300,29,69,.420,0,1,.000,12,15,.800,4,15,19,38,10,0,5,28,70
311,Bo Outlaw,36,ORL,2,0,7,2,3,.667,0,0,,0,0,,0,0,0,0,0,0,1,1,4
312,Travis Outlaw,23,POR,82,6,2186,417,964,.433,40,101,.396,218,294,.741,96,280,376,106,59,63,107,173,1092
313,Andre Owens,27,IND,31,7,392,40,107,.374,18,40,.450,25,34,.735,13,34,47,47,13,3,24,37,123
314,Zaza Pachulia,23,ATL,62,5,944,107,245,.437,0,3,.000,108,153,.706,89,159,248,36,24,13,69,140,322
315,Jannero Pargo,28,NOH,80,5,1497,254,652,.390,65,186,.349,71,81,.877,26,104,130,192,50,5,93,123,644
316,Anthony Parker,32,TOR,82,82,2634,395,829,.476,133,304,.438,102,125,.816,50,284,334,183,79,17,87,157,1025
317,Smush Parker,26,TOT,28,2,592,64,184,.348,18,78,.231,19,28,.679,4,47,51,84,24,6,44,60,165
317,Smush Parker,26,MIA,9,0,183,17,54,.315,6,24,.250,3,4,.750,2,17,19,15,5,3,8,13,43
317,Smush Parker,26,LAC,19,2,409,47,130,.362,12,54,.222,16,24,.667,2,30,32,69,19,3,36,47,122
318,Tony Parker,25,SAS,69,68,2312,515,1043,.494,17,66,.258,248,347,.715,30,191,221,411,55,8,164,93,1295
319,Ruben Patterson,32,LAC,20,5,327,39,86,.453,0,2,.000,24,43,.558,24,40,64,17,21,7,27,37,102
320,Chris Paul,22,NOH,80,80,3006,630,1291,.488,92,249,.369,332,390,.851,62,259,321,925,217,4,201,185,1684
Rk,Player,Age,Tm,G,GS,MP,FG,FGA,FG%,3P,3PA,3P%,FT,FTA,FT%,ORB,DRB,TRB,AST,STL,BLK,TOV,PF,PTS
321,Sasha Pavlovic,24,CLE,51,45,1188,146,403,.362,34,114,.298,53,77,.688,35,93,128,82,29,6,55,117,379
322,Oleksiy Pecherov,22,WAS,35,0,320,44,125,.352,17,60,.283,20,31,.645,21,45,66,7,6,5,17,30,125
323,Kendrick Perkins,23,BOS,78,78,1912,214,348,.615,0,1,.000,114,183,.623,145,329,474,84,31,114,125,242,542
324,Kosta Perovic,22,GSW,7,0,38,3,10,.300,0,0,,4,6,.667,6,7,13,1,0,2,1,6,10
325,Morris Peterson,30,NOH,76,76,1796,215,516,.417,113,287,.394,65,85,.765,36,170,206,67,47,7,41,125,608
326,Johan Petro,22,SEA,72,28,1310,184,439,.419,0,1,.000,64,87,.736,98,272,370,32,35,42,73,173,432
327,Eric Piatkowski,37,PHO,16,0,113,12,33,.364,11,26,.423,4,4,1.000,1,11,12,10,0,1,6,11,39
328,Paul Pierce,30,BOS,80,80,2874,509,1098,.464,143,365,.392,409,485,.843,53,358,411,363,101,36,221,200,1570
329,Mickael Pietrus,25,GSW,66,16,1316,170,387,.439,66,183,.361,66,98,.673,67,175,242,49,66,43,48,200,472
330,Scot Pollard,32,BOS,22,0,173,12,23,.522,0,0,,15,22,.682,14,23,37,3,3,6,5,43,39
331,James Posey,31,BOS,74,2,1821,173,414,.418,106,279,.380,93,115,.809,30,292,322,114,72,19,65,182,545
332,Leon Powe,24,BOS,56,5,809,154,269,.572,0,1,.000,137,193,.710,95,132,227,15,15,16,43,127,445
333,Josh Powell,25,LAC,64,25,1228,145,315,.460,0,3,.000,63,87,.724,115,216,331,47,14,23,65,130,353
334,Kasib Powell,26,MIA,11,4,304,35,95,.368,8,33,.242,6,9,.667,8,36,44,18,9,2,5,18,84
335,Ronnie Price,24,UTA,61,3,588,88,204,.431,26,75,.347,26,38,.684,8,38,46,78,32,3,30,83,228
336,Tayshaun Prince,27,DET,82,82,2694,421,940,.448,53,146,.363,185,241,.768,109,289,398,268,42,33,91,90,1080
337,Gabe Pruitt,21,BOS,15,0,95,14,39,.359,3,12,.250,1,2,.500,1,7,8,13,5,0,5,10,32
338,Joel Przybilla,28,POR,77,67,1819,144,250,.576,0,1,.000,83,122,.680,195,454,649,27,13,93,95,234,371
339,Chris Quinn,24,MIA,60,25,1340,158,373,.424,64,159,.403,85,98,.867,11,107,118,178,46,4,55,90,465
340,Vladimir Radmanovic,27,LAL,65,41,1483,198,437,.453,95,234,.406,52,65,.800,56,159,215,123,46,12,73,147,543
Rk,Player,Age,Tm,G,GS,MP,FG,FGA,FG%,3P,3PA,3P%,FT,FTA,FT%,ORB,DRB,TRB,AST,STL,BLK,TOV,PF,PTS
341,Shavlik Randolph,24,PHI,9,0,27,4,14,.286,0,0,,0,0,,9,2,11,3,1,3,2,5,8
342,Zach Randolph,26,NYK,69,68,2244,486,1058,.459,22,80,.275,223,289,.772,184,526,710,140,59,16,186,194,1217
343,Theo Ratliff,34,TOT,26,9,437,41,85,.482,0,1,.000,29,43,.674,32,57,89,14,7,37,21,59,111
343,Theo Ratliff,34,MIN,10,6,214,23,45,.511,0,1,.000,17,25,.680,13,26,39,7,3,19,12,30,63
343,Theo Ratliff,34,DET,16,3,223,18,40,.450,0,0,,12,18,.667,19,31,50,7,4,18,9,29,48
344,Michael Redd,28,MIL,72,71,2702,550,1243,.442,130,359,.362,402,490,.820,85,224,309,247,65,13,181,120,1632
345,J.J. Redick,23,ORL,34,0,276,48,108,.444,17,43,.395,27,34,.794,1,22,23,16,4,0,15,29,140
346,Chris Richard,23,MIN,52,3,556,41,87,.471,0,0,,16,27,.593,52,83,135,18,10,12,24,83,98
347,Jason Richardson,27,CHA,82,82,3149,648,1468,.441,243,599,.406,249,331,.752,80,361,441,258,116,57,166,241,1788
348,Jeremy Richardson,23,TOT,27,1,132,16,44,.364,7,19,.368,2,2,1.000,1,8,9,2,3,0,6,13,41
348,Jeremy Richardson,23,MEM,3,0,15,0,6,.000,0,2,.000,0,0,,0,1,1,1,0,0,1,2,0
348,Jeremy Richardson,23,SAS,5,1,29,3,7,.429,2,5,.400,2,2,1.000,0,1,1,1,1,0,0,5,10
348,Jeremy Richardson,23,ATL,19,0,88,13,31,.419,5,12,.417,0,0,,1,6,7,0,2,0,5,6,31
349,Quentin Richardson,27,NYK,65,65,1841,199,555,.359,69,214,.322,60,88,.682,56,259,315,116,44,15,69,153,527
350,Luke Ridnour,26,SEA,61,5,1223,147,368,.399,21,71,.296,78,91,.857,13,81,94,241,37,14,80,120,393
351,Nate Robinson,23,NYK,72,17,1883,331,782,.423,97,292,.332,154,196,.786,51,171,222,212,60,1,103,186,913
352,Sergio Rodriguez,21,POR,72,0,628,69,196,.352,17,58,.293,25,38,.658,13,45,58,123,24,0,53,57,180
353,Rajon Rondo,21,BOS,77,77,2306,351,713,.492,5,19,.263,107,175,.611,78,244,322,393,129,13,147,187,814
354,Malik Rose,33,NYK,49,3,494,66,180,.367,2,7,.286,37,51,.725,31,72,103,28,16,7,40,80,171
355,Quinton Ross,26,LAC,76,44,1505,131,335,.391,9,21,.429,40,60,.667,54,118,172,88,43,33,29,132,311
356,Brandon Roy,23,POR,74,74,2792,531,1170,.454,73,215,.340,281,373,.753,81,267,348,430,79,16,136,147,1416
357,Michael Ruffin,31,MIL,46,2,632,33,62,.532,0,0,,25,63,.397,90,96,186,24,31,19,19,93,91
358,Kareem Rush,27,IND,71,15,1504,228,569,.401,102,262,.389,30,42,.714,19,149,168,89,42,19,62,108,588
359,John Salmons,28,SAC,81,41,2517,381,799,.477,39,120,.325,214,260,.823,76,273,349,208,93,31,170,171,1015
360,Cheikh Samb,23,DET,4,0,31,3,4,.750,0,0,,1,2,.500,3,4,7,0,1,2,1,8,7
Rk,Player,Age,Tm,G,GS,MP,FG,FGA,FG%,3P,3PA,3P%,FT,FTA,FT%,ORB,DRB,TRB,AST,STL,BLK,TOV,PF,PTS
361,Brian Scalabrine,29,BOS,48,9,512,29,94,.309,15,46,.326,15,20,.750,22,57,79,40,9,8,26,63,88
362,Luis Scola,27,HOU,82,39,2024,345,670,.515,0,3,.000,157,235,.668,174,351,525,106,60,19,105,235,847
363,Thabo Sefolosha,23,CHI,69,22,1436,180,421,.428,29,88,.330,75,104,.721,50,205,255,129,61,30,93,128,464
364,Mouhamed Sene,21,SEA,13,0,62,11,24,.458,0,0,,8,17,.471,7,9,16,1,0,7,0,9,30
365,Ramon Sessions,21,MIL,17,7,450,51,117,.436,3,7,.429,32,41,.780,8,50,58,127,17,3,36,26,137
366,Bobby Simmons,27,MIL,70,21,1521,209,496,.421,60,171,.351,53,70,.757,67,159,226,80,50,5,78,140,531
367,Cedric Simmons,22,TOT,14,0,87,4,14,.286,0,0,,0,10,.000,6,12,18,0,2,5,6,8,8
367,Cedric Simmons,22,CLE,7,0,68,2,6,.333,0,0,,0,8,.000,5,10,15,0,2,5,4,7,4
367,Cedric Simmons,22,CHI,7,0,19,2,8,.250,0,0,,0,2,.000,1,2,3,0,0,0,2,1,4
368,Courtney Sims,24,IND,3,0,11,0,1,.000,0,0,,0,0,,1,1,2,1,0,0,0,2,0
369,Brian Skinner,31,PHO,66,0,844,92,198,.465,2,3,.667,33,63,.524,63,175,238,15,21,77,39,112,219
370,Craig Smith,24,MIN,77,11,1547,297,528,.563,0,9,.000,133,200,.665,123,230,353,60,36,17,89,217,727
371,J.R. Smith,22,DEN,74,0,1421,311,674,.461,157,390,.403,128,178,.719,43,109,152,128,62,12,112,144,907
372,Jason Smith,21,PHI,76,1,1107,141,310,.455,4,14,.286,54,82,.659,77,153,230,20,22,50,48,142,340
373,Joe Smith,32,TOT,77,36,1726,312,653,.478,0,3,.000,154,204,.755,163,238,401,66,34,47,71,186,778
373,Joe Smith,32,CHI,50,35,1146,225,483,.466,0,1,.000,109,135,.807,108,157,265,47,25,31,49,113,559
373,Joe Smith,32,CLE,27,1,580,87,170,.512,0,2,.000,45,69,.652,55,81,136,19,9,16,22,73,219
374,Josh Smith,22,ATL,81,81,2873,518,1133,.457,25,99,.253,333,469,.710,161,506,667,272,123,227,245,269,1394
375,Eric Snow,34,CLE,22,5,305,6,38,.158,0,2,.000,10,22,.455,4,16,20,42,10,4,10,30,22
376,Kirk Snyder,24,TOT,36,18,761,96,189,.508,5,23,.217,64,88,.727,30,96,126,64,20,15,52,55,261
376,Kirk Snyder,24,HOU,9,0,81,13,28,.464,2,9,.222,6,11,.545,5,7,12,8,1,1,4,6,34
376,Kirk Snyder,24,MIN,27,18,680,83,161,.516,3,14,.214,58,77,.753,25,89,114,56,19,14,48,49,227
377,Darius Songaila,29,WAS,80,13,1554,214,467,.458,0,2,.000,67,73,.918,81,190,271,135,53,16,86,181,495
378,Jerry Stackhouse,33,DAL,58,13,1412,213,526,.405,60,184,.326,132,148,.892,33,100,133,145,28,10,86,82,618
379,DeShawn Stevenson,26,WAS,82,82,2564,301,780,.386,158,413,.383,157,197,.797,37,198,235,252,65,15,102,110,917
380,Peja Stojakovic,30,NOH,77,77,2711,451,1026,.440,231,524,.441,130,140,.929,64,267,331,96,57,10,61,127,1263
Rk,Player,Age,Tm,G,GS,MP,FG,FGA,FG%,3P,3PA,3P%,FT,FTA,FT%,ORB,DRB,TRB,AST,STL,BLK,TOV,PF,PTS
381,Awvee Storey,30,MIL,26,0,259,39,89,.438,0,7,.000,14,29,.483,31,23,54,16,7,1,10,41,92
382,Damon Stoudamire,34,TOT,60,33,1037,120,337,.356,50,149,.336,27,34,.794,20,98,118,165,30,2,80,76,317
382,Damon Stoudamire,34,MEM,29,29,624,77,194,.397,36,94,.383,21,26,.808,14,57,71,112,19,0,50,46,211
382,Damon Stoudamire,34,SAS,31,4,413,43,143,.301,14,55,.255,6,8,.750,6,41,47,53,11,2,30,30,106
383,Salim Stoudamire,25,ATL,35,0,402,65,180,.361,29,85,.341,41,50,.820,4,20,24,28,7,5,21,34,200
384,Amare Stoudemire,25,PHO,79,79,2677,714,1211,.590,5,31,.161,556,691,.805,178,541,719,118,64,163,174,294,1989
385,D.J. Strawberry,22,PHO,33,0,270,29,92,.315,6,25,.240,9,19,.474,9,19,28,30,12,6,11,36,73
386,Rodney Stuckey,21,DET,57,2,1081,153,382,.401,3,16,.188,127,156,.814,32,97,129,160,49,6,78,113,436
387,Robert Swift,22,SEA,8,4,98,6,17,.353,0,0,,2,2,1.000,6,12,18,1,5,6,10,16,14
388,Stromile Swift,28,TOT,56,4,844,135,265,.509,0,2,.000,73,109,.670,64,135,199,26,15,54,51,113,343
388,Stromile Swift,28,MEM,35,4,549,93,177,.525,0,2,.000,52,81,.642,46,83,129,22,10,36,39,74,238
388,Stromile Swift,28,NJN,21,0,295,42,88,.477,0,0,,21,28,.750,18,52,70,4,5,18,12,39,105
389,Wally Szczerbiak,30,TOT,75,2,1736,311,722,.431,90,218,.413,149,175,.851,34,183,217,104,23,12,76,103,861
389,Wally Szczerbiak,30,SEA,50,1,1180,236,513,.460,71,166,.428,113,134,.843,16,120,136,69,14,5,56,67,656
389,Wally Szczerbiak,30,CLE,25,1,556,75,209,.359,19,52,.365,36,41,.878,18,63,81,35,9,7,20,36,205
390,Sebastian Telfair,22,MIN,60,51,1933,223,556,.401,32,114,.281,78,105,.743,16,119,135,355,59,11,111,171,556
391,Jason Terry,30,DAL,82,34,2579,471,1008,.467,136,363,.375,191,223,.857,30,178,208,264,88,18,92,170,1269
392,Billy Thomas,32,TOT,11,0,42,4,17,.235,4,16,.250,2,2,1.000,0,2,2,0,1,0,4,4,14
392,Billy Thomas,32,NJN,4,0,8,0,3,.000,0,3,.000,2,2,1.000,0,0,0,0,0,0,1,0,2
392,Billy Thomas,32,CLE,7,0,34,4,14,.286,4,13,.308,0,0,,0,2,2,0,1,0,3,4,12
393,Kenny Thomas,30,SAC,23,3,281,16,38,.421,0,0,,0,5,.000,18,43,61,13,6,1,21,38,32
394,Kurt Thomas,35,TOT,70,48,1584,195,396,.492,0,1,.000,53,80,.663,130,377,507,67,56,57,46,188,443
394,Kurt Thomas,35,SEA,42,39,1060,139,271,.513,0,0,,39,56,.696,94,275,369,53,35,43,28,131,317
394,Kurt Thomas,35,SAS,28,9,524,56,125,.448,0,1,.000,14,24,.583,36,102,138,14,21,14,18,57,126
395,Tim Thomas,30,LAC,63,51,1940,291,705,.413,83,271,.306,115,153,.752,62,261,323,171,40,29,98,192,780
396,Tyrus Thomas,21,CHI,74,27,1330,186,440,.423,1,6,.167,129,174,.741,102,240,342,90,48,72,77,170,502
397,Al Thornton,24,LAC,79,31,2158,374,871,.429,43,130,.331,214,288,.743,98,260,358,98,46,43,128,195,1005
398,Jamaal Tinsley,29,IND,39,36,1293,176,463,.380,40,141,.284,72,100,.720,24,117,141,326,66,10,130,97,464
399,Alando Tucker,23,PHO,6,0,48,8,22,.364,1,4,.250,5,6,.833,4,4,8,0,0,1,0,2,22
400,Ronny Turiaf,25,LAL,78,21,1458,188,397,.474,0,1,.000,140,186,.753,95,211,306,128,28,108,72,199,516
Rk,Player,Age,Tm,G,GS,MP,FG,FGA,FG%,3P,3PA,3P%,FT,FTA,FT%,ORB,DRB,TRB,AST,STL,BLK,TOV,PF,PTS
401,Hedo Turkoglu,28,ORL,82,82,3026,556,1219,.456,166,415,.400,324,391,.829,83,388,471,409,74,25,246,244,1602
402,Ime Udoka,30,SAS,73,0,1316,159,375,.424,61,165,.370,44,58,.759,36,192,228,63,56,17,58,127,423
403,Beno Udrih,25,SAC,65,51,2080,328,708,.463,53,137,.387,125,147,.850,34,183,217,282,56,10,148,138,834
404,Anderson Varejao,25,CLE,48,13,1320,136,295,.461,0,2,.000,49,82,.598,134,265,399,53,37,26,59,134,321
405,Jacque Vaughn,32,SAS,74,9,1139,121,283,.428,3,10,.300,61,80,.763,13,61,74,159,23,1,54,97,306
406,Charlie Villanueva,23,MIL,76,31,1829,354,814,.435,55,185,.297,123,157,.783,145,321,466,78,30,35,107,174,886
407,Marcus Vinicius,23,NOH,13,0,69,9,20,.450,5,12,.417,5,11,.455,1,7,8,2,1,1,3,4,28
408,Jake Voskuhl,30,MIL,44,0,386,37,80,.463,0,0,,24,29,.828,30,67,97,13,9,21,29,83,98
409,Sasha Vujacic,23,LAL,72,0,1279,219,482,.454,118,270,.437,76,91,.835,19,135,154,72,36,5,52,107,632
410,Dwyane Wade,26,MIA,51,49,1954,439,937,.469,22,77,.286,354,467,.758,45,169,214,354,87,37,224,137,1254
411,Von Wafer,22,TOT,29,0,154,17,61,.279,4,26,.154,8,12,.667,1,18,19,7,2,3,13,7,46
411,Von Wafer,22,DEN,21,0,90,10,38,.263,1,15,.067,6,8,.750,1,9,10,5,2,1,11,4,27
411,Von Wafer,22,POR,8,0,64,7,23,.304,3,11,.273,2,4,.500,0,9,9,2,0,2,2,3,19
412,Antoine Walker,31,MIN,46,1,892,136,375,.363,61,188,.324,35,66,.530,56,112,168,45,33,8,46,80,368
413,Ben Wallace,33,TOT,72,72,2205,138,352,.392,0,4,.000,72,169,.426,234,370,604,105,88,117,67,121,348
413,Ben Wallace,33,CHI,50,50,1627,101,271,.373,0,4,.000,53,125,.424,175,266,441,92,69,80,49,86,255
413,Ben Wallace,33,CLE,22,22,578,37,81,.457,0,0,,19,44,.432,59,104,163,13,19,37,18,35,93
414,Gerald Wallace,25,CHA,62,59,2376,408,908,.449,71,221,.321,313,428,.731,58,315,373,216,131,58,180,189,1200
415,Rasheed Wallace,33,DET,77,76,2346,376,870,.432,112,315,.356,115,150,.767,84,427,511,137,91,129,86,213,979
416,Luke Walton,27,LAL,74,31,1729,215,478,.450,28,84,.333,77,109,.706,85,206,291,218,60,18,100,133,535
417,Hakim Warrick,25,MEM,75,30,1754,328,653,.502,13,48,.271,183,260,.704,123,233,356,53,36,28,85,156,852
418,Darius Washington,22,SAS,18,0,146,21,48,.438,4,12,.333,7,13,.538,4,16,20,15,5,0,14,16,53
419,Darryl Watkins,23,SAC,9,0,71,5,15,.333,0,0,,2,5,.400,5,7,12,0,2,2,7,8,12
420,C.J. Watson,23,GSW,32,0,368,43,101,.426,9,26,.346,23,29,.793,13,19,32,35,15,0,18,19,118
Rk,Player,Age,Tm,G,GS,MP,FG,FGA,FG%,3P,3PA,3P%,FT,FTA,FT%,ORB,DRB,TRB,AST,STL,BLK,TOV,PF,PTS
421,Earl Watson,28,SEA,78,73,2269,339,747,.454,49,132,.371,111,145,.766,43,182,225,531,69,11,175,158,838
422,Chris Webber,34,GSW,9,8,126,15,31,.484,0,0,,5,12,.417,2,30,32,18,4,6,11,17,35
423,Martell Webster,21,POR,75,70,2132,277,656,.422,123,317,.388,122,166,.735,54,242,296,90,42,28,83,159,799
424,Bonzi Wells,31,TOT,73,7,1562,252,569,.443,12,50,.240,146,227,.643,84,247,331,97,75,32,103,157,662
424,Bonzi Wells,31,HOU,51,7,1124,175,412,.425,8,38,.211,111,174,.638,63,197,260,80,51,24,76,113,469
424,Bonzi Wells,31,NOH,22,0,438,77,157,.490,4,12,.333,35,53,.660,21,50,71,17,24,8,27,44,193
425,David West,27,NOH,76,76,2870,629,1305,.482,6,25,.240,300,353,.850,180,495,675,177,62,99,165,208,1564
426,Delonte West,24,TOT,61,31,1533,196,475,.413,48,135,.356,67,91,.736,31,162,193,229,59,29,117,103,507
426,Delonte West,24,SEA,35,5,727,97,250,.388,19,56,.339,26,39,.667,13,83,96,113,30,10,66,44,239
426,Delonte West,24,CLE,26,26,806,99,225,.440,29,79,.367,41,52,.788,18,79,97,116,29,19,51,59,268
427,Mario West,23,ATL,64,2,269,21,49,.429,0,4,.000,17,26,.654,26,22,48,13,12,4,9,61,59
428,Chris Wilcox,25,SEA,62,55,1739,334,638,.524,0,3,.000,160,248,.645,126,307,433,74,46,36,103,174,828
429,Damien Wilkins,28,SEA,76,31,1843,271,673,.403,50,155,.323,106,144,.736,72,173,245,150,62,19,89,128,698
430,Mike Wilks,28,TOT,15,0,188,17,36,.472,3,8,.375,4,4,1.000,5,14,19,14,9,0,9,13,41
430,Mike Wilks,28,DEN,8,0,122,10,23,.435,2,5,.400,2,2,1.000,4,8,12,6,5,0,5,9,24
430,Mike Wilks,28,WAS,4,0,44,2,4,.500,1,2,.500,0,0,,1,5,6,3,3,0,1,2,5
430,Mike Wilks,28,SEA,3,0,22,5,9,.556,0,1,.000,2,2,1.000,0,1,1,5,1,0,3,2,12
431,Aaron Williams,36,LAC,30,5,297,27,55,.491,0,0,,14,18,.778,15,46,61,9,12,15,13,44,68
432,Deron Williams,23,UTA,82,82,3059,566,1117,.507,83,210,.395,330,411,.803,34,209,243,862,90,23,279,200,1545
433,Jason Williams,32,MIA,67,53,1886,211,550,.384,97,275,.353,69,80,.863,12,118,130,307,83,5,91,93,588
434,Justin Williams,23,TOT,23,0,123,13,29,.448,0,0,,8,26,.308,20,29,49,0,5,5,4,17,34
434,Justin Williams,23,SAC,22,0,117,12,26,.462,0,0,,7,22,.318,19,29,48,0,5,5,3,14,31
434,Justin Williams,23,HOU,1,0,6,1,3,.333,0,0,,1,4,.250,1,0,1,0,0,0,1,3,3
435,Louis Williams,21,PHI,80,0,1862,319,752,.424,55,153,.359,227,290,.783,41,126,167,253,81,13,125,130,920
436,Marcus Williams,22,NJN,53,7,854,111,293,.379,54,142,.380,37,47,.787,14,87,101,140,25,3,75,52,313
437,Marcus Williams,21,TOT,11,0,36,5,20,.250,0,0,,0,0,,4,8,12,3,1,1,0,3,10
437,Marcus Williams,21,SAS,1,0,2,0,1,.000,0,0,,0,0,,0,0,0,0,0,1,0,0,0
437,Marcus Williams,21,LAC,10,0,34,5,19,.263,0,0,,0,0,,4,8,12,3,1,0,0,3,10
438,Marvin Williams,21,ATL,80,80,2765,424,918,.462,1,10,.100,336,409,.822,119,338,457,137,81,33,127,225,1185
439,Mo Williams,25,MIL,66,66,2410,441,919,.480,89,231,.385,166,194,.856,37,193,230,419,78,10,182,188,1137
440,Sean Williams,21,NJN,73,29,1278,164,305,.538,0,0,,81,133,.609,115,207,322,28,28,106,70,193,409
Rk,Player,Age,Tm,G,GS,MP,FG,FGA,FG%,3P,3PA,3P%,FT,FTA,FT%,ORB,DRB,TRB,AST,STL,BLK,TOV,PF,PTS
441,Shawne Williams,21,IND,65,3,967,159,372,.427,43,137,.314,76,106,.717,54,122,176,59,26,26,58,132,437
442,Shelden Williams,24,TOT,64,0,776,92,212,.434,0,2,.000,71,105,.676,68,137,205,19,22,21,35,110,255
442,Shelden Williams,24,ATL,36,0,414,37,100,.370,0,1,.000,35,51,.686,34,73,107,11,13,11,14,60,109
442,Shelden Williams,24,SAC,28,0,362,55,112,.491,0,1,.000,36,54,.667,34,64,98,8,9,10,21,50,146
443,Loren Woods,29,HOU,7,0,17,3,5,.600,0,0,,0,0,,0,1,1,2,0,0,0,2,6
444,Metta World Peace,28,SAC,57,54,2172,436,962,.453,84,221,.380,212,295,.719,101,227,328,199,133,38,148,159,1168
445,Antoine Wright,23,TOT,56,10,1232,136,329,.413,32,110,.291,46,67,.687,40,107,147,80,28,21,50,127,350
445,Antoine Wright,23,NJN,41,10,1056,115,287,.401,27,101,.267,41,58,.707,35,90,125,67,26,17,39,105,298
445,Antoine Wright,23,DAL,15,0,176,21,42,.500,5,9,.556,5,9,.556,5,17,22,13,2,4,11,22,52
446,Brandan Wright,20,GSW,38,6,376,62,112,.554,0,0,,27,40,.675,38,61,99,9,6,22,13,36,151
447,Dorell Wright,22,MIA,44,34,1104,143,293,.488,4,11,.364,57,69,.826,48,172,220,60,29,41,29,79,347
448,Julian Wright,20,NOH,57,1,640,90,169,.533,10,24,.417,33,52,.635,33,84,117,40,29,12,34,43,223
449,Lorenzen Wright,32,TOT,18,1,161,6,21,.286,0,0,,3,6,.500,8,30,38,4,3,3,4,31,15
449,Lorenzen Wright,32,ATL,13,1,148,5,17,.294,0,0,,3,6,.500,7,30,37,3,3,3,2,26,13
449,Lorenzen Wright,32,SAC,5,0,13,1,4,.250,0,0,,0,0,,1,0,1,1,0,0,2,5,2
450,Nick Young,22,WAS,75,2,1158,210,478,.439,40,100,.400,101,124,.815,23,92,115,63,35,7,94,130,561
451,Thaddeus Young,19,PHI,74,22,1554,264,490,.539,6,19,.316,76,103,.738,120,192,312,58,73,8,64,126,610