Rk,Player,Age,Tm,G,GS,MP,FG,FGA,FG%,3P,3PA,3P%,FT,FTA,FT%,ORB,DRB,TRB,AST,STL,BLK,TOV,PF,PTS
1,Arron Afflalo,24,DEN,82,75,2221,272,585,.465,108,249,.434,72,98,.735,59,193,252,138,46,30,74,225,724
2,Alexis Ajinca,21,CHA,6,0,30,5,10,.500,0,0,,0,1,.000,1,3,4,0,1,1,2,5,10
3,LaMarcus Aldridge,24,POR,78,78,2922,579,1169,.495,5,16,.313,230,304,.757,192,435,627,160,67,48,104,231,1393
4,Joe Alexander,23,CHI,8,0,29,1,6,.167,0,1,.000,2,3,.667,2,3,5,2,1,1,0,9,4
5,Malik Allen,31,DEN,51,3,456,46,116,.397,1,6,.167,12,13,.923,36,46,82,16,11,5,22,68,105
6,Ray Allen,34,BOS,80,80,2819,464,973,.477,145,399,.363,231,253,.913,45,208,253,210,64,25,129,182,1304
7,Tony Allen,28,BOS,54,8,889,129,253,.510,0,5,.000,72,119,.605,52,93,145,72,59,19,66,109,330
8,Rafer Alston,33,TOT,52,38,1421,155,446,.348,58,168,.345,59,81,.728,13,116,129,176,50,10,95,103,427
8,Rafer Alston,33,NJN,27,13,766,95,277,.343,28,87,.322,44,54,.815,9,66,75,104,27,5,61,50,262
8,Rafer Alston,33,MIA,25,25,655,60,169,.355,30,81,.370,15,27,.556,4,50,54,72,23,5,34,53,165
9,Louis Amundson,27,PHO,79,0,1168,152,276,.551,0,1,.000,67,123,.545,128,218,346,31,24,73,57,169,371
10,Chris Andersen,31,DEN,76,0,1695,142,251,.566,0,3,.000,164,236,.695,147,336,483,33,42,143,59,171,448
11,David Andersen,29,HOU,63,0,891,147,340,.432,27,78,.346,46,67,.687,54,154,208,44,15,12,37,119,367
12,Antonio Anderson,24,OKC,1,0,15,1,3,.333,0,0,,0,0,,1,0,1,0,0,0,1,1,2
13,Ryan Anderson,21,ORL,63,6,911,169,388,.436,78,211,.370,71,82,.866,70,132,202,37,25,14,56,81,487
14,Carmelo Anthony,25,DEN,69,69,2634,688,1502,.458,59,187,.316,508,612,.830,152,302,454,222,88,30,209,225,1943
15,Joel Anthony,27,MIA,80,16,1322,76,159,.478,0,0,,66,92,.717,123,126,249,12,20,109,45,158,218
16,Gilbert Arenas,28,WAS,32,32,1169,253,616,.411,63,181,.348,153,207,.739,17,116,133,230,41,9,117,95,722
17,Trevor Ariza,24,HOU,72,71,2629,394,999,.394,136,407,.334,148,228,.649,78,325,403,276,126,40,161,162,1072
18,Hilton Armstrong,25,TOT,33,0,335,28,79,.354,0,1,.000,15,32,.469,27,54,81,21,15,12,22,59,71
18,Hilton Armstrong,25,NOH,18,0,239,19,50,.380,0,0,,13,28,.464,17,44,61,16,8,8,13,44,51
18,Hilton Armstrong,25,SAC,6,0,56,4,12,.333,0,0,,2,2,1.000,5,9,14,2,2,4,4,5,10
18,Hilton Armstrong,25,HOU,9,0,40,5,17,.294,0,1,.000,0,2,.000,5,1,6,3,5,0,5,10,10
19,Carlos Arroyo,30,MIA,72,35,1585,178,375,.475,7,25,.280,76,90,.844,26,104,130,225,36,6,54,102,439
20,Darrell Arthur,21,MEM,32,1,457,63,146,.432,0,1,.000,17,30,.567,37,73,110,15,14,14,22,60,143
Rk,Player,Age,Tm,G,GS,MP,FG,FGA,FG%,3P,3PA,3P%,FT,FTA,FT%,ORB,DRB,TRB,AST,STL,BLK,TOV,PF,PTS
21,Chucky Atkins,35,DET,40,11,644,57,157,.363,22,73,.301,25,27,.926,5,24,29,91,17,0,32,53,161
22,D.J. Augustin,22,CHA,80,2,1472,168,435,.386,70,178,.393,102,131,.779,11,86,97,193,45,5,74,127,508
23,Kelenna Azubuike,26,GSW,9,7,231,48,88,.545,10,27,.370,19,28,.679,12,29,41,10,5,9,7,16,125
24,Renaldo Balkman,25,DEN,13,1,91,6,18,.333,0,7,.000,2,6,.333,4,19,23,7,8,2,6,16,14
25,Marcus Banks,28,TOR,22,0,244,39,73,.534,7,24,.292,24,29,.828,3,20,23,26,12,2,20,30,109
26,Leandro Barbosa,27,PHO,44,5,786,155,365,.425,44,136,.324,64,73,.877,11,58,69,64,23,12,46,71,418
27,Jose Barea,25,DAL,78,18,1546,232,527,.440,56,157,.357,76,90,.844,17,129,146,258,35,6,102,119,596
28,Andrea Bargnani,24,TOR,80,80,2799,537,1143,.470,121,325,.372,181,234,.774,105,388,493,93,25,111,120,215,1376
29,Matt Barnes,29,ORL,81,58,2097,271,557,.487,66,207,.319,108,146,.740,106,339,445,134,59,30,112,185,716
30,Earl Barron,28,NYK,7,6,232,30,68,.441,0,0,,22,29,.759,31,46,77,8,4,4,11,24,82
31,Brandon Bass,24,ORL,50,3,648,119,233,.511,0,0,,52,63,.825,54,73,127,19,12,27,31,69,290
32,Tony Battie,33,NJN,15,0,134,14,40,.350,1,4,.250,7,10,.700,4,19,23,3,4,2,3,19,36
33,Shane Battier,31,HOU,67,62,2168,178,447,.398,101,279,.362,77,106,.726,74,238,312,164,53,76,64,139,534
34,Nicolas Batum,21,POR,37,25,918,139,268,.519,54,132,.409,43,51,.843,32,109,141,44,24,25,27,83,375
35,Jerryd Bayless,21,POR,74,11,1304,200,483,.414,29,92,.315,201,242,.831,18,102,120,172,26,5,94,152,630
36,Michael Beasley,21,MIA,78,78,2328,468,1040,.450,28,102,.275,192,240,.800,123,375,498,100,80,49,131,221,1156
37,Rodrigue Beaubois,21,DAL,56,16,700,155,299,.518,45,110,.409,42,52,.808,12,66,78,74,29,12,54,84,397
38,Marco Belinelli,23,TOR,66,1,1121,154,379,.406,60,158,.380,101,121,.835,14,81,95,89,42,5,60,80,469
39,Charlie Bell,30,MIL,71,39,1611,169,443,.381,73,200,.365,48,67,.716,31,101,132,104,39,12,54,136,459
40,Raja Bell,33,TOT,6,5,180,28,61,.459,12,27,.444,3,3,1.000,5,18,23,13,4,2,5,15,71
40,Raja Bell,33,CHA,5,5,157,24,55,.436,9,24,.375,3,3,1.000,5,16,21,10,4,2,5,13,60
40,Raja Bell,33,GSW,1,0,23,4,6,.667,3,3,1.000,0,0,,0,2,2,3,0,0,0,2,11
Rk,Player,Age,Tm,G,GS,MP,FG,FGA,FG%,3P,3PA,3P%,FT,FTA,FT%,ORB,DRB,TRB,AST,STL,BLK,TOV,PF,PTS
41,Jonathan Bender,29,NYK,25,1,292,40,100,.400,14,39,.359,24,26,.923,15,37,52,16,2,17,28,33,118
42,Mike Bibby,31,ATL,80,80,2195,268,644,.416,126,324,.389,68,79,.861,20,164,184,310,67,3,90,157,730
43,Andris Biedrins,23,GSW,33,29,763,81,137,.591,0,0,,4,25,.160,63,196,259,57,20,44,32,117,166
44,Chauncey Billups,33,DEN,73,73,2490,402,962,.418,157,407,.386,466,512,.910,25,203,228,409,82,9,177,153,1427
45,DeJuan Blair,20,SAS,82,23,1494,275,495,.556,0,2,.000,88,161,.547,200,326,526,65,50,39,112,224,638
46,Steve Blake,29,TOT,80,38,2159,217,522,.416,116,294,.395,36,48,.750,21,166,187,380,58,6,128,123,586
46,Steve Blake,29,POR,51,28,1397,143,355,.403,78,207,.377,24,32,.750,15,103,118,203,37,2,65,84,388
46,Steve Blake,29,LAC,29,10,762,74,167,.443,38,87,.437,12,16,.750,6,63,69,177,21,4,63,39,198
47,Andray Blatche,23,WAS,81,36,2256,478,999,.478,13,44,.295,174,234,.744,158,351,509,170,85,71,182,218,1143
48,Keith Bogans,29,SAS,79,50,1559,120,298,.403,70,196,.357,37,50,.740,25,151,176,95,45,12,53,156,347
49,Andrew Bogut,25,MIL,69,69,2229,473,910,.520,0,2,.000,149,237,.629,208,493,701,127,39,175,131,222,1095
50,Matt Bonner,29,SAS,65,8,1161,166,372,.446,90,231,.390,35,48,.729,52,162,214,68,30,24,39,109,457
51,Josh Boone,25,NJN,63,28,1045,117,223,.525,0,0,,19,58,.328,124,191,315,29,30,48,37,111,253
52,Carlos Boozer,28,UTA,78,78,2673,617,1098,.562,0,0,,285,384,.742,181,693,874,247,84,36,212,270,1519
53,Chris Bosh,25,TOR,70,70,2526,600,1158,.518,8,22,.364,470,590,.797,205,554,759,166,43,68,169,170,1678
54,Ryan Bowen,34,OKC,1,0,8,1,1,1.000,0,0,,2,2,1.000,1,1,2,0,1,0,0,2,4
55,Earl Boykins,33,WAS,67,1,1117,172,403,.427,19,60,.317,77,89,.865,17,58,75,171,24,3,69,48,440
56,Elton Brand,30,PHI,76,57,2297,412,858,.480,0,1,.000,172,233,.738,179,282,461,109,82,80,131,232,996
57,Corey Brewer,23,MIN,82,82,2482,409,949,.431,82,237,.346,166,256,.648,70,209,279,193,117,29,164,224,1066
58,Ronnie Brewer,24,TOT,58,53,1742,209,429,.487,8,31,.258,85,133,.639,45,142,187,154,91,15,53,80,511
58,Ronnie Brewer,24,UTA,53,53,1662,206,416,.495,8,31,.258,81,128,.633,44,136,180,151,85,15,51,80,501
58,Ronnie Brewer,24,MEM,5,0,80,3,13,.231,0,0,,4,5,.800,1,6,7,3,6,0,2,0,10
59,Primoz Brezec,30,TOT,21,0,95,9,26,.346,0,0,,1,6,.167,12,13,25,1,1,3,2,19,19
59,Primoz Brezec,30,PHI,7,0,36,2,13,.154,0,0,,1,2,.500,6,6,12,0,1,1,0,9,5
59,Primoz Brezec,30,MIL,14,0,59,7,13,.538,0,0,,0,4,.000,6,7,13,1,0,2,2,10,14
60,Jon Brockman,22,SAC,52,4,654,55,103,.534,0,0,,37,62,.597,105,108,213,22,15,5,23,115,147
Rk,Player,Age,Tm,G,GS,MP,FG,FGA,FG%,3P,3PA,3P%,FT,FTA,FT%,ORB,DRB,TRB,AST,STL,BLK,TOV,PF,PTS
61,Aaron Brooks,25,HOU,82,82,2919,575,1331,.432,209,525,.398,245,298,.822,54,161,215,434,69,14,232,199,1604
62,Bobby Brown,25,TOT,45,0,519,88,237,.371,26,98,.265,13,15,.867,9,29,38,88,15,1,46,42,215
62,Bobby Brown,25,NOH,22,0,328,60,152,.395,17,66,.258,8,8,1.000,1,17,18,46,9,1,24,28,145
62,Bobby Brown,25,LAC,23,0,191,28,85,.329,9,32,.281,5,7,.714,8,12,20,42,6,0,22,14,70
63,Derrick Brown,22,CHA,57,0,535,68,147,.463,2,7,.286,48,72,.667,31,47,78,19,21,10,19,53,186
64,Devin Brown,31,TOT,50,37,1060,136,361,.377,58,164,.354,69,86,.802,29,95,124,65,33,6,62,72,399
64,Devin Brown,31,NOH,39,37,967,128,325,.394,54,147,.367,69,86,.802,27,82,109,58,30,5,57,62,379
64,Devin Brown,31,CHI,11,0,93,8,36,.222,4,17,.235,0,0,,2,13,15,7,3,1,5,10,20
65,Kwame Brown,27,DET,48,1,660,62,124,.500,0,1,.000,33,98,.337,53,124,177,22,15,12,43,93,157
66,Shannon Brown,24,LAL,82,7,1700,253,592,.427,62,189,.328,99,121,.818,30,153,183,108,57,31,67,129,667
67,Kobe Bryant,31,LAL,73,73,2835,716,1569,.456,99,301,.329,439,541,.811,78,313,391,365,113,20,233,187,1970
68,Chase Budinger,21,HOU,74,4,1488,249,565,.441,92,249,.369,67,87,.770,38,182,220,88,34,11,48,85,657
69,Caron Butler,29,TOT,74,74,2783,450,1051,.428,42,145,.290,264,315,.838,104,357,461,156,116,24,160,193,1206
69,Caron Butler,29,WAS,47,47,1853,293,694,.422,25,95,.263,185,211,.877,68,248,316,107,68,15,113,126,796
69,Caron Butler,29,DAL,27,27,930,157,357,.440,17,50,.340,79,104,.760,36,109,145,49,48,9,47,67,410
70,Rasual Butler,30,LAC,82,64,2702,356,870,.409,145,432,.336,122,145,.841,39,201,240,116,36,68,79,121,979
71,Andrew Bynum,22,LAL,65,65,1977,392,688,.570,0,1,.000,193,261,.739,177,364,541,68,35,94,115,193,977
72,Will Bynum,27,DET,63,20,1667,237,534,.444,12,55,.218,142,178,.798,24,118,142,283,55,7,115,143,628
73,Jose Calderon,28,TOR,68,39,1817,274,568,.482,68,171,.398,83,104,.798,23,119,142,404,47,7,99,135,699
74,Marcus Camby,35,TOT,74,74,2314,238,501,.475,2,7,.286,78,122,.639,249,622,871,186,95,146,91,161,556
74,Marcus Camby,35,LAC,51,51,1596,166,356,.466,2,6,.333,60,91,.659,166,450,616,151,69,99,64,105,394
74,Marcus Camby,35,POR,23,23,718,72,145,.497,0,1,.000,18,31,.581,83,172,255,35,26,47,27,56,162
75,Brian Cardinal,32,MIN,29,0,267,14,36,.389,3,9,.333,17,18,.944,7,22,29,24,9,3,7,56,48
76,Rodney Carney,25,PHI,68,0,857,113,282,.401,41,135,.304,52,63,.825,26,111,137,37,25,20,21,79,319
77,DeMarre Carroll,23,MEM,71,1,795,88,222,.396,0,6,.000,33,53,.623,53,97,150,33,28,9,24,107,209
78,Matt Carroll,29,DAL,25,0,121,18,50,.360,4,19,.211,6,6,1.000,4,8,12,6,5,0,7,13,46
79,Anthony Carter,34,DEN,54,7,859,76,181,.420,17,63,.270,11,13,.846,17,72,89,160,39,13,58,72,180
80,Vince Carter,33,ORL,75,74,2310,434,1015,.428,119,324,.367,257,306,.840,33,260,293,236,53,18,106,189,1244
Rk,Player,Age,Tm,G,GS,MP,FG,FGA,FG%,3P,3PA,3P%,FT,FTA,FT%,ORB,DRB,TRB,AST,STL,BLK,TOV,PF,PTS
81,Omri Casspi,21,SAC,77,31,1931,300,672,.446,75,203,.369,117,174,.672,75,274,349,95,54,17,98,125,792
82,Mario Chalmers,23,MIA,73,22,1807,182,454,.401,75,236,.318,82,110,.745,25,110,135,246,91,12,123,175,521
83,Tyson Chandler,27,CHA,51,27,1163,109,190,.574,0,0,,115,157,.732,114,206,320,16,17,55,91,138,333
84,Wilson Chandler,22,NYK,65,64,2320,412,860,.479,40,150,.267,129,160,.806,93,255,348,138,46,49,108,184,993
85,Earl Clark,22,PHO,51,0,383,56,151,.371,2,5,.400,26,36,.722,18,44,62,21,7,13,23,25,140
86,Jarron Collins,31,PHO,34,10,261,12,31,.387,0,0,,10,25,.400,22,40,62,6,2,3,10,42,34
87,Jason Collins,31,ATL,24,0,115,8,23,.348,0,1,.000,0,2,.000,5,9,14,4,3,2,5,21,16
88,Mardy Collins,25,LAC,43,0,470,47,128,.367,4,17,.235,13,21,.619,13,37,50,44,23,1,32,45,111
89,Darren Collison,22,NOH,76,37,2109,376,789,.477,46,115,.400,148,174,.851,41,151,192,432,78,4,202,92,946
90,Nick Collison,29,OKC,75,5,1557,182,309,.589,1,4,.250,74,107,.692,152,232,384,38,37,48,63,230,439
91,Mike Conley,22,MEM,80,80,2569,369,830,.445,82,212,.387,139,187,.743,30,161,191,425,109,12,170,178,959
92,Will Conroy,27,HOU,5,0,36,3,10,.300,0,3,.000,0,2,.000,0,3,3,7,0,0,4,5,6
93,Brian Cook,29,HOU,15,0,44,7,23,.304,2,9,.222,5,7,.714,1,8,9,1,0,2,6,5,21
94,Daequan Cook,22,MIA,45,3,691,81,253,.320,40,126,.317,21,25,.840,9,73,82,43,14,10,24,50,223
95,Jamal Crawford,29,ATL,79,0,2460,496,1105,.449,163,427,.382,270,315,.857,34,167,201,238,61,12,137,132,1425
96,Dante Cunningham,22,POR,63,2,707,106,214,.495,0,2,.000,31,48,.646,54,106,160,14,24,22,15,97,243
97,Eddy Curry,27,NYK,7,0,62,8,21,.381,0,0,,10,17,.588,4,9,13,0,0,1,13,13,26
98,JamesOn Curry,24,LAC,1,0,0,0,0,,0,0,,0,0,,0,0,0,0,0,0,0,0,0
99,Stephen Curry,21,GSW,80,77,2896,528,1143,.462,166,380,.437,177,200,.885,48,308,356,472,152,19,244,252,1399
100,Samuel Dalembert,28,PHI,82,80,2124,285,523,.545,0,0,,97,133,.729,239,545,784,64,42,151,123,252,667
Rk,Player,Age,Tm,G,GS,MP,FG,FGA,FG%,3P,3PA,3P%,FT,FTA,FT%,ORB,DRB,TRB,AST,STL,BLK,TOV,PF,PTS
101,Erick Dampier,34,DAL,55,47,1280,133,213,.624,1,3,.333,61,101,.604,128,272,400,31,15,77,61,153,328
102,Marquis Daniels,29,BOS,51,4,937,124,249,.498,6,28,.214,34,56,.607,27,68,95,66,27,6,42,91,288
103,Baron Davis,30,LAC,75,73,2523,412,1015,.406,82,296,.277,239,291,.821,52,214,266,598,126,43,211,210,1145
104,Glen Davis,24,BOS,54,1,933,122,279,.437,0,4,.000,96,138,.696,101,104,205,35,21,14,53,132,340
105,Paul Davis,25,WAS,2,0,8,2,4,.500,0,0,,1,2,.500,0,0,0,3,0,1,0,0,5
106,Ricky Davis,30,LAC,36,2,499,62,143,.434,16,42,.381,18,31,.581,10,47,57,39,11,3,29,39,158
107,Austin Daye,21,DET,69,4,915,137,295,.464,29,95,.305,46,56,.821,34,140,174,34,25,26,48,114,349
108,Carlos Delfino,27,MIL,75,66,2279,299,732,.408,134,365,.367,93,119,.782,51,343,394,202,80,21,119,138,825
109,Luol Deng,24,CHI,70,69,2651,473,1014,.466,32,83,.386,252,330,.764,131,381,512,143,66,61,134,129,1230
110,DeMar DeRozan,20,TOR,77,65,1664,255,512,.498,4,16,.250,148,194,.763,66,157,223,53,43,18,62,176,662
111,Boris Diaw,27,CHA,82,82,2906,373,773,.483,66,206,.320,113,147,.769,131,293,424,325,60,57,178,219,925
112,Yakhouba Diawara,27,MIA,6,2,44,2,10,.200,1,6,.167,0,0,,1,3,4,3,1,0,3,8,5
113,Travis Diener,27,TOT,9,0,51,2,10,.200,1,7,.143,1,4,.250,0,3,3,8,4,0,0,2,6
113,Travis Diener,27,IND,4,0,25,1,6,.167,1,5,.200,0,2,.000,0,2,2,4,3,0,0,1,3
113,Travis Diener,27,POR,5,0,26,1,4,.250,0,2,.000,1,2,.500,0,1,1,4,1,0,0,1,3
114,DeSagana Diop,28,CHA,27,0,262,15,29,.517,0,0,,2,9,.222,24,41,65,5,5,14,12,31,32
115,Keyon Dooling,29,NJN,53,8,971,129,324,.398,59,157,.376,47,61,.770,8,46,54,135,34,0,59,82,364
116,Joey Dorsey,26,TOT,15,0,106,9,20,.450,0,0,,5,12,.417,16,27,43,2,3,2,6,21,23
116,Joey Dorsey,26,HOU,7,0,54,5,11,.455,0,0,,1,2,.500,11,14,25,2,2,1,4,12,11
116,Joey Dorsey,26,SAC,8,0,52,4,9,.444,0,0,,4,10,.400,5,13,18,0,1,1,2,9,12
117,Toney Douglas,23,NYK,56,12,1087,179,391,.458,68,175,.389,55,68,.809,40,68,108,112,42,3,55,116,481
118,Chris Douglas-Roberts,23,NJN,67,38,1730,255,573,.445,14,54,.259,133,157,.847,45,153,198,93,55,19,97,101,657
119,Goran Dragic,23,PHO,80,2,1442,222,491,.452,74,188,.394,117,159,.736,38,133,171,241,48,8,126,131,635
120,Jared Dudley,24,PHO,82,1,1991,225,490,.459,120,262,.458,104,138,.754,99,182,281,115,81,16,68,162,674
Rk,Player,Age,Tm,G,GS,MP,FG,FGA,FG%,3P,3PA,3P%,FT,FTA,FT%,ORB,DRB,TRB,AST,STL,BLK,TOV,PF,PTS
121,Chris Duhon,27,NYK,67,59,2072,168,451,.373,90,258,.349,68,95,.716,28,150,178,378,59,3,110,83,494
122,Tim Duncan,33,SAS,78,77,2438,561,1082,.518,2,11,.182,271,374,.725,221,567,788,246,45,117,140,152,1395
123,Mike Dunleavy,29,IND,67,15,1486,229,558,.410,75,236,.318,133,158,.842,25,211,236,103,38,15,72,105,666
124,Kevin Durant,21,OKC,82,82,3239,794,1668,.476,128,351,.365,756,840,.900,105,518,623,231,112,84,271,171,2472
125,Wayne Ellington,22,MIN,76,1,1384,190,448,.424,64,162,.395,61,70,.871,33,126,159,74,20,5,74,72,505
126,Monta Ellis,24,GSW,64,64,2647,631,1406,.449,77,228,.338,292,388,.753,47,210,257,340,143,25,243,189,1631
127,Francisco Elson,33,TOT,12,0,66,5,15,.333,0,0,,2,5,.400,6,8,14,2,1,0,1,7,12
127,Francisco Elson,33,MIL,11,0,62,4,13,.308,0,0,,2,2,1.000,5,8,13,2,1,0,1,7,10
127,Francisco Elson,33,PHI,1,0,4,1,2,.500,0,0,,0,3,.000,1,0,1,0,0,0,0,0,2
128,Maurice Evans,31,ATL,79,5,1317,175,393,.445,57,169,.337,46,61,.754,59,95,154,48,34,17,20,125,453
129,Reggie Evans,29,TOR,28,1,311,34,69,.493,0,0,,27,60,.450,30,75,105,8,14,4,22,44,95
130,Tyreke Evans,20,SAC,72,72,2677,533,1165,.458,36,141,.255,348,465,.748,66,314,380,414,109,26,216,204,1450
131,Jordan Farmar,23,LAL,82,0,1474,224,515,.435,86,229,.376,57,85,.671,14,117,131,127,52,11,72,109,591
132,Raymond Felton,25,CHA,80,80,2643,388,846,.459,60,156,.385,132,173,.763,53,235,288,446,123,22,168,172,968
133,Rudy Fernandez,24,POR,62,2,1441,160,423,.378,98,266,.368,85,98,.867,35,129,164,127,62,11,72,87,503
134,Kyrylo Fesenko,23,UTA,49,5,408,52,95,.547,0,1,.000,24,57,.421,33,57,90,15,6,19,24,78,128
135,Michael Finley,36,TOT,46,7,709,81,184,.440,32,82,.390,8,15,.533,6,65,71,43,10,6,21,33,202
135,Michael Finley,36,SAS,25,6,395,37,97,.381,13,41,.317,6,9,.667,5,33,38,19,6,4,13,12,93
135,Michael Finley,36,BOS,21,1,314,44,87,.506,19,41,.463,2,6,.333,1,32,33,24,4,2,8,21,109
136,Derek Fisher,35,LAL,82,82,2227,212,558,.380,78,224,.348,113,132,.856,25,145,170,201,90,9,78,202,615
137,Jonny Flynn,20,MIN,81,81,2339,397,952,.417,77,215,.358,223,270,.826,24,167,191,356,82,2,233,98,1094
138,T.J. Ford,26,IND,47,32,1189,186,418,.445,8,50,.160,104,135,.770,41,108,149,180,44,11,90,102,484
139,Jeff Foster,33,IND,16,3,255,22,46,.478,0,1,.000,5,9,.556,34,47,81,21,3,4,14,45,49
140,Randy Foye,26,WAS,70,38,1667,256,619,.414,63,182,.346,129,145,.890,16,114,130,228,33,10,94,123,704
Rk,Player,Age,Tm,G,GS,MP,FG,FGA,FG%,3P,3PA,3P%,FT,FTA,FT%,ORB,DRB,TRB,AST,STL,BLK,TOV,PF,PTS
141,Channing Frye,26,PHO,81,41,2190,317,703,.451,172,392,.439,98,121,.810,66,361,427,113,64,74,73,263,904
142,Dan Gadzuric,31,MIL,32,6,314,39,89,.438,0,0,,10,25,.400,38,54,92,12,9,13,15,63,88
143,Sundiata Gaines,23,UTA,32,0,217,38,82,.463,7,26,.269,23,46,.500,6,23,29,39,12,0,14,17,106
144,Danilo Gallinari,21,NYK,81,74,2747,392,927,.423,186,488,.381,251,307,.818,65,333,398,135,75,58,110,191,1221
145,Francisco Garcia,28,SAC,25,4,575,82,176,.466,23,59,.390,15,17,.882,11,55,66,45,10,19,21,49,202
146,Kevin Garnett,33,BOS,69,69,2060,402,772,.521,1,5,.200,185,221,.837,78,428,506,185,68,57,101,170,990
147,Marc Gasol,25,MEM,69,69,2469,378,651,.581,0,1,.000,252,376,.670,208,432,640,165,69,109,135,254,1008
148,Pau Gasol,29,LAL,65,65,2403,452,844,.536,0,5,.000,286,362,.790,243,491,734,218,37,113,143,152,1190
149,Rudy Gay,23,MEM,80,80,3175,600,1288,.466,66,202,.327,301,400,.753,115,357,472,153,118,64,169,201,1567
150,Alonzo Gee,22,WAS,11,2,182,28,59,.475,7,9,.778,18,29,.621,15,18,33,7,7,1,10,13,81
151,Devean George,32,GSW,45,4,761,89,206,.432,48,123,.390,16,23,.696,21,93,114,32,41,10,15,89,242
152,Daniel Gibson,23,CLE,56,10,1068,125,268,.466,71,149,.477,34,49,.694,13,60,73,70,25,7,36,79,355
153,Taj Gibson,24,CHI,82,70,2204,311,629,.494,0,0,,113,175,.646,226,385,611,70,50,104,114,282,735
154,J.R. Giddens,24,TOT,32,1,239,28,60,.467,0,10,.000,13,23,.565,16,35,51,13,9,2,17,29,69
154,J.R. Giddens,24,BOS,21,1,99,9,21,.429,0,2,.000,6,12,.500,4,16,20,6,4,1,7,10,24
154,J.R. Giddens,24,NYK,11,0,140,19,39,.487,0,8,.000,7,11,.636,12,19,31,7,5,1,10,19,45
155,Trey Gilder,25,MEM,2,0,5,1,1,1.000,0,0,,0,0,,0,1,1,0,1,0,0,0,2
156,Manu Ginobili,32,SAS,75,21,2150,398,903,.441,132,350,.377,309,355,.870,68,216,284,370,103,24,154,154,1237
157,Ryan Gomes,27,MIN,76,64,2210,327,732,.447,74,199,.372,104,126,.825,76,272,348,124,62,16,95,155,832
158,Drew Gooden,28,TOT,70,33,1755,288,602,.478,1,8,.125,186,216,.861,207,335,542,47,41,58,108,194,763
158,Drew Gooden,28,DAL,46,11,1030,157,336,.467,1,6,.167,93,115,.809,123,193,316,26,26,50,56,129,408
158,Drew Gooden,28,LAC,24,22,725,131,266,.492,0,2,.000,93,101,.921,84,142,226,21,15,8,52,65,355
159,Ben Gordon,26,DET,62,17,1730,291,699,.416,75,234,.321,198,230,.861,26,93,119,166,49,6,118,147,855
160,Eric Gordon,21,LAC,62,60,2229,352,784,.449,119,321,.371,222,299,.742,25,135,160,186,69,14,144,96,1045
Rk,Player,Age,Tm,G,GS,MP,FG,FGA,FG%,3P,3PA,3P%,FT,FTA,FT%,ORB,DRB,TRB,AST,STL,BLK,TOV,PF,PTS
161,Marcin Gortat,25,ORL,81,0,1088,121,227,.533,0,3,.000,51,75,.680,104,237,341,17,17,70,46,138,293
162,Joey Graham,27,DEN,63,18,759,105,202,.520,2,13,.154,54,73,.740,39,84,123,22,23,7,43,104,266
163,Stephen Graham,27,CHA,70,8,804,119,240,.496,16,50,.320,42,65,.646,24,111,135,23,20,10,36,94,296
164,Danny Granger,26,IND,62,62,2278,488,1139,.428,158,438,.361,363,428,.848,67,275,342,171,94,51,157,183,1497
165,Aaron Gray,25,TOT,32,0,311,42,82,.512,0,0,,20,28,.714,45,61,106,22,9,11,18,54,104
165,Aaron Gray,25,CHI,8,0,50,8,21,.381,0,0,,2,7,.286,5,11,16,2,0,0,1,10,18
165,Aaron Gray,25,NOH,24,0,261,34,61,.557,0,0,,18,21,.857,40,50,90,20,9,11,17,44,86
166,Danny Green,22,CLE,20,0,115,15,39,.385,6,22,.273,4,6,.667,8,9,17,5,6,3,5,9,40
167,Jeff Green,23,OKC,82,82,3043,485,1070,.453,104,312,.333,165,223,.740,112,378,490,134,104,72,135,221,1239
168,Willie Green,28,PHI,73,18,1553,248,543,.457,47,136,.346,95,114,.833,20,109,129,152,32,11,67,135,638
169,Donte Greene,21,SAC,76,50,1630,244,553,.441,69,183,.377,90,140,.643,53,181,234,71,41,53,93,150,647
170,Taylor Griffin,23,PHO,8,0,32,4,10,.400,0,2,.000,2,4,.500,0,2,2,1,0,2,1,4,10
171,Hamed Haddadi,24,MEM,36,0,240,24,62,.387,0,3,.000,14,19,.737,26,49,75,10,1,14,20,57,62
172,Malik Hairston,22,SAS,47,0,317,40,76,.526,2,11,.182,17,30,.567,13,36,49,16,4,9,11,29,99
173,Marcus Haislip,29,SAS,10,0,44,10,21,.476,3,5,.600,2,5,.400,4,6,10,0,0,2,3,5,25
174,Richard Hamilton,31,DET,46,46,1552,293,717,.409,41,138,.297,204,241,.846,30,92,122,202,30,3,115,115,831
175,Tyler Hansbrough,24,IND,29,1,511,81,225,.360,0,4,.000,84,113,.743,60,78,138,28,17,8,21,70,246
176,James Harden,20,OKC,76,0,1738,233,578,.403,93,248,.375,194,240,.808,47,197,244,137,80,20,106,200,753
177,Al Harrington,29,NYK,72,15,2195,448,1030,.435,140,409,.342,240,317,.757,88,317,405,110,62,26,132,209,1276
178,Devin Harris,26,NJN,64,61,2221,356,884,.403,60,217,.276,308,386,.798,24,179,203,423,79,18,181,178,1080
179,Mike Harris,26,TOT,13,0,96,11,30,.367,0,1,.000,7,11,.636,10,14,24,3,5,1,9,14,29
179,Mike Harris,26,HOU,8,0,82,10,27,.370,0,1,.000,5,9,.556,9,11,20,3,4,1,9,10,25
179,Mike Harris,26,WAS,5,0,14,1,3,.333,0,0,,2,2,1.000,1,3,4,0,1,0,0,4,4
180,Jason Hart,31,TOT,5,0,22,1,2,.500,0,0,,0,0,,0,2,2,6,2,1,3,4,2
180,Jason Hart,31,MIN,1,0,5,0,1,.000,0,0,,0,0,,0,0,0,1,1,0,0,0,0
180,Jason Hart,31,NOH,4,0,17,1,1,1.000,0,0,,0,0,,0,2,2,5,1,1,3,4,2
Rk,Player,Age,Tm,G,GS,MP,FG,FGA,FG%,3P,3PA,3P%,FT,FTA,FT%,ORB,DRB,TRB,AST,STL,BLK,TOV,PF,PTS
181,Udonis Haslem,29,MIA,78,0,2177,312,632,.494,0,0,,147,193,.762,167,462,629,52,30,23,75,174,771
182,Trenton Hassell,30,NJN,52,31,1106,90,219,.411,0,5,.000,52,69,.754,56,96,152,50,17,9,47,91,232
183,Spencer Hawes,21,SAC,72,59,1904,312,666,.468,26,87,.299,73,106,.689,145,291,436,158,32,83,131,200,723
184,Chuck Hayes,26,HOU,82,82,1773,161,329,.489,0,0,,36,66,.545,151,314,465,139,73,43,74,219,358
185,Jarvis Hayes,28,NJN,45,19,1033,138,328,.421,60,179,.335,14,18,.778,9,99,108,40,29,9,28,91,350
186,Brendan Haywood,30,TOT,77,67,2355,276,491,.562,0,1,.000,152,245,.620,278,437,715,43,26,158,99,209,704
186,Brendan Haywood,30,WAS,49,48,1614,188,335,.561,0,0,,102,158,.646,200,307,507,18,18,101,67,145,478
186,Brendan Haywood,30,DAL,28,19,741,88,156,.564,0,1,.000,50,87,.575,78,130,208,25,8,57,32,64,226
187,Luther Head,27,IND,47,10,813,136,311,.437,37,105,.352,48,58,.828,6,74,80,72,18,9,54,53,357
188,Gerald Henderson,22,CHA,43,0,355,37,104,.356,4,19,.211,35,47,.745,15,40,55,13,10,9,14,25,113
189,Roy Hibbert,23,IND,81,69,2035,387,782,.495,3,6,.500,169,224,.754,177,287,464,158,30,131,145,285,946
190,J.J. Hickson,21,CLE,81,73,1691,289,522,.554,0,1,.000,111,163,.681,110,290,400,40,36,39,92,132,689
191,Nene Hilario,27,DEN,82,82,2755,421,717,.587,0,2,.000,293,416,.704,166,461,627,203,115,82,125,281,1135
192,George Hill,23,SAS,78,43,2276,353,738,.478,75,188,.399,183,237,.772,42,163,205,226,69,26,101,222,964
193,Grant Hill,37,PHO,81,81,2430,336,703,.478,35,80,.438,205,251,.817,74,371,445,193,60,36,108,165,912
194,Jordan Hill,22,TOT,47,0,624,99,201,.493,0,2,.000,46,68,.676,76,99,175,20,14,21,30,92,244
194,Jordan Hill,22,NYK,24,0,252,41,92,.446,0,2,.000,15,21,.714,32,29,61,7,10,9,12,37,97
194,Jordan Hill,22,HOU,23,0,372,58,109,.532,0,0,,31,47,.660,44,70,114,13,4,12,18,55,147
195,Kirk Hinrich,29,CHI,74,53,2481,308,753,.409,104,280,.371,85,113,.752,24,236,260,330,85,24,113,204,805
196,Jrue Holiday,19,PHI,73,51,1767,230,520,.442,62,159,.390,65,86,.756,56,135,191,280,79,18,156,153,587
197,Ryan Hollins,25,MIN,73,27,1223,169,303,.558,0,1,.000,109,158,.690,79,128,207,51,19,38,95,199,447
198,Al Horford,23,ATL,81,81,2845,467,847,.551,1,1,1.000,213,270,.789,236,563,799,189,59,91,122,225,1148
199,Eddie House,31,TOT,68,0,1217,173,455,.380,79,227,.348,48,52,.923,13,96,109,85,40,7,47,81,473
199,Eddie House,31,BOS,50,0,846,129,322,.401,64,167,.383,36,40,.900,7,62,69,48,28,7,27,61,358
199,Eddie House,31,NYK,18,0,371,44,133,.331,15,60,.250,12,12,1.000,6,34,40,37,12,0,20,20,115
200,Dwight Howard,24,ORL,82,82,2843,510,834,.612,0,7,.000,483,816,.592,284,798,1082,144,75,228,274,287,1503
Rk,Player,Age,Tm,G,GS,MP,FG,FGA,FG%,3P,3PA,3P%,FT,FTA,FT%,ORB,DRB,TRB,AST,STL,BLK,TOV,PF,PTS
201,Josh Howard,29,TOT,35,12,918,157,388,.405,23,86,.267,109,139,.784,30,95,125,48,26,11,46,91,446
201,Josh Howard,29,DAL,31,9,827,137,342,.401,20,75,.267,94,119,.790,26,86,112,44,23,9,43,78,388
201,Josh Howard,29,WAS,4,3,91,20,46,.435,3,11,.273,15,20,.750,4,9,13,4,3,2,3,13,58
202,Juwan Howard,36,POR,73,27,1632,191,375,.509,0,1,.000,55,70,.786,108,227,335,61,27,10,72,191,437
203,Lester Hudson,25,TOT,25,0,131,21,53,.396,5,16,.313,11,13,.846,7,11,18,13,8,3,14,12,58
203,Lester Hudson,25,BOS,16,0,70,7,18,.389,3,5,.600,5,6,.833,3,5,8,8,3,2,9,7,22
203,Lester Hudson,25,MEM,9,0,61,14,35,.400,2,11,.182,6,7,.857,4,6,10,5,5,1,5,5,36
204,Larry Hughes,31,TOT,45,16,1115,137,386,.355,43,139,.309,94,113,.832,23,119,142,137,52,15,75,70,411
204,Larry Hughes,31,NYK,31,14,820,102,279,.366,28,97,.289,65,79,.823,16,94,110,109,40,11,56,53,297
204,Larry Hughes,31,CHA,14,2,295,35,107,.327,15,42,.357,29,34,.853,7,25,32,28,12,4,19,17,114
205,Kris Humphries,24,TOT,69,0,1221,180,408,.441,0,1,.000,127,190,.668,120,258,378,32,36,48,66,145,487
205,Kris Humphries,24,DAL,25,0,315,53,115,.461,0,0,,25,44,.568,38,57,95,7,7,11,13,43,131
205,Kris Humphries,24,NJN,44,0,906,127,293,.433,0,1,.000,102,146,.699,82,201,283,25,29,37,53,102,356
206,Chris Hunter,25,GSW,60,9,783,109,217,.502,0,4,.000,52,69,.754,56,111,167,37,13,35,30,132,270
207,Lindsey Hunter,39,CHI,13,0,122,5,30,.167,1,13,.077,2,2,1.000,1,13,14,9,1,0,4,12,13
208,Othello Hunter,23,ATL,7,0,33,4,12,.333,0,0,,3,4,.750,6,6,12,0,0,1,3,5,11
209,Steven Hunter,28,MEM,21,0,158,17,43,.395,0,0,,19,36,.528,18,24,42,0,1,10,9,10,53
210,Serge Ibaka,20,OKC,73,0,1323,201,370,.543,1,2,.500,58,92,.630,138,259,397,10,25,97,68,194,461
211,Andre Iguodala,26,PHI,82,82,3193,496,1120,.443,94,303,.310,315,430,.733,82,447,529,472,141,55,218,145,1401
212,Zydrunas Ilgauskas,34,CLE,64,6,1339,194,438,.443,11,23,.478,75,101,.743,114,231,345,48,14,50,63,183,474
213,Didier Ilunga-Mbenga,29,LAL,49,2,355,48,103,.466,0,0,,9,19,.474,32,55,87,8,5,29,15,54,105
214,Ersan Ilyasova,22,MIL,81,31,1898,323,729,.443,81,241,.336,113,158,.715,157,360,517,84,53,23,71,251,840
215,Allen Iverson,34,TOT,28,24,865,136,316,.430,9,25,.360,104,131,.794,16,63,79,113,19,2,64,48,385
215,Allen Iverson,34,MEM,3,0,67,15,26,.577,1,1,1.000,6,12,.500,1,3,4,11,1,0,7,5,37
215,Allen Iverson,34,PHI,25,24,798,121,290,.417,8,24,.333,98,119,.824,15,60,75,102,18,2,57,43,348
216,Royal Ivey,28,TOT,44,0,326,35,83,.422,14,35,.400,9,12,.750,6,28,34,27,19,2,11,39,93
216,Royal Ivey,28,PHI,26,0,236,26,55,.473,12,24,.500,6,7,.857,5,21,26,17,10,2,5,25,70
216,Royal Ivey,28,MIL,18,0,90,9,28,.321,2,11,.182,3,5,.600,1,7,8,10,9,0,6,14,23
217,Jarrett Jack,26,TOR,82,43,2243,323,671,.481,82,199,.412,203,241,.842,30,192,222,413,60,6,163,151,931
218,Cedric Jackson,23,TOT,12,0,74,6,20,.300,1,6,.167,7,12,.583,2,6,8,14,3,2,11,7,20
218,Cedric Jackson,23,CLE,5,0,10,0,2,.000,0,1,.000,1,4,.250,0,1,1,2,0,0,1,0,1
218,Cedric Jackson,23,SAS,3,0,25,2,7,.286,0,2,.000,3,4,.750,1,3,4,6,3,2,2,2,7
218,Cedric Jackson,23,WAS,4,0,39,4,11,.364,1,3,.333,3,4,.750,1,2,3,6,0,0,8,5,12
219,Darnell Jackson,24,TOT,28,0,123,9,30,.300,1,4,.250,4,6,.667,9,13,22,4,2,4,13,21,23
219,Darnell Jackson,24,CLE,27,0,114,8,25,.320,1,3,.333,4,6,.667,8,12,20,4,2,4,13,19,21
219,Darnell Jackson,24,MIL,1,0,9,1,5,.200,0,1,.000,0,0,,1,1,2,0,0,0,0,2,2
220,Stephen Jackson,31,TOT,81,81,3129,600,1418,.423,129,393,.328,338,434,.779,78,323,401,300,132,43,259,197,1667
220,Stephen Jackson,31,GSW,9,9,300,56,133,.421,11,40,.275,26,37,.703,6,29,35,42,14,6,26,16,149
220,Stephen Jackson,31,CHA,72,72,2829,544,1285,.423,118,353,.334,312,397,.786,72,294,366,258,118,37,233,181,1518
Rk,Player,Age,Tm,G,GS,MP,FG,FGA,FG%,3P,3PA,3P%,FT,FTA,FT%,ORB,DRB,TRB,AST,STL,BLK,TOV,PF,PTS
221,LeBron James,25,CLE,76,76,2966,768,1528,.503,129,387,.333,593,773,.767,71,483,554,651,125,77,261,119,2258
222,Mike James,34,WAS,4,0,46,6,20,.300,2,6,.333,4,8,.500,1,2,3,5,3,0,5,3,18
223,Antawn Jamison,33,TOT,66,64,2406,478,1036,.461,85,247,.344,194,300,.647,136,419,555,84,71,21,91,179,1235
223,Antawn Jamison,33,WAS,41,41,1595,315,700,.450,58,168,.345,152,217,.700,99,263,362,52,43,9,61,112,840
223,Antawn Jamison,33,CLE,25,23,811,163,336,.485,27,79,.342,42,83,.506,37,156,193,32,28,12,30,67,395
224,Nathan Jawai,23,MIN,39,2,412,49,111,.441,0,1,.000,26,38,.684,49,55,104,24,10,9,27,58,124
225,Othyus Jeffers,24,UTA,14,0,73,12,29,.414,0,0,,13,19,.684,8,11,19,1,4,0,6,10,37
226,Al Jefferson,25,MIN,76,76,2463,560,1125,.498,0,4,.000,181,266,.680,180,523,703,137,63,98,136,205,1301
227,Richard Jefferson,29,SAS,81,70,2520,362,775,.467,59,187,.316,211,287,.735,58,298,356,158,45,40,105,178,994
228,Jared Jeffries,28,TOT,70,37,1794,138,314,.439,21,71,.296,75,120,.625,130,158,288,101,62,71,76,203,372
228,Jared Jeffries,28,NYK,52,37,1462,102,230,.443,20,62,.323,60,93,.645,99,124,223,83,53,58,62,157,284
228,Jared Jeffries,28,HOU,18,0,332,36,84,.429,1,9,.111,15,27,.556,31,34,65,18,9,13,14,46,88
229,Brandon Jennings,20,MIL,82,82,2671,451,1216,.371,145,388,.374,223,273,.817,49,233,282,470,105,18,200,191,1270
230,Jonas Jerebko,22,DET,80,73,2232,290,603,.481,36,115,.313,125,176,.710,194,284,478,58,79,29,82,230,741
231,Yi Jianlian,22,NJN,52,51,1655,227,563,.403,15,41,.366,154,193,.798,115,257,372,47,37,52,77,170,623
232,Amir Johnson,22,TOR,82,5,1453,208,334,.623,0,4,.000,95,149,.638,154,241,395,48,44,66,63,255,511
233,Anthony Johnson,35,ORL,31,0,406,49,111,.441,13,39,.333,19,20,.950,8,40,48,63,11,1,26,32,130
234,James Johnson,22,CHI,65,11,757,95,210,.452,15,46,.326,51,70,.729,34,94,128,48,21,43,62,126,256
235,Joe Johnson,28,ATL,76,76,2886,635,1386,.458,129,350,.369,220,269,.818,74,279,353,369,82,5,145,145,1619
236,Dahntay Jones,29,IND,76,26,1892,287,623,.461,4,32,.125,198,257,.770,48,181,229,150,40,39,129,237,776
237,Dwayne Jones,26,PHO,2,0,7,0,0,,0,0,,0,0,,0,2,2,0,0,0,0,1,0
238,James Jones,29,MIA,36,6,503,43,119,.361,37,90,.411,23,28,.821,4,41,45,17,11,4,11,45,146
239,Solomon Jones,25,IND,52,2,675,78,176,.443,0,3,.000,51,71,.718,51,93,144,32,14,37,40,125,207
240,DeAndre Jordan,21,LAC,70,12,1137,144,238,.605,0,2,.000,48,128,.375,122,230,352,21,16,62,75,152,336
Rk,Player,Age,Tm,G,GS,MP,FG,FGA,FG%,3P,3PA,3P%,FT,FTA,FT%,ORB,DRB,TRB,AST,STL,BLK,TOV,PF,PTS
241,Chris Kaman,27,LAC,76,76,2608,589,1202,.490,0,6,.000,230,307,.749,184,520,704,120,37,94,223,213,1408
242,Jason Kapono,28,PHI,57,12,976,126,301,.419,63,171,.368,9,15,.600,14,52,66,39,21,6,34,80,324
243,Coby Karl,26,TOT,7,1,113,11,32,.344,2,11,.182,4,6,.667,4,14,18,15,3,1,10,14,28
243,Coby Karl,26,CLE,3,0,5,0,0,,0,0,,0,0,,0,2,2,0,0,0,4,0,0
243,Coby Karl,26,GSW,4,1,108,11,32,.344,2,11,.182,4,6,.667,4,12,16,15,3,1,6,14,28
244,Jason Kidd,36,DAL,80,80,2881,284,671,.423,176,414,.425,80,99,.808,48,397,445,724,145,35,195,142,824
245,Andrei Kirilenko,28,UTA,58,35,1681,244,482,.506,26,89,.292,174,234,.744,76,188,264,158,83,71,79,102,688
246,Kyle Korver,28,UTA,52,0,952,138,280,.493,59,110,.536,39,49,.796,10,101,111,89,26,12,42,76,374
247,Kosta Koufos,20,UTA,36,0,172,22,47,.468,0,0,,9,15,.600,16,29,45,6,2,4,15,26,53
248,Nenad Krstic,26,OKC,76,76,1741,281,560,.502,1,5,.200,76,106,.717,134,249,383,52,32,45,58,177,639
249,Oliver Lafayette,25,BOS,1,0,22,3,6,.500,1,2,.500,0,0,,1,3,4,2,0,0,1,0,7
250,Carl Landry,26,TOT,80,29,2469,499,931,.536,1,3,.333,344,427,.806,188,280,468,66,55,63,136,234,1343
250,Carl Landry,26,HOU,52,1,1415,302,552,.547,0,0,,235,280,.839,122,164,286,40,28,46,86,146,839
250,Carl Landry,26,SAC,28,28,1054,197,379,.520,1,3,.333,109,147,.741,66,116,182,26,27,17,50,88,504
251,Marcus Landry,24,TOT,18,0,111,16,43,.372,9,28,.321,3,5,.600,5,14,19,0,1,2,6,14,44
251,Marcus Landry,24,NYK,17,0,108,16,41,.390,9,26,.346,3,5,.600,5,14,19,0,1,2,6,14,44
251,Marcus Landry,24,BOS,1,0,3,0,2,.000,0,2,.000,0,0,,0,0,0,0,0,0,0,0,0
252,Acie Law,25,TOT,26,1,234,35,75,.467,5,16,.313,38,49,.776,3,14,17,26,11,1,17,16,113
252,Acie Law,25,GSW,5,0,66,9,14,.643,1,3,.333,12,15,.800,0,2,2,7,6,0,2,5,31
252,Acie Law,25,CHA,9,0,33,5,16,.313,0,1,.000,6,7,.857,0,1,1,3,1,1,3,3,16
252,Acie Law,25,CHI,12,1,135,21,45,.467,4,12,.333,20,27,.741,3,11,14,16,4,0,12,8,66
253,Ty Lawson,22,DEN,65,8,1318,201,390,.515,34,83,.410,106,140,.757,42,82,124,203,48,2,82,89,542
254,Courtney Lee,24,NJN,71,66,2375,338,775,.436,76,225,.338,133,153,.869,60,192,252,121,93,20,76,130,885
255,David Lee,26,NYK,81,81,3019,686,1258,.545,0,8,.000,268,330,.812,228,721,949,295,85,40,189,257,1640
256,Rashard Lewis,30,ORL,72,72,2369,350,805,.435,168,423,.397,145,180,.806,62,256,318,107,78,28,108,180,1013
257,Shaun Livingston,24,TOT,36,18,796,104,201,.517,0,6,.000,42,48,.875,16,62,78,129,17,11,58,61,250
257,Shaun Livingston,24,OKC,10,0,130,5,16,.313,0,2,.000,0,0,,4,16,20,14,5,2,8,9,10
257,Shaun Livingston,24,WAS,26,18,666,99,185,.535,0,4,.000,42,48,.875,12,46,58,115,12,9,50,52,240
258,Brook Lopez,21,NJN,82,82,3027,563,1129,.499,0,2,.000,416,509,.817,270,439,709,187,55,139,204,251,1542
259,Robin Lopez,21,PHO,51,31,986,171,291,.588,0,0,,88,125,.704,104,144,248,7,10,53,41,117,430
260,Kevin Love,21,MIN,60,22,1714,291,646,.450,35,106,.330,225,276,.815,227,431,658,136,43,23,117,136,842
Rk,Player,Age,Tm,G,GS,MP,FG,FGA,FG%,3P,3PA,3P%,FT,FTA,FT%,ORB,DRB,TRB,AST,STL,BLK,TOV,PF,PTS
261,Kyle Lowry,23,HOU,68,0,1651,184,464,.397,37,136,.272,215,260,.827,91,156,247,305,60,9,116,173,620
262,Corey Maggette,30,GSW,70,49,2081,457,886,.516,13,50,.260,460,551,.835,92,281,373,172,52,4,168,231,1387
263,Jamaal Magloire,31,MIA,36,0,359,28,56,.500,0,0,,21,59,.356,41,80,121,1,9,11,17,59,77
264,Ian Mahinmi,23,SAS,26,0,165,35,55,.636,0,0,,31,47,.660,13,39,52,2,3,8,15,32,101
265,Shawn Marion,31,DAL,75,75,2385,395,778,.508,3,19,.158,105,139,.755,158,319,477,107,69,61,99,141,898
266,Sean Marks,34,NOH,14,0,75,4,8,.500,0,0,,2,5,.400,14,9,23,2,0,3,2,17,10
267,Cartier Martin,25,TOT,18,2,390,50,136,.368,17,49,.347,24,30,.800,25,43,68,16,11,1,19,48,141
267,Cartier Martin,25,GSW,10,2,276,32,88,.364,10,31,.323,16,21,.762,17,30,47,9,8,0,13,36,90
267,Cartier Martin,25,WAS,8,0,114,18,48,.375,7,18,.389,8,9,.889,8,13,21,7,3,1,6,12,51
268,Kenyon Martin,32,DEN,58,58,1986,283,620,.456,8,29,.276,93,167,.557,142,404,546,109,72,61,91,186,667
269,Kevin Martin,26,TOT,46,43,1633,289,693,.417,70,210,.333,298,340,.876,29,135,164,111,46,6,92,96,946
269,Kevin Martin,26,SAC,22,21,774,135,339,.398,39,110,.355,127,155,.819,20,74,94,57,23,4,35,51,436
269,Kevin Martin,26,HOU,24,22,859,154,354,.435,31,100,.310,171,185,.924,9,61,70,54,23,2,57,45,510
270,Desmond Mason,32,SAC,5,4,66,5,12,.417,0,0,,3,4,.750,4,9,13,2,1,1,4,5,13
271,Roger Mason,29,SAS,79,5,1515,193,496,.389,88,264,.333,27,34,.794,11,151,162,137,30,14,59,99,501
272,Wesley Matthews,23,UTA,82,48,2025,273,565,.483,63,165,.382,160,193,.829,50,141,191,124,64,15,93,152,769
273,Jason Maxiell,26,DET,76,29,1550,212,415,.511,0,1,.000,89,155,.574,161,240,401,39,36,38,68,175,513
274,Sean May,25,SAC,37,4,331,51,111,.459,0,4,.000,21,32,.656,20,50,70,17,12,7,19,46,123
275,Eric Maynor,22,TOT,81,2,1269,154,368,.418,22,71,.310,52,72,.722,21,108,129,266,40,10,85,115,382
275,Eric Maynor,22,UTA,26,2,363,52,133,.391,5,24,.208,25,33,.758,10,28,38,81,13,2,28,33,134
275,Eric Maynor,22,OKC,55,0,906,102,235,.434,17,47,.362,27,39,.692,11,80,91,185,27,8,57,82,248
276,O.J. Mayo,22,MEM,82,82,3113,542,1183,.458,136,355,.383,212,262,.809,61,250,311,242,98,17,176,174,1432
277,Luc Mbah a Moute,23,MIL,73,62,1866,177,369,.480,6,17,.353,93,133,.699,171,229,400,81,60,39,70,181,453
278,Antonio McDyess,35,SAS,77,50,1617,205,428,.479,0,2,.000,36,57,.632,149,306,455,83,43,32,79,147,446
279,JaVale McGee,22,WAS,60,19,968,156,307,.508,0,1,.000,74,116,.638,88,155,243,14,16,101,51,122,386
280,Tracy McGrady,30,TOT,30,24,673,91,235,.387,16,64,.250,47,63,.746,22,72,94,99,15,14,44,40,245
280,Tracy McGrady,30,HOU,6,0,46,7,19,.368,1,2,.500,4,6,.667,0,5,5,6,0,2,1,2,19
280,Tracy McGrady,30,NYK,24,24,627,84,216,.389,15,62,.242,43,57,.754,22,67,89,93,15,12,43,38,226
Rk,Player,Age,Tm,G,GS,MP,FG,FGA,FG%,3P,3PA,3P%,FT,FTA,FT%,ORB,DRB,TRB,AST,STL,BLK,TOV,PF,PTS
281,Dominic McGuire,24,TOT,51,2,307,19,52,.365,0,0,,0,7,.000,23,56,79,11,5,4,17,35,38
281,Dominic McGuire,24,WAS,41,0,240,15,40,.375,0,0,,0,5,.000,17,44,61,8,4,3,10,32,30
281,Dominic McGuire,24,SAC,10,2,67,4,12,.333,0,0,,0,2,.000,6,12,18,3,1,1,7,3,8
282,Josh McRoberts,22,IND,42,3,524,76,146,.521,8,23,.348,19,38,.500,40,87,127,44,17,16,19,74,179
283,Jodie Meeks,22,TOT,60,0,719,104,268,.388,42,132,.318,31,39,.795,9,90,99,39,18,5,25,52,281
283,Jodie Meeks,22,MIL,41,0,486,64,177,.362,23,82,.280,18,21,.857,5,67,72,22,13,4,20,33,169
283,Jodie Meeks,22,PHI,19,0,233,40,91,.440,19,50,.380,13,18,.722,4,23,27,17,5,1,5,19,112
284,Pops Mensah-Bonsu,26,TOT,20,0,120,13,33,.394,0,0,,13,24,.542,16,19,35,3,4,9,10,20,39
284,Pops Mensah-Bonsu,26,HOU,4,0,13,1,4,.250,0,0,,3,6,.500,1,3,4,1,1,1,0,3,5
284,Pops Mensah-Bonsu,26,TOR,16,0,107,12,29,.414,0,0,,10,18,.556,15,16,31,2,3,8,10,17,34
285,C.J. Miles,22,UTA,63,28,1497,241,562,.429,74,217,.341,66,95,.695,42,126,168,105,58,17,81,190,622
286,Darko Milicic,24,TOT,32,18,685,100,204,.490,0,1,.000,15,28,.536,47,104,151,47,22,34,35,82,215
286,Darko Milicic,24,NYK,8,0,71,8,17,.471,0,0,,0,0,,5,13,18,4,4,1,2,7,16
286,Darko Milicic,24,MIN,24,18,614,92,187,.492,0,1,.000,15,28,.536,42,91,133,43,18,33,33,75,199
287,Andre Miller,33,POR,82,66,2500,404,908,.445,16,80,.200,322,392,.821,81,185,266,445,93,9,173,169,1146
288,Brad Miller,33,CHI,82,37,1950,250,581,.430,37,132,.280,182,220,.827,83,316,399,154,44,29,107,189,719
289,Mike Miller,29,WAS,54,50,1805,217,433,.501,82,171,.480,70,85,.824,55,281,336,213,39,12,115,131,586
290,Patrick Mills,21,POR,10,0,38,10,24,.417,2,4,.500,4,7,.571,1,1,2,5,0,0,4,6,26
291,Paul Millsap,24,UTA,82,8,2277,385,716,.538,1,9,.111,183,264,.693,186,373,559,131,64,99,116,285,954
292,Nazr Mohammed,32,CHA,58,29,984,189,342,.553,0,0,,81,125,.648,114,190,304,28,15,43,53,105,459
293,Jamario Moon,29,CLE,61,2,1052,114,247,.462,32,100,.320,36,45,.800,26,165,191,49,34,30,23,69,296
294,Mikki Moore,34,GSW,23,20,406,54,90,.600,0,0,,7,11,.636,26,43,69,36,5,13,21,60,115
295,Randolph Morris,24,ATL,28,0,124,23,41,.561,0,0,,16,27,.593,10,28,38,2,5,3,12,34,62
296,Adam Morrison,25,LAL,31,0,241,32,85,.376,5,21,.238,5,8,.625,10,22,32,18,3,2,10,17,74
297,Anthony Morrow,24,GSW,69,37,2018,329,703,.468,140,307,.456,101,114,.886,61,198,259,104,65,16,84,158,899
298,Byron Mullens,20,OKC,13,0,54,7,19,.368,0,0,,0,0,,3,7,10,1,2,0,4,13,14
299,Troy Murphy,29,IND,72,69,2344,384,813,.472,128,333,.384,154,193,.798,129,608,737,150,72,34,100,175,1050
300,Ronald Murray,30,TOT,75,2,1673,268,683,.392,69,221,.312,141,194,.727,28,155,183,135,46,16,91,126,746
300,Ronald Murray,30,CHA,46,1,993,160,411,.389,41,131,.313,93,131,.710,15,83,98,84,28,12,65,77,454
300,Ronald Murray,30,CHI,29,1,680,108,272,.397,28,90,.311,48,63,.762,13,72,85,51,18,4,26,49,292
Rk,Player,Age,Tm,G,GS,MP,FG,FGA,FG%,3P,3PA,3P%,FT,FTA,FT%,ORB,DRB,TRB,AST,STL,BLK,TOV,PF,PTS
301,Eduardo Najera,33,TOT,46,5,685,62,146,.425,19,64,.297,14,24,.583,34,81,115,29,26,14,25,94,157
301,Eduardo Najera,33,NJN,13,2,204,20,53,.377,3,17,.176,6,12,.500,12,26,38,15,9,2,12,33,49
301,Eduardo Najera,33,DAL,33,3,481,42,93,.452,16,47,.340,8,12,.667,22,55,77,14,17,12,13,61,108
302,Steve Nash,35,PHO,81,81,2660,499,985,.507,124,291,.426,211,225,.938,34,234,268,892,42,12,295,108,1333
303,Jameer Nelson,27,ORL,65,64,1860,317,706,.449,86,226,.381,98,116,.845,26,168,194,353,48,2,139,147,818
304,Rasho Nesterovic,33,TOR,42,8,413,81,149,.544,0,0,,1,5,.200,37,52,89,25,10,17,16,54,163
305,Joakim Noah,24,CHI,64,54,1925,262,520,.504,0,0,,163,219,.744,220,485,705,132,32,100,117,198,687
306,Andres Nocioni,30,SAC,75,28,1477,234,587,.399,96,249,.386,71,99,.717,32,190,222,75,32,26,67,160,635
307,Steve Novak,26,LAC,54,0,362,42,108,.389,22,71,.310,7,9,.778,1,32,33,6,7,2,2,21,113
308,Dirk Nowitzki,31,DAL,81,80,3039,720,1496,.481,51,121,.421,536,586,.915,80,540,620,218,70,79,149,208,2027
309,Patrick O'Bryant,23,TOR,11,0,51,8,15,.533,0,1,.000,3,6,.500,2,9,11,1,2,4,5,12,19
310,Jermaine O'Neal,31,MIA,70,70,1991,394,745,.529,0,2,.000,162,225,.720,124,362,486,92,25,95,125,212,950
311,Shaquille O'Neal,37,CLE,53,53,1240,262,463,.566,0,1,.000,112,226,.496,93,262,355,80,15,62,105,169,636
312,Fabricio Oberto,34,WAS,57,20,650,35,56,.625,0,0,,13,17,.765,34,71,105,51,11,9,36,121,83
313,Greg Oden,22,POR,21,21,502,92,152,.605,0,0,,49,64,.766,64,114,178,19,8,48,39,84,233
314,Lamar Odom,30,LAL,82,38,2585,342,739,.463,58,182,.319,140,202,.693,184,618,802,267,75,59,150,227,882
315,Emeka Okafor,27,NOH,82,82,2370,348,656,.530,0,0,,154,274,.562,251,491,742,55,54,127,111,218,850
316,Mehmet Okur,30,UTA,73,73,2149,355,775,.458,82,213,.385,196,239,.820,132,383,515,119,38,81,127,223,988
317,Kevin Ollie,37,OKC,25,0,263,18,45,.400,0,1,.000,8,8,1.000,3,22,25,20,9,0,6,16,44
318,Travis Outlaw,25,TOT,34,6,730,110,281,.391,40,105,.381,49,59,.831,33,88,121,34,18,17,32,43,309
318,Travis Outlaw,25,POR,11,0,231,38,101,.376,12,31,.387,21,24,.875,13,25,38,8,7,8,12,13,109
318,Travis Outlaw,25,LAC,23,6,499,72,180,.400,28,74,.378,28,35,.800,20,63,83,26,11,9,20,30,200
319,Zaza Pachulia,25,ATL,78,1,1089,120,246,.488,0,4,.000,93,143,.650,117,176,293,42,37,30,58,186,333
320,Jannero Pargo,30,CHI,63,5,829,132,381,.346,38,138,.275,42,45,.933,9,69,78,89,29,2,50,68,344
Rk,Player,Age,Tm,G,GS,MP,FG,FGA,FG%,3P,3PA,3P%,FT,FTA,FT%,ORB,DRB,TRB,AST,STL,BLK,TOV,PF,PTS
321,Anthony Parker,34,CLE,81,81,2289,206,475,.434,108,261,.414,75,95,.789,30,201,231,157,63,18,71,151,595
322,Tony Parker,27,SAS,56,50,1728,349,716,.487,10,34,.294,186,246,.756,7,128,135,317,29,8,149,96,894
323,Chris Paul,24,NOH,45,45,1712,314,637,.493,52,127,.409,161,190,.847,20,171,191,480,96,8,112,118,841
324,Sasha Pavlovic,26,MIN,71,0,877,109,300,.363,35,118,.297,10,26,.385,12,105,117,58,23,6,53,84,263
325,Oleksiy Pecherov,24,MIN,44,5,447,77,188,.410,14,52,.269,29,32,.906,32,92,124,11,9,14,32,55,197
326,Jeff Pendergraph,22,POR,39,4,405,43,65,.662,0,0,,18,20,.900,25,73,98,1,7,16,12,76,104
327,Kendrick Perkins,25,BOS,78,78,2154,314,522,.602,0,3,.000,163,280,.582,155,440,595,80,26,132,165,219,791
328,Morris Peterson,32,NOH,46,39,973,116,301,.385,62,171,.363,33,54,.611,17,109,126,41,25,5,27,81,327
329,Johan Petro,24,DEN,36,16,436,54,101,.535,0,1,.000,14,21,.667,32,97,129,14,10,13,23,80,122
330,Paul Pierce,32,BOS,71,71,2411,409,867,.472,109,263,.414,369,433,.852,39,271,310,218,84,31,166,196,1296
331,Mickael Pietrus,27,ORL,75,24,1687,233,539,.432,116,306,.379,69,109,.633,39,176,215,49,53,31,69,138,651
332,James Posey,33,NOH,77,2,1731,126,345,.365,81,242,.335,66,80,.825,32,297,329,117,42,19,51,204,399
333,Leon Powe,26,CLE,20,2,236,21,49,.429,0,0,,37,63,.587,19,42,61,0,6,2,11,36,79
334,Josh Powell,27,LAL,63,0,581,71,194,.366,7,16,.438,20,31,.645,44,72,116,35,9,6,33,71,169
335,A.J. Price,23,IND,56,2,865,145,354,.410,60,174,.345,60,75,.800,12,76,88,106,35,3,59,53,410
336,Ronnie Price,26,UTA,60,4,806,98,242,.405,18,63,.286,41,59,.695,28,46,74,123,40,13,56,109,255
337,Tayshaun Prince,29,DET,49,49,1664,282,580,.486,27,73,.370,70,98,.714,71,177,248,161,34,22,60,77,661
338,Joel Przybilla,30,POR,30,9,681,45,86,.523,0,0,,33,51,.647,72,166,238,8,8,43,39,95,123
339,Chris Quinn,26,NJN,25,0,223,20,56,.357,10,32,.313,6,6,1.000,1,15,16,29,9,1,10,15,56
340,Vladimir Radmanovic,29,TOT,41,20,891,103,273,.377,30,108,.278,20,27,.741,51,127,178,45,29,7,44,97,256
340,Vladimir Radmanovic,29,CHA,8,0,133,14,42,.333,7,22,.318,4,6,.667,8,21,29,7,3,1,5,18,39
340,Vladimir Radmanovic,29,GSW,33,20,758,89,231,.385,23,86,.267,16,21,.762,43,106,149,38,26,6,39,79,217
Rk,Player,Age,Tm,G,GS,MP,FG,FGA,FG%,3P,3PA,3P%,FT,FTA,FT%,ORB,DRB,TRB,AST,STL,BLK,TOV,PF,PTS
341,Anthony Randolph,20,GSW,33,8,749,137,309,.443,1,5,.200,109,136,.801,73,142,215,42,28,51,49,92,384
342,Shavlik Randolph,26,TOT,6,0,53,6,18,.333,0,0,,2,2,1.000,7,7,14,1,1,1,3,9,14
342,Shavlik Randolph,26,MIA,3,0,47,5,15,.333,0,0,,0,0,,7,6,13,0,1,1,2,9,10
342,Shavlik Randolph,26,POR,3,0,6,1,3,.333,0,0,,2,2,1.000,0,1,1,1,0,0,1,0,4
343,Zach Randolph,28,MEM,81,81,3051,652,1336,.488,15,52,.288,362,465,.778,330,620,950,149,80,34,174,226,1681
344,Theo Ratliff,36,TOT,49,29,807,70,152,.461,0,0,,38,50,.760,59,98,157,25,12,61,41,87,178
344,Theo Ratliff,36,SAS,21,3,183,16,36,.444,0,0,,2,4,.500,15,25,40,9,3,18,16,27,34
344,Theo Ratliff,36,CHA,28,26,624,54,116,.466,0,0,,36,46,.783,44,73,117,16,9,43,25,60,144
345,Michael Redd,30,MIL,18,12,492,75,213,.352,18,60,.300,47,66,.712,11,43,54,39,19,2,15,24,215
346,J.J. Redick,25,ORL,82,9,1808,243,553,.439,111,274,.405,191,222,.860,17,138,155,158,28,4,63,118,788
347,Chris Richard,25,CHI,18,0,224,15,29,.517,0,0,,7,11,.636,19,40,59,7,8,4,14,50,37
348,Jason Richardson,29,PHO,79,76,2485,473,998,.474,157,400,.393,136,184,.739,81,323,404,143,66,33,92,169,1239
349,Quentin Richardson,29,MIA,76,75,2082,242,561,.431,142,358,.397,52,71,.732,64,310,374,93,70,18,62,169,678
350,Luke Ridnour,28,MIL,82,0,1759,328,686,.478,69,181,.381,127,140,.907,24,119,143,324,54,7,106,182,852
351,Nate Robinson,25,TOT,56,2,1115,215,493,.436,87,223,.390,50,67,.746,28,82,110,163,49,5,73,116,567
351,Nate Robinson,25,NYK,30,2,733,152,336,.452,51,136,.375,42,54,.778,23,49,72,112,27,5,53,66,397
351,Nate Robinson,25,BOS,26,0,382,63,157,.401,36,87,.414,8,13,.615,5,33,38,51,22,0,20,50,170
352,Sergio Rodriguez,23,TOT,66,8,1048,167,351,.476,32,91,.352,68,93,.731,24,65,89,212,50,5,114,84,434
352,Sergio Rodriguez,23,SAC,39,0,517,88,190,.463,15,42,.357,43,62,.694,15,35,50,121,29,3,59,46,234
352,Sergio Rodriguez,23,NYK,27,8,531,79,161,.491,17,49,.347,25,31,.806,9,30,39,91,21,2,55,38,200
353,Rajon Rondo,23,BOS,81,81,2963,459,904,.508,17,80,.213,175,282,.621,100,260,360,794,189,11,246,198,1110
354,Derrick Rose,21,CHI,78,78,2871,672,1373,.489,16,60,.267,259,338,.766,65,228,293,469,57,27,217,96,1619
355,Quinton Ross,28,TOT,52,7,562,40,111,.360,4,21,.190,8,14,.571,17,32,49,12,13,6,11,69,92
355,Quinton Ross,28,DAL,27,7,301,23,56,.411,3,13,.231,5,8,.625,11,16,27,7,7,4,3,34,54
355,Quinton Ross,28,WAS,25,0,261,17,55,.309,1,8,.125,3,6,.500,6,16,22,5,6,2,8,35,38
356,Brandon Roy,25,POR,65,65,2419,491,1038,.473,73,221,.330,343,440,.780,73,212,285,305,61,16,129,136,1398
357,Brandon Rush,24,IND,82,64,2491,297,702,.423,124,302,.411,56,89,.629,41,305,346,112,56,65,93,159,774
358,Kareem Rush,29,LAC,7,0,58,4,11,.364,1,3,.333,0,0,,1,5,6,4,2,3,3,8,9
359,John Salmons,30,TOT,81,56,2824,437,991,.441,118,309,.382,253,305,.830,35,235,270,223,99,26,123,166,1245
359,John Salmons,30,CHI,51,28,1695,230,548,.420,73,192,.380,116,147,.789,18,156,174,125,65,22,70,101,649
359,John Salmons,30,MIL,30,28,1129,207,443,.467,45,117,.385,137,158,.867,17,79,96,98,34,4,53,65,596
360,Brian Scalabrine,31,BOS,52,3,472,29,85,.341,16,49,.327,4,6,.667,9,39,48,27,9,4,17,59,78
Rk,Player,Age,Tm,G,GS,MP,FG,FGA,FG%,3P,3PA,3P%,FT,FTA,FT%,ORB,DRB,TRB,AST,STL,BLK,TOV,PF,PTS
361,Luis Scola,29,HOU,82,82,2671,560,1090,.514,1,5,.200,208,267,.779,175,530,705,169,63,26,163,246,1329
362,Thabo Sefolosha,25,OKC,82,82,2348,194,441,.440,41,131,.313,60,89,.674,76,311,387,145,97,46,90,154,489
363,Ramon Sessions,23,MIN,82,1,1732,253,555,.456,1,15,.067,167,233,.717,58,156,214,258,55,5,137,137,674
364,Bobby Simmons,29,NJN,23,2,395,42,117,.359,20,63,.317,18,20,.900,11,52,63,15,15,3,19,52,122
365,James Singleton,28,TOT,57,3,977,97,254,.382,7,37,.189,53,62,.855,108,168,276,31,28,43,49,113,254
365,James Singleton,28,DAL,25,0,211,24,64,.375,5,22,.227,6,6,1.000,17,38,55,9,11,7,12,31,59
365,James Singleton,28,WAS,32,3,766,73,190,.384,2,15,.133,47,56,.839,91,130,221,22,17,36,37,82,195
366,Brian Skinner,33,LAC,16,1,123,10,25,.400,0,0,,6,8,.750,9,18,27,0,3,4,7,20,26
367,Craig Smith,26,LAC,75,2,1232,226,397,.569,1,5,.200,132,208,.635,97,190,287,84,33,25,88,194,585
368,J.R. Smith,24,DEN,75,0,2082,428,1033,.414,158,467,.338,142,201,.706,28,206,234,183,99,20,139,174,1156
369,Jason Smith,23,PHI,56,2,658,75,174,.431,10,29,.345,29,42,.690,54,81,135,33,21,28,35,110,189
370,Joe Smith,34,ATL,64,1,592,77,193,.399,1,7,.143,39,48,.813,66,91,157,21,6,19,22,95,194
371,Josh Smith,24,ATL,81,81,2871,504,999,.505,0,7,.000,261,422,.618,223,482,705,342,130,173,198,240,1269
372,Darius Songaila,31,NOH,75,1,1410,241,488,.494,1,6,.167,60,74,.811,59,173,232,70,62,14,81,206,543
373,Marreese Speights,22,PHI,62,1,1016,212,444,.477,0,5,.000,108,145,.745,85,167,252,36,29,34,51,152,532
374,Jerry Stackhouse,35,MIL,42,0,855,129,316,.408,45,130,.346,55,69,.797,19,81,100,70,21,9,66,56,358
375,DeShawn Stevenson,28,TOT,64,18,883,46,163,.282,19,87,.218,25,35,.714,11,80,91,56,16,6,30,74,136
375,DeShawn Stevenson,28,WAS,40,13,616,29,103,.282,11,62,.177,18,25,.720,7,58,65,44,11,5,24,51,87
375,DeShawn Stevenson,28,DAL,24,5,267,17,60,.283,8,25,.320,7,10,.700,4,22,26,12,5,1,6,23,49
376,Peja Stojakovic,32,NOH,62,55,1947,278,688,.404,132,352,.375,96,107,.897,39,188,227,92,48,5,56,83,784
377,Amare Stoudemire,27,PHO,82,82,2838,704,1264,.557,1,6,.167,487,632,.771,230,502,732,82,52,83,213,281,1896
378,Rodney Stuckey,23,DET,73,67,2499,449,1109,.405,18,79,.228,299,359,.833,67,214,281,348,101,12,163,205,1215
379,DaJuan Summers,22,DET,44,0,405,46,130,.354,15,42,.357,27,38,.711,14,31,45,16,8,7,16,52,134
380,Jermaine Taylor,23,HOU,31,4,303,45,119,.378,5,22,.227,33,46,.717,21,25,46,16,10,3,19,15,128
Rk,Player,Age,Tm,G,GS,MP,FG,FGA,FG%,3P,3PA,3P%,FT,FTA,FT%,ORB,DRB,TRB,AST,STL,BLK,TOV,PF,PTS
381,Jeff Teague,21,ATL,71,3,719,90,227,.396,7,32,.219,41,49,.837,5,62,67,122,34,11,50,82,228
382,Sebastian Telfair,24,TOT,43,1,659,83,201,.413,13,56,.232,29,37,.784,5,40,45,126,24,5,50,71,208
382,Sebastian Telfair,24,LAC,39,1,582,67,166,.404,11,47,.234,24,31,.774,5,36,41,114,22,5,44,65,169
382,Sebastian Telfair,24,CLE,4,0,77,16,35,.457,2,9,.222,5,6,.833,0,4,4,12,2,0,6,6,39
383,Garrett Temple,23,TOT,27,4,334,44,101,.436,13,37,.351,35,50,.700,6,25,31,21,13,6,27,42,136
383,Garrett Temple,23,HOU,9,0,118,13,29,.448,3,12,.250,16,24,.667,2,12,14,7,4,4,14,16,45
383,Garrett Temple,23,SAC,5,0,23,3,8,.375,0,2,.000,5,5,1.000,1,2,3,2,1,0,2,1,11
383,Garrett Temple,23,SAS,13,4,193,28,64,.438,10,23,.435,14,21,.667,3,11,14,12,8,2,11,25,80
384,Jason Terry,32,DAL,77,12,2540,456,1041,.438,136,373,.365,232,268,.866,19,121,140,292,94,17,109,142,1280
385,Hasheem Thabeet,22,MEM,68,13,883,77,131,.588,0,0,,54,93,.581,85,158,243,11,15,89,43,162,208
386,Etan Thomas,31,OKC,23,1,321,31,68,.456,0,0,,13,22,.591,18,46,64,1,4,16,18,39,75
387,Kenny Thomas,32,SAC,26,2,313,17,35,.486,0,0,,7,12,.583,35,51,86,15,10,10,17,42,41
388,Kurt Thomas,37,MIL,70,9,1049,99,208,.476,0,0,,12,15,.800,84,207,291,47,26,46,48,159,210
389,Tim Thomas,32,DAL,18,1,285,49,106,.462,16,43,.372,21,24,.875,13,28,41,14,10,2,14,31,135
390,Tyrus Thomas,23,TOT,54,3,1220,194,420,.462,0,3,.000,120,175,.686,81,254,335,56,63,85,92,129,508
390,Tyrus Thomas,23,CHI,29,3,678,99,205,.483,0,1,.000,58,90,.644,42,141,183,33,40,48,52,64,256
390,Tyrus Thomas,23,CHA,25,0,542,95,215,.442,0,2,.000,62,85,.729,39,113,152,23,23,37,40,65,252
391,Jason Thompson,23,SAC,75,58,2357,370,784,.472,1,10,.100,198,277,.715,224,413,637,124,41,73,139,279,939
392,Al Thornton,26,TOT,75,46,2079,320,676,.473,11,31,.355,153,211,.725,116,178,294,90,45,35,102,206,804
392,Al Thornton,26,LAC,51,30,1405,220,460,.478,5,14,.357,103,139,.741,85,107,192,61,25,22,66,144,548
392,Al Thornton,26,WAS,24,16,674,100,216,.463,6,17,.353,50,72,.694,31,71,102,29,20,13,36,62,256
393,Marcus Thornton,22,NOH,73,17,1872,398,883,.451,117,313,.374,144,177,.814,72,139,211,114,58,11,76,127,1057
394,Jamaal Tinsley,31,MEM,38,1,589,52,140,.371,7,39,.179,22,27,.815,11,55,66,108,33,5,63,67,133
395,Anthony Tolliver,24,TOT,46,29,1427,193,449,.430,50,152,.329,103,134,.769,84,236,320,87,32,33,46,128,539
395,Anthony Tolliver,24,POR,2,0,4,0,1,.000,0,1,.000,0,0,,0,1,1,0,0,0,0,1,0
395,Anthony Tolliver,24,GSW,44,29,1423,193,448,.431,50,151,.331,103,134,.769,84,235,319,87,32,33,46,127,539
396,Alando Tucker,25,TOT,15,0,96,17,39,.436,1,7,.143,16,21,.762,6,4,10,4,0,0,5,6,51
396,Alando Tucker,25,PHO,11,0,71,13,30,.433,1,7,.143,16,21,.762,5,2,7,3,0,0,4,5,43
396,Alando Tucker,25,MIN,4,0,25,4,9,.444,0,0,,0,0,,1,2,3,1,0,0,1,1,8
397,Ronny Turiaf,27,GSW,42,20,872,85,146,.582,0,1,.000,37,78,.474,54,137,191,90,23,54,49,98,207
398,Hedo Turkoglu,30,TOR,74,69,2272,276,674,.409,108,289,.374,175,226,.774,42,301,343,304,55,32,125,220,835
399,Ime Udoka,32,SAC,69,2,944,91,241,.378,26,91,.286,42,57,.737,51,140,191,58,34,6,42,83,250
400,Beno Udrih,27,SAC,79,41,2477,415,841,.493,75,199,.377,118,141,.837,38,181,219,372,89,10,136,166,1023
Rk,Player,Age,Tm,G,GS,MP,FG,FGA,FG%,3P,3PA,3P%,FT,FTA,FT%,ORB,DRB,TRB,AST,STL,BLK,TOV,PF,PTS
401,Roko Ukic,25,MIL,13,0,97,14,30,.467,3,12,.250,9,11,.818,0,3,3,12,1,0,6,6,40
402,Anderson Varejao,27,CLE,76,7,2166,267,467,.572,1,5,.200,116,175,.663,189,389,578,87,71,67,67,223,651
403,Charlie Villanueva,25,DET,78,16,1848,363,827,.439,99,282,.351,106,130,.815,85,280,365,53,48,55,74,223,931
404,Sasha Vujacic,25,LAL,67,1,575,66,164,.402,25,81,.309,28,33,.848,25,54,79,41,20,4,17,67,185
405,Dwyane Wade,28,MIA,77,77,2792,719,1511,.476,73,243,.300,534,702,.761,107,266,373,501,142,82,252,181,2045
406,Bill Walker,22,TOT,35,13,768,120,232,.517,50,116,.431,39,49,.796,15,73,88,40,23,3,28,83,329
406,Bill Walker,22,BOS,8,0,29,3,6,.500,0,0,,2,2,1.000,0,5,5,3,0,0,2,4,8
406,Bill Walker,22,NYK,27,13,739,117,226,.518,50,116,.431,37,47,.787,15,68,83,37,23,3,26,79,321
407,Ben Wallace,35,DET,69,67,1975,158,292,.541,0,2,.000,65,160,.406,245,352,597,105,86,84,64,131,381
408,Gerald Wallace,27,CHA,76,76,3119,456,943,.484,52,140,.371,422,544,.776,150,612,762,161,117,83,178,194,1386
409,Rasheed Wallace,35,BOS,79,13,1780,266,650,.409,82,290,.283,96,125,.768,42,283,325,80,80,70,63,222,710
410,Luke Walton,29,LAL,29,0,272,30,84,.357,7,17,.412,2,4,.500,12,26,38,40,10,1,12,19,69
411,Hakim Warrick,27,TOT,76,6,1557,265,550,.482,1,7,.143,202,274,.737,127,187,314,52,24,18,80,126,733
411,Hakim Warrick,27,MIL,48,6,1024,182,378,.481,1,6,.167,125,172,.727,87,125,212,35,17,10,57,83,490
411,Hakim Warrick,27,CHI,28,0,533,83,172,.483,0,1,.000,77,102,.755,40,62,102,17,7,8,23,43,243
412,C.J. Watson,25,GSW,65,15,1788,247,528,.468,45,145,.310,128,166,.771,28,141,169,180,103,8,69,124,667
413,Earl Watson,30,IND,79,52,2322,223,524,.426,53,184,.288,120,169,.710,54,186,240,399,104,16,175,181,619
414,Kyle Weaver,23,OKC,12,0,144,12,33,.364,7,19,.368,5,6,.833,1,17,18,11,6,6,4,13,36
415,Martell Webster,23,POR,82,49,2005,259,639,.405,124,332,.373,126,155,.813,47,221,268,62,45,40,60,153,768
416,Sonny Weems,23,TOR,69,19,1368,236,458,.515,2,15,.133,44,64,.688,42,150,192,101,39,25,65,126,518
417,David West,29,NOH,81,81,2949,619,1226,.505,7,27,.259,296,342,.865,164,441,605,239,76,60,173,233,1541
418,Delonte West,26,CLE,60,3,1500,194,436,.445,25,77,.325,115,142,.810,29,140,169,196,55,28,90,86,528
419,Mario West,25,ATL,39,1,142,12,21,.571,0,1,.000,6,10,.600,8,19,27,9,8,0,7,25,30
420,Russell Westbrook,21,OKC,82,82,2813,485,1160,.418,23,104,.221,329,422,.780,143,258,401,652,108,34,268,204,1322
Rk,Player,Age,Tm,G,GS,MP,FG,FGA,FG%,3P,3PA,3P%,FT,FTA,FT%,ORB,DRB,TRB,AST,STL,BLK,TOV,PF,PTS
421,D.J. White,23,OKC,12,0,102,25,41,.610,0,0,,9,10,.900,10,13,23,4,5,3,3,12,59
422,Chris Wilcox,27,DET,34,10,441,63,120,.525,0,0,,26,52,.500,44,73,117,13,13,12,38,64,152
423,Damien Wilkins,30,MIN,80,31,1585,165,381,.433,18,61,.295,103,129,.798,72,177,249,135,66,25,76,144,451
424,Mike Wilks,30,OKC,4,0,59,6,12,.500,2,3,.667,2,4,.500,1,3,4,4,0,0,4,5,16
425,Deron Williams,25,UTA,76,76,2802,494,1053,.469,96,259,.371,335,418,.801,50,253,303,798,96,16,252,208,1419
426,Jason Williams,34,ORL,82,18,1703,189,426,.444,84,221,.380,31,41,.756,7,119,126,298,53,3,87,65,493
427,Jawad Williams,26,CLE,54,6,742,81,206,.393,30,93,.323,32,45,.711,16,67,83,34,12,5,18,73,224
428,Louis Williams,23,PHI,64,38,1912,318,677,.470,70,206,.340,192,233,.824,25,162,187,268,80,15,106,110,898
429,Marcus Williams,24,MEM,62,1,872,104,271,.384,24,81,.296,37,55,.673,13,80,93,161,32,1,74,43,269
430,Marvin Williams,23,ATL,81,81,2468,302,664,.455,40,132,.303,176,215,.819,106,310,416,93,66,46,72,160,820
431,Mo Williams,27,CLE,69,68,2359,378,855,.442,159,371,.429,177,198,.894,28,178,206,368,70,21,173,170,1092
432,Reggie Williams,23,GSW,24,10,782,140,283,.495,33,92,.359,52,62,.839,18,92,110,66,22,6,29,49,365
433,Sean Williams,23,NJN,20,0,227,21,49,.429,0,1,.000,10,19,.526,21,25,46,1,8,19,20,41,52
434,Shelden Williams,26,BOS,54,0,597,63,121,.521,0,1,.000,75,98,.765,47,99,146,21,13,21,30,85,201
435,Terrence Williams,22,NJN,78,9,1764,261,651,.401,31,100,.310,103,144,.715,46,302,348,223,43,10,124,126,656
436,Metta World Peace,30,LAL,77,77,2605,306,740,.414,105,296,.355,128,186,.688,99,232,331,234,106,21,121,165,845
437,Antoine Wright,25,TOR,67,10,1392,162,399,.406,58,173,.335,53,77,.688,38,152,190,71,30,11,58,134,435
438,Dorell Wright,24,MIA,72,1,1496,194,419,.463,61,157,.389,61,69,.884,50,185,235,91,52,32,53,94,510
439,Julian Wright,22,NOH,68,14,871,116,232,.500,2,6,.333,25,41,.610,58,86,144,41,29,18,44,45,259
440,Nick Young,24,WAS,74,23,1421,233,558,.418,69,170,.406,104,130,.800,20,82,102,48,28,8,56,147,639
Rk,Player,Age,Tm,G,GS,MP,FG,FGA,FG%,3P,3PA,3P%,FT,FTA,FT%,ORB,DRB,TRB,AST,STL,BLK,TOV,PF,PTS
441,Sam Young,24,MEM,80,1,1321,224,497,.451,11,56,.196,136,175,.777,77,124,201,52,34,20,94,106,595
442,Thaddeus Young,21,PHI,67,45,2145,382,813,.470,48,138,.348,114,165,.691,130,220,350,97,81,15,126,133,926