Rk,Player,Age,Tm,G,GS,MP,FG,FGA,FG%,3P,3PA,3P%,FT,FTA,FT%,ORB,DRB,TRB,AST,STL,BLK,TOV,PF,PTS
1,Jeff Adrien,25,HOU,8,0,63,7,16,.438,0,0,,7,12,.583,5,17,22,1,0,2,2,13,21
2,Arron Afflalo,26,DEN,62,62,2086,329,699,.471,88,221,.398,197,247,.798,40,157,197,149,36,13,85,134,943
3,Blake Ahearn,27,UTA,4,0,30,4,14,.286,2,9,.222,0,0,,0,2,2,1,0,0,5,4,10
4,Solomon Alabi,23,TOR,14,0,122,13,36,.361,0,0,,7,8,.875,15,32,47,3,2,9,5,11,33
5,Cole Aldrich,23,OKC,26,0,173,22,42,.524,0,0,,13,14,.929,13,35,48,3,8,16,9,22,57
6,LaMarcus Aldridge,26,POR,55,55,1994,483,943,.512,2,11,.182,223,274,.814,150,292,442,134,51,45,111,153,1191
7,Lavoy Allen,22,PHI,41,15,624,79,167,.473,0,0,,11,14,.786,47,124,171,34,13,18,20,73,169
8,Ray Allen,36,BOS,46,42,1565,226,493,.458,106,234,.453,97,106,.915,14,128,142,109,49,8,68,83,655
9,Tony Allen,30,MEM,58,57,1525,210,448,.469,8,26,.308,140,175,.800,98,135,233,79,104,33,94,142,568
10,Morris Almond,26,WAS,4,0,67,6,17,.353,1,3,.333,1,3,.333,1,7,8,2,7,0,1,6,14
11,Al-Farouq Aminu,21,NOH,66,21,1477,150,365,.411,13,47,.277,86,114,.754,95,213,308,66,59,34,91,136,399
12,Louis Amundson,29,IND,60,0,753,89,207,.430,0,0,,35,82,.427,94,128,222,14,27,44,45,125,213
13,Chris Andersen,33,DEN,32,1,486,59,108,.546,0,0,,50,82,.610,48,100,148,6,19,46,17,52,168
14,Alan Anderson,29,TOR,17,12,461,55,142,.387,24,61,.393,29,34,.853,8,26,34,26,5,3,25,35,163
15,James Anderson,22,SAS,51,2,603,66,174,.379,19,68,.279,39,52,.750,16,63,79,41,8,2,30,35,190
16,Ryan Anderson,23,ORL,61,61,1964,332,757,.439,166,422,.393,150,171,.877,224,247,471,54,50,26,57,146,980
17,Carmelo Anthony,27,NYK,55,55,1876,441,1025,.430,68,203,.335,295,367,.804,88,256,344,200,62,24,144,156,1245
18,Joel Anthony,29,MIA,64,51,1349,85,152,.559,0,0,,49,71,.690,100,150,250,9,36,84,45,126,219
19,Gilbert Arenas,30,MEM,17,0,211,26,64,.406,13,39,.333,7,10,.700,2,16,18,18,11,1,12,35,72
20,Trevor Ariza,26,NOH,41,41,1350,168,403,.417,29,87,.333,79,102,.775,41,174,215,135,69,25,76,73,444
Rk,Player,Age,Tm,G,GS,MP,FG,FGA,FG%,3P,3PA,3P%,FT,FTA,FT%,ORB,DRB,TRB,AST,STL,BLK,TOV,PF,PTS
21,Omer Asik,25,CHI,66,2,971,79,156,.506,0,0,,47,103,.456,127,223,350,32,30,68,68,121,205
22,D.J. Augustin,24,CHA,48,46,1408,183,487,.376,61,179,.341,105,120,.875,24,85,109,307,36,1,110,65,532
23,Gustavo Ayon,26,NOH,54,24,1088,140,261,.536,0,1,.000,39,63,.619,86,179,265,74,53,46,46,118,319
24,Kelenna Azubuike,28,DAL,3,0,18,3,8,.375,1,3,.333,0,0,,0,0,0,0,1,0,4,1,7
25,Luke Babbitt,22,POR,40,4,537,71,173,.410,43,100,.430,17,20,.850,16,79,95,16,10,4,27,46,202
26,Renaldo Balkman,27,NYK,14,0,115,16,32,.500,2,9,.222,8,11,.727,6,20,26,5,4,3,6,14,42
27,Leandro Barbosa,29,TOT,64,0,1382,271,637,.425,65,170,.382,101,124,.815,33,95,128,96,56,7,94,135,708
27,Leandro Barbosa,29,TOR,42,0,946,198,454,.436,40,111,.360,76,91,.835,21,58,79,63,36,7,68,101,512
27,Leandro Barbosa,29,IND,22,0,436,73,183,.399,25,59,.424,25,33,.758,12,37,49,33,20,0,26,34,196
28,Jose Barea,27,MIN,41,11,1032,167,418,.400,53,143,.371,76,98,.776,14,100,114,232,21,0,103,61,463
29,Andrea Bargnani,26,TOR,31,31,1032,209,484,.432,34,115,.296,151,173,.873,24,148,172,61,18,15,69,52,603
30,Matt Barnes,31,LAL,63,16,1440,175,387,.452,46,138,.333,95,128,.742,97,247,344,126,35,48,73,152,491
31,Earl Barron,30,GSW,2,0,9,2,4,.500,0,0,,0,0,,1,0,1,0,0,0,0,5,4
32,Brandon Bass,26,BOS,59,39,1868,303,632,.479,0,0,,132,163,.810,95,270,365,55,34,54,65,135,738
33,Tony Battie,35,PHI,27,11,295,19,51,.373,0,1,.000,4,4,1.000,8,59,67,16,4,6,4,26,42
34,Shane Battier,33,MIA,65,10,1499,113,292,.387,62,183,.339,23,37,.622,56,100,156,82,64,33,37,105,311
35,Nicolas Batum,23,POR,59,34,1791,289,641,.451,107,274,.391,133,159,.836,81,190,271,84,57,60,90,105,818
36,Jerryd Bayless,23,TOR,31,11,705,117,276,.424,44,104,.423,75,88,.852,8,58,66,118,24,4,53,70,353
37,Michael Beasley,23,MIN,47,7,1087,221,497,.445,38,101,.376,61,95,.642,39,168,207,45,18,19,80,83,541
38,Rodrigue Beaubois,23,DAL,53,12,1151,188,445,.422,38,132,.288,58,69,.841,19,132,151,152,56,28,70,98,472
39,Marco Belinelli,25,NOH,66,55,1966,286,686,.417,107,284,.377,101,129,.783,19,153,172,101,48,5,69,115,780
40,Raja Bell,35,UTA,34,33,796,81,174,.466,34,87,.391,21,25,.840,6,43,49,38,13,2,21,78,217
Rk,Player,Age,Tm,G,GS,MP,FG,FGA,FG%,3P,3PA,3P%,FT,FTA,FT%,ORB,DRB,TRB,AST,STL,BLK,TOV,PF,PTS
41,Keith Benson,23,GSW,3,0,9,0,1,.000,0,0,,0,0,,2,1,3,0,0,0,0,0,0
42,Mike Bibby,33,NYK,39,4,557,35,124,.282,27,85,.318,6,8,.750,5,54,59,80,21,3,20,45,103
43,Andris Biedrins,25,GSW,47,35,739,39,64,.609,0,0,,1,9,.111,45,131,176,16,23,45,14,125,79
44,Chauncey Billups,35,LAC,20,20,607,83,228,.364,48,125,.384,85,95,.895,4,46,50,80,9,3,38,40,299
45,Bismack Biyombo,19,CHA,63,41,1455,129,278,.464,0,0,,69,143,.483,113,255,368,27,20,115,71,145,327
46,DeJuan Blair,22,SAS,64,62,1363,269,504,.534,0,1,.000,73,119,.613,154,197,351,78,59,12,92,168,611
47,Steve Blake,31,LAL,53,5,1237,101,268,.377,53,158,.335,21,27,.778,9,76,85,174,39,2,72,75,276
48,Andray Blatche,25,WAS,26,13,626,93,245,.380,2,7,.286,33,49,.673,42,108,150,28,20,17,37,54,221
49,Eric Bledsoe,22,LAC,40,1,464,49,126,.389,6,30,.200,28,44,.636,22,43,65,66,31,14,47,58,132
50,Keith Bogans,31,NJN,5,1,94,8,21,.381,3,12,.250,2,5,.400,5,6,11,3,2,0,3,15,21
51,Andrew Bogut,27,MIL,12,12,364,61,136,.449,0,1,.000,14,23,.609,22,78,100,31,12,24,24,36,136
52,Matt Bonner,31,SAS,65,2,1326,154,350,.440,105,250,.420,16,21,.762,29,185,214,61,15,21,14,68,429
53,Trevor Booker,24,WAS,50,32,1261,181,341,.531,1,2,.500,56,93,.602,119,206,325,40,48,43,58,138,419
54,Carlos Boozer,30,CHI,66,66,1948,448,842,.532,0,1,.000,95,137,.693,114,450,564,125,63,24,115,168,991
55,Chris Bosh,27,MIA,57,57,2007,393,807,.487,10,35,.286,229,279,.821,94,358,452,103,51,45,117,128,1025
56,Earl Boykins,35,HOU,8,0,111,12,36,.333,2,9,.222,13,15,.867,0,11,11,17,1,0,7,5,39
57,Craig Brackins,24,PHI,14,1,88,9,33,.273,3,9,.333,1,2,.500,5,10,15,8,0,1,4,6,22
58,Avery Bradley,21,BOS,64,28,1368,200,402,.498,22,54,.407,62,78,.795,34,81,115,87,43,12,75,109,484
59,Elton Brand,32,PHI,60,60,1732,287,581,.494,0,1,.000,85,116,.733,145,284,429,97,58,97,65,176,659
60,Corey Brewer,25,DEN,59,17,1287,201,463,.434,33,127,.260,90,130,.692,43,107,150,88,72,17,56,113,525
Rk,Player,Age,Tm,G,GS,MP,FG,FGA,FG%,3P,3PA,3P%,FT,FTA,FT%,ORB,DRB,TRB,AST,STL,BLK,TOV,PF,PTS
61,Ronnie Brewer,26,CHI,66,43,1635,190,445,.427,19,69,.275,56,100,.560,72,159,231,137,72,21,59,64,455
62,Jon Brockman,24,MIL,35,0,239,15,45,.333,0,1,.000,7,15,.467,33,42,75,9,4,1,10,33,37
63,MarShon Brooks,23,NJN,56,47,1648,274,640,.428,47,150,.313,113,148,.764,70,130,200,131,52,15,118,116,708
64,Derrick Brown,24,CHA,65,17,1443,212,409,.518,6,24,.250,94,141,.667,95,141,236,67,48,12,55,96,524
65,Kwame Brown,29,GSW,9,3,187,21,40,.525,0,0,,15,34,.441,16,41,57,4,8,0,14,21,57
66,Shannon Brown,26,PHO,59,19,1400,251,598,.420,68,188,.362,80,99,.808,38,119,157,69,44,15,64,66,650
67,Kobe Bryant,33,LAL,58,58,2232,574,1336,.430,87,287,.303,381,451,.845,66,247,313,264,69,18,204,105,1616
68,Chase Budinger,23,HOU,58,9,1298,208,471,.442,88,219,.402,54,70,.771,38,179,217,74,29,7,55,65,558
69,Alec Burks,20,UTA,59,0,939,153,357,.429,15,45,.333,104,143,.727,57,75,132,55,27,5,51,84,425
70,Caron Butler,31,LAC,63,63,1871,287,705,.407,92,257,.358,87,107,.813,44,186,230,78,52,8,77,123,753
71,Jimmy Butler,22,CHI,42,0,359,32,79,.405,2,11,.182,43,56,.768,23,33,56,14,11,5,14,20,109
72,Rasual Butler,32,TOR,34,14,453,41,133,.308,21,77,.273,7,12,.583,6,60,66,19,7,5,15,39,110
73,Derrick Byars,27,SAS,2,0,37,3,11,.273,0,6,.000,4,4,1.000,6,5,11,1,2,0,0,2,10
74,Andrew Bynum,24,LAL,60,60,2112,444,796,.558,1,5,.200,234,338,.692,192,517,709,85,27,116,152,104,1123
75,Will Bynum,29,DET,36,0,514,74,194,.381,7,29,.241,49,64,.766,10,46,56,66,23,2,54,61,204
76,Jose Calderon,30,TOR,53,53,1799,218,477,.457,59,159,.371,60,68,.882,19,141,160,468,47,3,104,94,555
77,Marcus Camby,37,TOT,59,53,1352,128,287,.446,2,5,.400,29,64,.453,157,373,530,107,50,85,57,126,287
77,Marcus Camby,37,POR,40,40,894,67,161,.416,0,0,,18,38,.474,105,249,354,75,33,56,47,88,152
77,Marcus Camby,37,HOU,19,13,458,61,126,.484,2,5,.400,11,26,.423,52,124,176,32,17,29,10,38,135
78,Brian Cardinal,34,DAL,44,0,277,14,55,.255,10,49,.204,5,6,.833,4,30,34,16,8,2,8,38,43
79,DeMarre Carroll,25,TOT,24,9,348,43,105,.410,7,19,.368,14,16,.875,28,25,53,18,12,1,11,37,107
79,DeMarre Carroll,25,DEN,4,0,21,6,6,1.000,0,0,,0,0,,0,3,3,3,0,0,2,1,12
79,DeMarre Carroll,25,UTA,20,9,327,37,99,.374,7,19,.368,14,16,.875,28,22,50,15,12,1,9,36,95
80,Matt Carroll,31,CHA,53,2,596,52,157,.331,8,43,.186,30,38,.789,8,50,58,38,16,7,24,52,142
Rk,Player,Age,Tm,G,GS,MP,FG,FGA,FG%,3P,3PA,3P%,FT,FTA,FT%,ORB,DRB,TRB,AST,STL,BLK,TOV,PF,PTS
81,Anthony Carter,36,TOR,24,0,209,17,53,.321,5,17,.294,8,10,.800,5,28,33,34,8,4,17,20,47
82,Vince Carter,35,DAL,61,40,1542,223,542,.411,74,205,.361,95,115,.826,32,173,205,139,56,25,84,134,615
83,Omri Casspi,23,CLE,65,35,1341,166,412,.403,53,168,.315,74,108,.685,63,165,228,66,37,21,64,115,459
84,Mario Chalmers,25,MIA,64,64,1825,223,498,.448,101,260,.388,80,101,.792,16,155,171,222,97,11,142,166,627
85,Tyson Chandler,29,NYK,62,62,2061,241,355,.679,0,2,.000,217,315,.689,212,400,612,56,56,89,102,186,699
86,Wilson Chandler,24,DEN,8,6,215,31,79,.392,3,12,.250,10,12,.833,6,35,41,17,6,6,18,18,75
87,Josh Childress,28,PHO,34,0,491,48,99,.485,4,24,.167,0,2,.000,31,64,95,34,14,6,9,38,100
88,Earl Clark,24,ORL,45,1,559,51,139,.367,0,0,,21,29,.724,35,89,124,18,12,32,25,72,123
89,Norris Cole,23,MIA,65,2,1260,177,450,.393,21,76,.276,66,85,.776,21,70,91,133,44,2,105,124,441
90,Jason Collins,33,ATL,30,10,308,16,40,.400,0,0,,7,15,.467,12,36,48,10,4,3,10,34,39
91,Darren Collison,24,IND,60,56,1878,230,523,.440,34,94,.362,127,153,.830,30,157,187,287,49,14,114,101,621
92,Nick Collison,31,OKC,63,0,1307,120,201,.597,0,1,.000,44,62,.710,119,155,274,82,33,28,61,153,284
93,Mike Conley,24,MEM,62,61,2174,296,684,.433,60,159,.377,136,158,.861,22,134,156,404,136,11,125,133,788
94,Brian Cook,31,TOT,32,0,276,31,98,.316,10,50,.200,9,10,.900,10,53,63,10,6,5,11,48,81
94,Brian Cook,31,LAC,16,0,121,11,49,.224,5,27,.185,4,4,1.000,4,19,23,2,2,4,4,26,31
94,Brian Cook,31,WAS,16,0,155,20,49,.408,5,23,.217,5,6,.833,6,34,40,8,4,1,7,22,50
95,Daequan Cook,24,OKC,57,22,989,109,296,.368,79,228,.346,14,22,.636,12,110,122,15,22,11,16,69,311
96,DeMarcus Cousins,21,SAC,64,62,1950,448,999,.448,2,14,.143,262,373,.702,265,438,703,102,93,75,170,257,1160
97,Jamal Crawford,31,POR,60,6,1613,283,737,.384,80,260,.308,191,206,.927,16,102,118,191,55,14,111,74,837
98,Jordan Crawford,23,WAS,64,32,1753,349,872,.400,79,273,.289,161,203,.793,44,124,168,190,59,5,141,111,938
99,Dante Cunningham,24,MEM,64,5,1124,144,279,.516,0,2,.000,45,69,.652,91,155,246,37,42,34,29,98,333
100,Eddy Curry,29,MIA,14,1,83,12,26,.462,0,0,,6,8,.750,4,8,12,1,0,2,10,17,30
Rk,Player,Age,Tm,G,GS,MP,FG,FGA,FG%,3P,3PA,3P%,FT,FTA,FT%,ORB,DRB,TRB,AST,STL,BLK,TOV,PF,PTS
101,Stephen Curry,23,GSW,26,23,732,145,296,.490,55,121,.455,38,47,.809,15,73,88,138,39,8,65,62,383
102,Samuel Dalembert,30,HOU,65,45,1446,200,395,.506,0,1,.000,90,113,.796,158,298,456,33,37,111,82,162,490
103,Erick Dampier,36,ATL,15,0,83,1,8,.125,0,0,,0,0,,10,15,25,4,1,4,3,9,2
104,Marquis Daniels,31,BOS,38,0,484,52,143,.364,0,10,.000,17,23,.739,16,50,66,47,21,9,28,36,121
105,Baron Davis,32,NYK,29,14,595,68,184,.370,26,85,.306,16,24,.667,13,43,56,135,34,3,76,61,178
106,Ed Davis,22,TOR,66,9,1534,172,335,.513,0,1,.000,71,106,.670,134,304,438,60,40,63,67,156,415
107,Glen Davis,26,ORL,61,13,1427,225,534,.421,2,14,.143,114,167,.683,107,224,331,47,43,19,75,106,566
108,Josh Davis,31,MEM,15,0,130,10,27,.370,4,13,.308,4,8,.500,16,11,27,6,7,1,3,19,28
109,Eric Dawson,27,SAS,4,0,39,7,12,.583,0,0,,1,2,.500,5,5,10,0,1,2,3,6,15
110,Austin Daye,23,DET,41,4,603,73,227,.322,13,62,.210,35,43,.814,14,77,91,33,22,21,40,62,194
111,Carlos Delfino,29,MIL,54,53,1537,182,453,.402,86,239,.360,38,48,.792,20,188,208,123,79,10,66,99,488
112,Luol Deng,26,CHI,54,54,2129,311,755,.412,79,215,.367,127,165,.770,77,273,350,157,56,36,96,81,828
113,Justin Dentmon,26,TOT,6,0,91,10,28,.357,2,14,.143,4,6,.667,0,8,8,10,2,0,7,10,26
113,Justin Dentmon,26,SAS,2,0,19,2,6,.333,0,4,.000,0,0,,0,1,1,1,1,0,1,2,4
113,Justin Dentmon,26,TOR,4,0,72,8,22,.364,2,10,.200,4,6,.667,0,7,7,9,1,0,6,8,22
114,DeMar DeRozan,22,TOR,63,63,2206,381,903,.422,24,92,.261,268,331,.810,40,171,211,128,48,17,123,162,1054
115,Boris Diaw,29,TOT,57,35,1424,156,351,.444,31,99,.313,22,35,.629,70,210,280,205,34,25,112,125,365
115,Boris Diaw,29,CHA,37,28,1018,116,283,.410,23,86,.267,17,27,.630,47,148,195,158,20,19,84,71,272
115,Boris Diaw,29,SAS,20,7,406,40,68,.588,8,13,.615,5,8,.625,23,62,85,47,14,6,28,54,93
116,Ike Diogu,28,SAS,2,0,14,0,2,.000,0,0,,2,2,1.000,0,1,1,0,0,0,1,1,2
117,DeSagana Diop,30,CHA,27,9,325,15,42,.357,0,0,,1,6,.167,33,52,85,23,6,13,19,36,31
118,Keyon Dooling,31,BOS,46,2,662,66,163,.405,27,81,.333,23,31,.742,3,36,39,51,13,2,34,57,182
119,Toney Douglas,25,NYK,38,9,656,94,290,.324,27,117,.231,22,26,.846,16,56,72,77,29,1,56,55,237
120,Goran Dragic,25,HOU,66,28,1752,277,600,.462,68,202,.337,153,190,.805,53,115,168,351,85,10,157,166,775
Rk,Player,Age,Tm,G,GS,MP,FG,FGA,FG%,3P,3PA,3P%,FT,FTA,FT%,ORB,DRB,TRB,AST,STL,BLK,TOV,PF,PTS
121,Jared Dudley,26,PHO,65,60,2020,312,643,.485,80,209,.383,119,164,.726,95,206,301,112,49,19,72,107,823
122,Chris Duhon,29,ORL,63,9,1226,85,203,.419,50,119,.420,17,21,.810,14,88,102,151,35,9,81,71,237
123,Tim Duncan,35,SAS,58,58,1634,361,733,.492,0,4,.000,173,249,.695,110,410,520,132,38,88,97,98,895
124,Mike Dunleavy,31,MIL,55,3,1445,239,504,.474,83,208,.399,116,143,.811,29,175,204,117,28,8,58,87,677
125,Kevin Durant,23,OKC,66,66,2546,643,1297,.496,133,344,.387,431,501,.860,40,487,527,231,88,77,248,133,1850
126,Jerome Dyson,24,NOH,9,1,180,19,48,.396,1,8,.125,28,36,.778,2,17,19,18,11,2,20,19,67
127,Devin Ebanks,22,LAL,24,12,396,37,89,.416,0,9,.000,23,35,.657,26,28,54,12,11,6,18,26,97
128,Wayne Ellington,24,MIN,51,4,973,122,302,.404,35,108,.324,32,40,.800,14,85,99,33,26,10,26,56,311
129,Monta Ellis,26,TOT,58,58,2120,450,1040,.433,62,201,.308,219,275,.796,20,180,200,346,85,18,177,136,1181
129,Monta Ellis,26,GSW,37,37,1365,305,704,.433,50,156,.321,151,186,.812,16,111,127,223,56,12,123,84,811
129,Monta Ellis,26,MIL,21,21,755,145,336,.432,12,45,.267,68,89,.764,4,69,73,123,29,6,54,52,370
130,Francisco Elson,35,PHI,5,0,16,1,3,.333,0,0,,0,0,,0,1,1,1,1,1,1,0,2
131,Andre Emmett,29,NJN,6,0,45,4,7,.571,0,1,.000,5,8,.625,2,4,6,1,2,1,2,2,13
132,Semih Erden,25,CLE,28,9,333,39,74,.527,0,0,,21,41,.512,20,52,72,9,10,5,16,60,99
133,Jeremy Evans,24,UTA,29,0,217,27,42,.643,0,1,.000,8,16,.500,19,31,50,13,6,24,5,23,62
134,Maurice Evans,33,WAS,24,0,343,45,112,.402,17,45,.378,10,13,.769,8,16,24,9,14,0,10,36,117
135,Reggie Evans,31,LAC,56,0,771,34,72,.472,0,0,,36,71,.507,100,171,271,17,31,6,44,118,104
136,Tyreke Evans,22,SAC,63,61,2162,408,900,.453,20,99,.202,201,258,.779,64,225,289,283,84,29,171,136,1037
137,Christian Eyenga,22,TOT,7,0,102,6,25,.240,1,3,.333,4,8,.500,4,10,14,5,3,5,3,7,17
137,Christian Eyenga,22,CLE,6,0,83,3,19,.158,1,2,.500,2,6,.333,3,9,12,4,3,4,2,7,9
137,Christian Eyenga,22,LAL,1,0,19,3,6,.500,0,1,.000,2,2,1.000,1,1,2,1,0,1,1,0,8
138,Kenneth Faried,22,DEN,46,39,1037,181,309,.586,0,0,,109,164,.665,142,210,352,36,34,47,54,116,471
139,Jordan Farmar,25,NJN,39,5,831,147,315,.467,55,125,.440,57,63,.905,7,54,61,129,24,2,68,49,406
140,Derrick Favors,20,UTA,65,9,1376,222,445,.499,0,0,,126,194,.649,158,267,425,43,38,65,103,145,570
Rk,Player,Age,Tm,G,GS,MP,FG,FGA,FG%,3P,3PA,3P%,FT,FTA,FT%,ORB,DRB,TRB,AST,STL,BLK,TOV,PF,PTS
141,Raymond Felton,27,POR,60,56,1906,261,642,.407,62,203,.305,100,124,.806,27,122,149,390,78,10,170,122,684
142,Rudy Fernandez,26,DEN,31,1,710,99,225,.440,40,122,.328,30,43,.698,9,56,65,75,31,3,40,37,268
143,Kyrylo Fesenko,25,IND,3,0,17,2,5,.400,0,0,,4,6,.667,2,7,9,1,2,0,0,2,8
144,Landry Fields,23,NYK,66,62,1894,236,513,.460,31,121,.256,77,137,.562,59,219,278,169,79,17,102,99,580
145,Derek Fisher,37,TOT,63,43,1508,129,348,.371,35,109,.321,57,67,.851,12,109,121,170,51,4,73,117,350
145,Derek Fisher,37,LAL,43,43,1101,92,240,.383,24,74,.324,44,53,.830,10,82,92,142,40,3,58,85,252
145,Derek Fisher,37,OKC,20,0,407,37,108,.343,11,35,.314,13,14,.929,2,27,29,28,11,1,15,32,98
146,Jonny Flynn,22,TOT,29,1,416,46,131,.351,10,34,.294,29,39,.744,8,31,39,96,6,2,36,23,131
146,Jonny Flynn,22,HOU,11,0,135,12,41,.293,2,9,.222,11,14,.786,1,7,8,28,3,1,9,8,37
146,Jonny Flynn,22,POR,18,1,281,34,90,.378,8,25,.320,18,25,.720,7,24,31,68,3,1,27,15,94
147,Jeff Foote,24,NOH,4,0,39,2,6,.333,0,0,,0,0,,1,5,6,0,0,1,2,5,4
148,Gary Forbes,26,TOR,48,2,713,112,271,.413,29,83,.349,66,91,.725,27,75,102,54,24,4,54,56,319
149,T.J. Ford,28,SAS,14,0,191,19,43,.442,2,8,.250,11,14,.786,3,15,18,45,9,2,23,23,51
150,Courtney Fortson,23,TOT,10,0,95,11,32,.344,3,13,.231,10,15,.667,6,9,15,10,3,0,10,5,35
150,Courtney Fortson,23,LAC,4,0,46,5,12,.417,1,4,.250,6,9,.667,4,4,8,5,0,0,5,3,17
150,Courtney Fortson,23,HOU,6,0,49,6,20,.300,2,9,.222,4,6,.667,2,5,7,5,3,0,5,2,18
151,Jeff Foster,35,IND,11,0,141,9,18,.500,1,1,1.000,6,9,.667,18,24,42,4,8,1,7,26,25
152,Randy Foye,28,LAC,65,48,1682,256,644,.398,127,329,.386,73,85,.859,25,113,138,146,46,24,73,130,712
153,Jimmer Fredette,22,SAC,61,7,1135,172,446,.386,78,216,.361,40,48,.833,17,56,73,108,30,3,67,73,462
154,Channing Frye,28,PHO,64,59,1669,255,613,.416,91,263,.346,73,82,.890,71,308,379,88,42,70,63,176,674
155,Dan Gadzuric,33,NYK,2,0,13,0,2,.000,0,0,,0,2,.000,1,4,5,0,1,1,1,4,0
156,Sundiata Gaines,25,NJN,57,12,793,102,271,.376,28,82,.341,59,96,.615,27,81,108,126,55,2,52,58,291
157,Danilo Gallinari,23,DEN,43,40,1351,193,466,.414,60,183,.328,182,209,.871,28,174,202,116,42,23,68,86,628
158,Francisco Garcia,30,SAC,49,3,798,86,229,.376,38,131,.290,24,30,.800,11,88,99,31,36,37,22,73,234
159,Kevin Garnett,35,BOS,60,60,1864,391,777,.503,3,9,.333,162,189,.857,66,428,494,175,56,61,107,141,947
160,Marc Gasol,27,MEM,65,65,2370,357,740,.482,1,12,.083,237,317,.748,120,459,579,204,62,121,121,201,952
Rk,Player,Age,Tm,G,GS,MP,FG,FGA,FG%,3P,3PA,3P%,FT,FTA,FT%,ORB,DRB,TRB,AST,STL,BLK,TOV,PF,PTS
161,Pau Gasol,31,LAL,65,65,2430,459,917,.501,7,27,.259,204,261,.782,183,495,678,238,37,88,142,127,1129
162,Rudy Gay,25,MEM,65,65,2422,485,1067,.455,54,173,.312,208,263,.791,130,287,417,147,95,55,161,138,1232
163,Alonzo Gee,24,CLE,63,31,1827,227,551,.412,44,137,.321,167,212,.788,101,221,322,113,83,17,114,149,665
164,Paul George,21,IND,66,66,1958,281,639,.440,90,234,.385,146,182,.802,56,314,370,158,108,38,117,191,798
165,Daniel Gibson,25,CLE,35,7,916,87,248,.351,55,139,.396,34,43,.791,11,90,101,76,26,16,45,69,263
166,Taj Gibson,26,CHI,63,0,1284,200,404,.495,0,0,,84,135,.622,135,197,332,47,27,81,60,131,484
167,Manu Ginobili,34,SAS,34,7,792,150,285,.526,52,126,.413,88,101,.871,18,98,116,151,24,12,64,56,440
168,Mickell Gladness,25,TOT,26,7,252,25,59,.424,0,0,,6,12,.500,14,44,58,5,4,20,7,32,56
168,Mickell Gladness,25,MIA,8,0,28,1,3,.333,0,0,,0,0,,1,10,11,2,1,1,3,8,2
168,Mickell Gladness,25,GSW,18,7,224,24,56,.429,0,0,,6,12,.500,13,34,47,3,3,19,4,24,54
169,Ryan Gomes,29,LAC,32,2,425,31,95,.326,4,29,.138,8,11,.727,14,47,61,12,16,0,15,34,74
170,Drew Gooden,30,MIL,56,46,1469,287,657,.437,16,55,.291,176,208,.846,130,233,363,144,46,34,109,112,766
171,Ben Gordon,28,DET,52,21,1398,234,530,.442,63,147,.429,117,136,.860,14,107,121,127,34,11,115,114,648
172,Eric Gordon,23,NOH,9,9,310,63,140,.450,10,40,.250,49,65,.754,2,23,25,31,13,4,24,20,185
173,Marcin Gortat,27,PHO,66,66,2114,427,769,.555,0,2,.000,163,251,.649,185,474,659,59,48,99,90,142,1017
174,Andrew Goudelock,23,LAL,40,0,419,68,174,.391,28,75,.373,11,12,.917,5,26,31,20,4,0,21,32,175
175,Danny Granger,28,IND,62,62,2062,391,941,.416,123,323,.381,254,291,.873,79,228,307,109,62,40,110,144,1159
176,Aaron Gray,27,TOR,49,40,813,83,161,.516,0,0,,25,47,.532,83,198,281,27,22,17,51,127,191
177,Danny Green,24,SAS,66,38,1522,211,477,.442,102,234,.436,79,100,.790,54,174,228,86,58,46,67,107,603
178,Gerald Green,26,NJN,31,2,781,154,320,.481,43,110,.391,49,65,.754,15,93,108,34,28,17,55,80,400
179,Willie Green,30,ATL,53,2,922,153,325,.471,50,113,.442,48,56,.857,15,65,80,40,23,6,33,74,404
180,Donte Greene,23,SAC,53,7,777,108,266,.406,25,105,.238,44,55,.800,19,114,133,34,18,29,32,67,285
Rk,Player,Age,Tm,G,GS,MP,FG,FGA,FG%,3P,3PA,3P%,FT,FTA,FT%,ORB,DRB,TRB,AST,STL,BLK,TOV,PF,PTS
181,Blake Griffin,22,LAC,66,66,2392,561,1022,.549,2,16,.125,244,468,.521,218,499,717,210,54,48,150,216,1368
182,Hamed Haddadi,26,MEM,35,0,206,26,48,.542,0,1,.000,18,26,.692,28,43,71,8,1,26,21,43,70
183,Jordan Hamilton,21,DEN,26,2,258,48,111,.432,17,47,.362,2,5,.400,11,51,62,20,4,3,16,15,115
184,Richard Hamilton,33,CHI,28,28,697,140,310,.452,17,46,.370,29,37,.784,20,46,66,84,12,1,49,56,326
185,Tyler Hansbrough,26,IND,66,0,1442,194,479,.405,0,1,.000,226,278,.813,113,177,290,30,54,9,65,159,614
186,Luke Harangody,24,CLE,21,1,231,23,65,.354,5,21,.238,9,12,.750,20,33,53,6,6,3,4,17,60
187,James Harden,22,OKC,62,2,1946,309,629,.491,114,292,.390,312,369,.846,30,222,252,229,62,15,137,150,1044
188,Justin Harper,22,ORL,14,0,84,9,31,.290,2,13,.154,0,1,.000,3,9,12,2,2,3,6,5,20
189,Josh Harrellson,22,NYK,37,4,540,63,149,.423,20,59,.339,16,26,.615,47,97,144,11,23,20,20,48,162
190,Al Harrington,31,DEN,64,1,1761,345,773,.446,101,303,.333,119,176,.676,72,318,390,88,58,12,112,181,910
191,Devin Harris,28,UTA,63,63,1741,241,542,.445,77,213,.362,156,209,.746,12,100,112,316,64,13,122,136,715
192,Manny Harris,22,CLE,26,5,456,60,150,.400,12,36,.333,41,59,.695,11,59,70,31,13,6,27,28,173
193,Terrel Harris,24,MIA,22,1,318,29,83,.349,8,39,.205,14,21,.667,18,33,51,26,9,2,25,34,80
194,Tobias Harris,19,MIL,42,9,479,79,169,.467,6,23,.261,44,54,.815,30,71,101,22,13,7,31,45,208
195,Udonis Haslem,31,MIA,64,10,1589,151,357,.423,0,0,,83,102,.814,117,353,470,42,35,24,60,142,385
196,Spencer Hawes,23,PHI,37,29,920,156,319,.489,3,12,.250,40,55,.727,78,192,270,98,16,48,55,100,355
197,Chuck Hayes,28,SAC,54,9,1039,73,170,.429,0,2,.000,26,39,.667,72,162,234,77,36,17,50,111,172
198,Gordon Hayward,21,UTA,66,58,2015,267,586,.456,55,159,.346,193,232,.832,59,171,230,207,53,41,109,106,782
199,Lazar Hayward,25,OKC,26,0,141,13,38,.342,4,14,.286,7,12,.583,2,14,16,4,3,1,9,18,37
200,Brendan Haywood,32,DAL,54,54,1146,118,228,.518,0,0,,45,96,.469,139,185,324,19,24,54,46,121,281
Rk,Player,Age,Tm,G,GS,MP,FG,FGA,FG%,3P,3PA,3P%,FT,FTA,FT%,ORB,DRB,TRB,AST,STL,BLK,TOV,PF,PTS
201,Gerald Henderson,24,CHA,55,55,1831,332,723,.459,11,47,.234,155,204,.760,64,161,225,126,49,20,100,128,830
202,Xavier Henry,20,NOH,45,0,759,90,228,.395,7,17,.412,52,85,.612,24,82,106,35,26,8,35,59,239
203,Roy Hibbert,25,IND,65,65,1937,332,668,.497,0,1,.000,170,239,.711,213,359,572,108,32,128,128,195,834
204,J.J. Hickson,23,TOT,54,19,1244,183,392,.467,0,2,.000,86,134,.642,133,202,335,45,30,35,70,85,452
204,J.J. Hickson,23,SAC,35,9,644,64,173,.370,0,1,.000,37,58,.638,67,110,177,22,18,17,39,44,165
204,J.J. Hickson,23,POR,19,10,600,119,219,.543,0,1,.000,49,76,.645,66,92,158,23,12,18,31,41,287
205,Cory Higgins,22,CHA,38,0,423,52,160,.325,4,20,.200,42,60,.700,7,28,35,36,5,6,39,40,150
206,Nene Hilario,29,TOT,39,33,1110,211,393,.537,0,4,.000,113,168,.673,63,228,291,80,42,38,96,95,535
206,Nene Hilario,29,DEN,28,27,826,143,281,.509,0,2,.000,90,133,.677,43,165,208,61,36,25,77,69,376
206,Nene Hilario,29,WAS,11,6,284,68,112,.607,0,2,.000,23,35,.657,20,63,83,19,6,13,19,26,159
207,George Hill,25,IND,50,9,1274,168,380,.442,54,147,.367,91,117,.778,31,120,151,145,42,17,52,98,481
208,Grant Hill,39,PHO,49,46,1378,201,451,.446,14,53,.264,83,109,.761,29,142,171,107,41,29,65,88,499
209,Jordan Hill,24,TOT,39,8,551,82,165,.497,0,3,.000,30,47,.638,61,125,186,16,14,27,31,71,194
209,Jordan Hill,24,HOU,32,7,469,68,135,.504,0,3,.000,25,39,.641,47,108,155,14,9,21,24,60,161
209,Jordan Hill,24,LAL,7,1,82,14,30,.467,0,0,,5,8,.625,14,17,31,2,5,6,7,11,33
210,Kirk Hinrich,31,ATL,48,31,1237,122,295,.414,47,136,.346,25,32,.781,11,90,101,132,38,11,58,100,316
211,Darington Hobson,24,MIL,5,0,39,2,13,.154,0,6,.000,0,0,,0,3,3,6,0,0,2,1,4
212,Jrue Holiday,21,PHI,65,65,2196,360,834,.432,65,171,.380,94,120,.783,57,155,212,290,103,18,135,137,879
213,Ryan Hollins,27,TOT,39,8,522,46,84,.548,0,0,,39,75,.520,34,48,82,9,5,17,35,78,131
213,Ryan Hollins,27,CLE,24,7,362,28,56,.500,0,0,,33,55,.600,25,31,56,6,4,12,24,55,89
213,Ryan Hollins,27,BOS,15,1,160,18,28,.643,0,0,,6,20,.300,9,17,26,3,1,5,11,23,42
214,Tyler Honeycutt,21,SAC,15,0,88,8,24,.333,1,3,.333,3,5,.600,3,11,14,7,4,3,2,3,20
215,Al Horford,25,ATL,11,11,348,57,103,.553,0,1,.000,22,30,.733,26,51,77,24,10,14,16,21,136
216,Dennis Horner,23,NJN,8,0,22,1,4,.250,0,1,.000,3,4,.750,2,3,5,0,0,0,1,1,5
217,Dwight Howard,26,ORL,54,54,2070,416,726,.573,0,7,.000,281,572,.491,200,585,785,104,81,116,175,159,1113
218,Josh Howard,31,UTA,43,18,991,144,361,.399,9,37,.243,75,97,.773,39,119,158,50,32,10,53,91,372
219,Juwan Howard,38,MIA,28,0,190,17,55,.309,0,0,,8,10,.800,18,29,47,10,4,1,20,18,42
220,Lester Hudson,27,TOT,16,0,334,62,162,.383,16,64,.250,34,41,.829,7,39,46,36,14,3,32,26,174
220,Lester Hudson,27,CLE,13,0,314,59,151,.391,15,61,.246,32,38,.842,7,39,46,35,14,3,30,26,165
220,Lester Hudson,27,MEM,3,0,20,3,11,.273,1,3,.333,2,3,.667,0,0,0,1,0,0,2,0,9
Rk,Player,Age,Tm,G,GS,MP,FG,FGA,FG%,3P,3PA,3P%,FT,FTA,FT%,ORB,DRB,TRB,AST,STL,BLK,TOV,PF,PTS
221,Larry Hughes,33,ORL,9,0,114,5,22,.227,1,7,.143,1,2,.500,1,4,5,7,2,0,12,10,12
222,Kris Humphries,26,NJN,62,62,2162,323,671,.481,0,0,,209,278,.752,233,448,681,90,50,74,119,173,855
223,Serge Ibaka,22,OKC,66,66,1792,262,490,.535,1,3,.333,78,118,.661,193,305,498,28,33,241,79,179,603
224,Andre Iguodala,28,PHI,62,62,2209,287,632,.454,76,193,.394,121,196,.617,56,325,381,339,107,30,115,92,771
225,Ersan Ilyasova,24,MIL,60,41,1655,294,597,.492,51,112,.455,143,183,.781,196,333,529,71,42,44,76,133,782
226,Kyrie Irving,19,CLE,51,51,1558,350,747,.469,73,183,.399,171,196,.872,44,147,191,275,54,20,160,110,944
227,Royal Ivey,30,OKC,34,0,354,26,73,.356,18,53,.340,1,8,.125,1,23,24,10,14,0,9,36,71
228,Jarrett Jack,28,NOH,45,39,1530,266,583,.456,39,112,.348,129,148,.872,23,153,176,285,31,9,106,93,700
229,Reggie Jackson,21,OKC,45,0,501,51,159,.321,13,62,.210,25,29,.862,14,39,53,71,25,1,36,31,140
230,Stephen Jackson,33,TOT,47,14,1212,159,425,.374,49,170,.288,94,114,.825,22,141,163,118,54,13,103,99,461
230,Stephen Jackson,33,MIL,26,13,712,97,272,.357,30,108,.278,50,60,.833,16,66,82,77,26,6,66,61,274
230,Stephen Jackson,33,SAS,21,1,500,62,153,.405,19,62,.306,44,54,.815,6,75,81,41,28,7,37,38,187
231,Damion James,24,NJN,7,7,170,13,35,.371,0,1,.000,8,12,.667,7,26,33,3,7,7,12,17,34
232,LeBron James,27,MIA,62,62,2326,621,1169,.531,54,149,.362,387,502,.771,94,398,492,387,115,50,213,96,1683
233,Mike James,36,CHI,11,0,120,20,49,.408,6,10,.600,7,8,.875,2,8,10,29,4,2,14,20,53
234,Antawn Jamison,35,CLE,65,65,2151,421,1044,.403,91,267,.341,185,271,.683,123,285,408,131,51,43,90,164,1118
235,Al Jefferson,27,UTA,61,61,2075,516,1048,.492,1,4,.250,137,177,.774,133,452,585,134,47,101,62,155,1170
236,Richard Jefferson,31,TOT,63,44,1748,203,488,.416,113,269,.420,59,85,.694,26,193,219,88,37,19,50,121,578
236,Richard Jefferson,31,SAS,41,41,1168,132,319,.414,80,190,.421,35,50,.700,18,125,143,55,25,12,32,83,379
236,Richard Jefferson,31,GSW,22,3,580,71,169,.420,33,79,.418,24,35,.686,8,68,76,33,12,7,18,38,199
237,Jared Jeffries,30,NYK,39,4,729,59,144,.410,3,16,.188,49,72,.681,69,83,152,26,29,25,29,89,170
238,Charles Jenkins,22,GSW,51,28,893,130,291,.447,3,20,.150,34,39,.872,8,60,68,170,33,6,60,85,297
239,Brandon Jennings,22,MIL,66,66,2331,469,1121,.418,129,388,.332,193,239,.808,49,177,226,365,104,22,146,114,1260
240,Jonas Jerebko,24,DET,64,13,1468,212,453,.468,32,106,.302,100,124,.806,96,212,308,43,41,21,66,162,556
Rk,Player,Age,Tm,G,GS,MP,FG,FGA,FG%,3P,3PA,3P%,FT,FTA,FT%,ORB,DRB,TRB,AST,STL,BLK,TOV,PF,PTS
241,Yi Jianlian,24,DAL,30,0,203,31,82,.378,3,10,.300,14,21,.667,12,37,49,5,7,8,14,23,79
242,Amir Johnson,24,TOR,64,43,1553,196,340,.576,2,5,.400,58,84,.690,149,259,408,79,33,69,94,209,452
243,Armon Johnson,22,TOT,9,0,124,20,43,.465,1,3,.333,6,6,1.000,1,12,13,11,5,0,6,9,47
243,Armon Johnson,22,POR,1,0,5,1,1,1.000,0,0,,0,0,,0,1,1,0,1,0,1,0,2
243,Armon Johnson,22,NJN,8,0,119,19,42,.452,1,3,.333,6,6,1.000,1,11,12,11,4,0,5,9,45
244,Carldell Johnson,29,NOH,15,0,119,11,35,.314,4,15,.267,1,3,.333,1,8,9,22,8,0,7,11,27
245,Chris Johnson,26,TOT,27,0,175,20,41,.488,0,0,,15,19,.789,15,25,40,2,6,9,15,33,55
245,Chris Johnson,26,POR,20,0,93,11,23,.478,0,0,,10,12,.833,8,10,18,1,1,8,7,20,32
245,Chris Johnson,26,NOH,7,0,82,9,18,.500,0,0,,5,7,.714,7,15,22,1,5,1,8,13,23
246,Ivan Johnson,27,ATL,56,0,934,141,275,.513,2,6,.333,72,100,.720,65,161,226,32,43,18,69,116,356
247,JaJuan Johnson,22,BOS,36,0,298,54,121,.446,0,0,,6,9,.667,20,38,58,6,5,14,14,25,114
248,James Johnson,24,TOR,62,40,1561,233,518,.450,19,60,.317,81,115,.704,74,218,292,122,71,84,101,177,566
249,Joe Johnson,30,ATL,60,60,2127,423,931,.454,125,322,.388,158,186,.849,53,168,221,232,48,13,116,75,1129
250,Trey Johnson,27,NOH,11,0,61,8,14,.571,0,0,,5,5,1.000,3,9,12,4,1,0,5,10,21
251,Wesley Johnson,24,MIN,65,64,1469,158,397,.398,53,169,.314,24,34,.706,24,153,177,59,35,48,60,115,393
252,Dahntay Jones,31,IND,65,3,1052,115,281,.409,33,77,.429,83,99,.838,23,94,117,63,23,11,46,119,346
253,Dominique Jones,23,DAL,33,1,268,29,73,.397,1,8,.125,29,37,.784,9,35,44,42,10,5,28,28,88
254,James Jones,31,MIA,51,10,666,57,150,.380,46,114,.404,25,30,.833,6,43,49,19,17,9,10,45,185
255,Solomon Jones,27,TOT,21,1,292,24,61,.393,0,0,,19,23,.826,32,26,58,9,9,11,18,43,67
255,Solomon Jones,27,LAC,10,0,96,1,8,.125,0,0,,4,5,.800,11,6,17,2,4,5,5,12,6
255,Solomon Jones,27,NOH,11,1,196,23,53,.434,0,0,,15,18,.833,21,20,41,7,5,6,13,31,61
256,DeAndre Jordan,23,LAC,66,66,1798,206,326,.632,0,1,.000,74,141,.525,202,344,546,17,30,135,74,189,486
257,Jerome Jordan,25,NYK,21,0,108,17,33,.515,0,0,,8,10,.800,14,13,27,4,1,6,2,15,42
258,Cory Joseph,20,SAS,29,1,266,22,70,.314,3,15,.200,11,17,.647,5,20,25,34,7,3,12,16,58
259,Chris Kaman,29,NOH,47,33,1372,266,597,.446,0,0,,84,107,.785,89,275,364,101,25,77,129,106,616
260,Enes Kanter,19,UTA,66,0,874,117,236,.496,0,1,.000,70,105,.667,107,171,278,8,18,23,54,87,304
Rk,Player,Age,Tm,G,GS,MP,FG,FGA,FG%,3P,3PA,3P%,FT,FTA,FT%,ORB,DRB,TRB,AST,STL,BLK,TOV,PF,PTS
261,Jason Kapono,30,LAL,27,0,269,21,55,.382,8,27,.296,4,4,1.000,2,12,14,11,3,0,6,21,54
262,D.J. Kennedy,22,CLE,2,0,59,5,12,.417,2,4,.500,0,2,.000,1,6,7,3,2,0,3,7,12
263,Jason Kidd,38,DAL,48,48,1379,99,273,.363,79,223,.354,22,28,.786,15,183,198,264,82,10,91,83,299
264,Linas Kleiza,27,TOR,49,3,1057,165,410,.402,62,179,.346,81,100,.810,42,157,199,46,23,4,64,119,473
265,Brandon Knight,20,DET,66,60,2129,319,769,.415,105,276,.380,104,137,.759,33,178,211,251,49,10,171,154,847
266,Kyle Korver,30,CHI,65,7,1469,178,412,.432,118,271,.435,55,66,.833,26,133,159,112,36,15,53,110,529
267,Kosta Koufos,22,DEN,48,24,792,115,192,.599,0,0,,33,55,.600,95,163,258,15,24,41,33,96,263
268,Carl Landry,28,NOH,41,8,999,182,362,.503,0,3,.000,147,184,.799,78,136,214,38,13,12,64,89,511
269,Ty Lawson,24,DEN,61,61,2124,374,767,.488,73,200,.365,178,216,.824,54,173,227,401,82,6,149,94,999
270,Courtney Lee,26,HOU,58,26,1757,251,580,.433,87,217,.401,71,86,.826,26,133,159,88,68,22,64,106,660
271,David Lee,28,GSW,57,57,2121,464,922,.503,0,5,.000,219,280,.782,171,374,545,162,54,22,149,179,1147
272,Malcolm Lee,21,MIN,19,0,243,23,59,.390,2,10,.200,14,17,.824,9,17,26,31,8,4,17,22,62
273,Kawhi Leonard,20,SAS,64,39,1534,199,404,.493,41,109,.376,68,88,.773,104,223,327,70,85,24,44,88,507
274,Travis Leslie,21,LAC,10,0,45,5,14,.357,0,0,,4,9,.444,6,3,9,5,2,2,2,4,14
275,Jon Leuer,22,MIL,46,12,555,97,191,.508,3,9,.333,21,28,.750,45,75,120,25,14,17,18,67,218
276,Rashard Lewis,32,WAS,28,15,729,85,221,.385,16,67,.239,31,37,.838,34,75,109,27,23,10,32,49,217
277,DeAndre Liggins,23,ORL,17,0,115,12,25,.480,0,4,.000,9,19,.474,6,9,15,5,6,0,10,6,33
278,Jeremy Lin,23,NYK,35,25,940,171,383,.446,24,75,.320,146,183,.798,18,89,107,216,55,9,126,78,512
279,Shaun Livingston,26,MIL,58,27,1092,127,271,.469,2,3,.667,62,79,.785,39,84,123,122,27,20,66,79,318
280,Brook Lopez,23,NJN,5,5,136,38,77,.494,0,0,,20,32,.625,8,10,18,6,1,4,6,8,96
Rk,Player,Age,Tm,G,GS,MP,FG,FGA,FG%,3P,3PA,3P%,FT,FTA,FT%,ORB,DRB,TRB,AST,STL,BLK,TOV,PF,PTS
281,Robin Lopez,23,PHO,64,0,895,124,269,.461,0,0,,100,140,.714,90,119,209,20,18,60,43,128,348
282,Kevin Love,23,MIN,55,55,2145,474,1059,.448,105,282,.372,379,460,.824,226,508,734,111,47,28,128,152,1432
283,Kyle Lowry,25,HOU,47,38,1510,210,513,.409,79,211,.374,171,198,.864,38,176,214,310,73,14,130,133,670
284,John Lucas,29,CHI,49,2,726,143,358,.399,55,140,.393,28,32,.875,22,54,76,108,19,1,42,42,369
285,Shelvin Mack,22,WAS,64,0,779,88,220,.400,12,42,.286,42,59,.712,12,80,92,131,28,2,48,50,230
286,Vernon Macklin,25,DET,23,0,135,19,35,.543,0,0,,8,14,.571,14,20,34,5,4,4,3,9,46
287,Corey Maggette,32,CHA,32,28,881,139,373,.373,24,66,.364,178,208,.856,21,104,125,39,23,1,59,83,480
288,Jamaal Magloire,33,TOR,34,1,374,17,45,.378,0,0,,7,27,.259,25,88,113,6,4,10,22,66,41
289,Ian Mahinmi,25,DAL,61,12,1139,130,238,.546,0,1,.000,94,147,.639,108,181,289,12,38,31,50,176,354
290,Shawn Marion,33,DAL,63,63,1919,288,646,.446,20,68,.294,74,93,.796,145,320,465,132,67,36,98,87,670
291,Cartier Martin,27,WAS,17,2,391,59,134,.440,29,75,.387,11,19,.579,12,46,58,10,11,2,13,35,158
292,Kenyon Martin,34,LAC,42,0,940,97,220,.441,3,13,.231,20,54,.370,49,132,181,18,44,43,32,103,217
293,Kevin Martin,28,HOU,40,40,1264,222,537,.413,78,225,.347,160,179,.894,13,93,106,110,28,3,70,70,682
294,Roger Mason,31,WAS,52,0,697,103,258,.399,59,154,.383,21,27,.778,7,62,69,47,13,5,32,33,286
295,Wesley Matthews,25,POR,66,53,2228,314,763,.412,129,337,.383,147,171,.860,56,168,224,113,96,15,73,148,904
296,Jason Maxiell,28,DET,65,42,1466,183,383,.478,0,2,.000,58,106,.547,126,207,333,41,32,50,71,151,424
297,Eric Maynor,24,OKC,9,0,137,14,39,.359,6,17,.353,4,4,1.000,3,10,13,22,5,0,11,13,38
298,O.J. Mayo,24,MEM,66,0,1771,300,736,.408,100,275,.364,133,172,.773,30,180,210,169,71,23,124,137,833
299,Luc Mbah a Moute,25,MIL,43,22,1009,133,261,.510,1,4,.250,66,103,.641,77,150,227,29,40,22,39,93,333
300,JaVale McGee,24,TOT,61,45,1535,307,552,.556,0,0,,77,167,.461,163,314,477,31,35,132,87,166,691
300,JaVale McGee,24,WAS,41,40,1124,214,400,.535,0,0,,58,116,.500,127,235,362,25,25,101,68,118,486
300,JaVale McGee,24,DEN,20,5,411,93,152,.612,0,0,,19,51,.373,36,79,115,6,10,31,19,48,205
Rk,Player,Age,Tm,G,GS,MP,FG,FGA,FG%,3P,3PA,3P%,FT,FTA,FT%,ORB,DRB,TRB,AST,STL,BLK,TOV,PF,PTS
301,Tracy McGrady,32,ATL,52,0,837,101,231,.437,15,33,.455,56,83,.675,23,131,154,110,16,15,53,35,273
302,Dominic McGuire,26,GSW,64,6,1127,94,210,.448,0,4,.000,39,53,.736,73,173,246,110,44,36,56,104,227
303,Josh McRoberts,24,LAL,50,6,718,56,118,.475,3,7,.429,23,36,.639,61,110,171,51,15,18,31,74,138
304,Jodie Meeks,24,PHI,66,50,1644,191,467,.409,97,266,.365,77,85,.906,17,144,161,54,40,3,29,82,556
305,C.J. Miles,24,UTA,56,14,1145,177,465,.381,46,150,.307,108,136,.794,27,89,116,69,46,18,53,122,508
306,Darko Milicic,26,MIN,29,23,472,59,130,.454,0,0,,16,37,.432,35,62,97,17,9,25,32,59,134
307,Andre Miller,35,DEN,66,7,1809,242,552,.438,18,83,.217,137,169,.811,53,168,221,441,63,9,177,133,639
308,Brad Miller,35,MIN,15,1,146,9,27,.333,7,15,.467,10,12,.833,4,15,19,24,4,2,12,10,35
309,Mike Miller,31,MIA,39,2,752,91,209,.435,53,117,.453,2,5,.400,22,106,128,42,14,6,30,58,237
310,Patrick Mills,23,SAS,16,3,261,63,130,.485,24,56,.429,15,15,1.000,4,24,28,39,10,1,26,14,165
311,Paul Millsap,26,UTA,64,62,2100,426,861,.495,7,31,.226,202,255,.792,180,383,563,150,118,52,112,222,1061
312,Nazr Mohammed,34,OKC,63,1,692,79,169,.467,0,1,.000,13,23,.565,59,111,170,14,20,37,26,101,171
313,Greg Monroe,21,DET,66,66,2082,407,781,.521,0,1,.000,201,272,.739,239,398,637,152,83,46,161,180,1015
314,Jamario Moon,31,CHA,8,0,123,7,24,.292,2,10,.200,2,2,1.000,2,20,22,5,1,5,8,5,18
315,E'Twaun Moore,22,BOS,38,0,331,43,113,.381,17,45,.378,7,7,1.000,4,29,33,34,11,3,21,33,110
316,Mikki Moore,36,GSW,7,0,118,9,20,.450,0,0,,6,7,.857,7,15,22,5,3,3,7,24,24
317,Darius Morris,21,LAL,19,0,169,18,42,.429,4,9,.444,6,9,.667,2,14,16,21,2,0,19,16,46
318,Marcus Morris,22,HOU,17,0,126,16,54,.296,2,17,.118,6,8,.750,5,11,16,3,2,2,4,12,40
319,Markieff Morris,22,PHO,63,7,1227,174,436,.399,43,124,.347,76,106,.717,69,210,279,65,41,42,70,179,467
320,Anthony Morrow,26,NJN,62,18,1636,272,658,.413,106,286,.371,97,104,.933,31,96,127,61,46,9,70,86,747
Rk,Player,Age,Tm,G,GS,MP,FG,FGA,FG%,3P,3PA,3P%,FT,FTA,FT%,ORB,DRB,TRB,AST,STL,BLK,TOV,PF,PTS
321,Timofey Mozgov,25,DEN,44,35,687,100,190,.526,0,0,,39,57,.684,53,126,179,22,15,42,53,86,239
322,Byron Mullens,22,CHA,65,25,1465,251,591,.425,12,51,.235,92,112,.821,96,231,327,57,21,52,74,137,606
323,Troy Murphy,31,LAL,59,0,956,77,171,.450,28,67,.418,6,9,.667,40,151,191,51,15,16,26,98,188
324,Hamady N'Diaye,25,WAS,3,0,3,0,1,.000,0,0,,0,0,,0,0,0,0,0,0,0,0,0
325,Eduardo Najera,35,CHA,22,0,270,24,64,.375,8,29,.276,2,4,.500,11,39,50,12,19,4,7,40,58
326,Steve Nash,37,PHO,62,62,1961,295,555,.532,55,141,.390,127,142,.894,26,160,186,664,38,8,229,53,772
327,Gary Neal,27,SAS,56,7,1206,212,486,.436,83,198,.419,50,64,.781,12,106,118,117,27,2,60,75,557
328,Jameer Nelson,29,ORL,57,57,1706,259,606,.427,87,231,.377,71,88,.807,29,152,181,325,38,5,135,130,676
329,Joakim Noah,26,CHI,64,64,1945,249,490,.508,0,1,.000,154,206,.748,242,387,629,160,41,92,92,162,652
330,Andres Nocioni,32,PHI,11,1,56,5,20,.250,1,6,.167,6,11,.545,1,13,14,1,1,1,5,4,17
331,Steve Novak,28,NYK,54,0,1020,161,337,.478,133,282,.472,22,26,.846,9,95,104,12,16,9,21,59,477
332,Dirk Nowitzki,33,DAL,62,62,2079,473,1034,.457,78,212,.368,318,355,.896,46,373,419,136,42,30,117,129,1342
333,Jermaine O'Neal,33,BOS,25,24,570,52,120,.433,0,0,,21,31,.677,37,98,135,10,8,43,21,80,125
334,Lamar Odom,32,DAL,50,4,1027,123,349,.352,28,111,.252,58,98,.592,36,172,208,83,20,18,52,97,332
335,Emeka Okafor,29,NOH,27,27,781,114,214,.533,0,0,,38,74,.514,70,143,213,24,16,26,37,73,266
336,Mehmet Okur,32,NJN,17,14,454,52,139,.374,23,72,.319,3,5,.600,22,59,81,30,9,5,25,45,130
337,Daniel Orton,21,ORL,16,2,187,17,30,.567,0,1,.000,11,25,.440,19,20,39,5,8,9,7,30,45
338,Travis Outlaw,27,SAC,39,5,500,60,175,.343,16,60,.267,31,46,.674,19,42,61,16,19,21,20,34,167
339,Larry Owens,29,NJN,7,0,75,4,11,.364,2,5,.400,3,4,.750,2,11,13,4,0,1,2,10,13
340,Zaza Pachulia,27,ATL,58,44,1640,169,339,.499,0,0,,117,158,.741,154,303,457,79,55,29,81,172,455
Rk,Player,Age,Tm,G,GS,MP,FG,FGA,FG%,3P,3PA,3P%,FT,FTA,FT%,ORB,DRB,TRB,AST,STL,BLK,TOV,PF,PTS
341,Jannero Pargo,32,ATL,50,0,671,105,253,.415,53,138,.384,19,20,.950,9,64,73,96,20,2,49,64,282
342,Jeremy Pargo,25,MEM,44,5,424,50,150,.333,10,38,.263,16,27,.593,12,25,37,55,15,0,46,46,126
343,Anthony Parker,36,CLE,51,51,1280,141,326,.433,50,138,.362,35,56,.625,10,128,138,120,38,7,50,65,367
344,Tony Parker,29,SAS,60,60,1923,427,890,.480,14,61,.230,227,284,.799,22,149,171,463,57,5,153,75,1095
345,Chandler Parsons,23,HOU,63,57,1804,248,549,.452,60,178,.337,43,78,.551,90,210,300,134,73,29,81,142,599
346,Patrick Patterson,22,HOU,64,1,1483,225,511,.440,0,3,.000,40,57,.702,112,174,286,53,27,36,49,113,490
347,Chris Paul,26,LAC,60,60,2181,425,890,.478,79,213,.371,260,302,.861,42,171,213,543,152,4,124,138,1189
348,Sasha Pavlovic,28,BOS,45,7,527,50,128,.391,17,58,.293,3,8,.375,4,68,72,18,20,15,20,54,120
349,Nikola Pekovic,26,MIN,47,35,1264,256,454,.564,0,0,,139,187,.743,181,165,346,31,29,31,87,98,651
350,Jeff Pendergraph,24,IND,20,1,106,15,36,.417,0,0,,4,7,.571,12,21,33,4,3,2,2,16,34
351,Kendrick Perkins,27,OKC,65,65,1744,128,262,.489,0,0,,73,112,.652,120,306,426,78,25,73,118,189,329
352,Johan Petro,26,NJN,59,10,920,109,260,.419,1,1,1.000,31,37,.838,68,156,224,45,21,23,38,122,250
353,Paul Pierce,34,BOS,61,61,2075,394,890,.443,100,273,.366,293,344,.852,37,280,317,274,70,26,173,147,1181
354,Mickael Pietrus,29,BOS,42,6,921,104,270,.385,61,182,.335,20,31,.645,18,112,130,25,21,10,33,81,289
355,Dexter Pittman,23,MIA,35,6,301,44,94,.468,0,0,,18,28,.643,27,44,71,9,8,8,17,73,106
356,Quincy Pondexter,23,MEM,64,8,1002,108,239,.452,22,73,.301,33,53,.623,55,71,126,27,27,5,30,90,271
357,A.J. Price,25,IND,44,1,568,59,174,.339,26,88,.295,28,35,.800,13,48,61,86,20,2,32,30,172
358,Ronnie Price,28,PHO,36,8,517,49,130,.377,13,44,.295,20,25,.800,18,38,56,67,34,3,46,72,131
359,Tayshaun Prince,31,DET,63,63,2087,336,798,.421,37,104,.356,89,115,.774,72,209,281,153,27,33,74,77,798
360,Joel Przybilla,32,POR,27,19,449,22,48,.458,0,0,,11,18,.611,29,109,138,6,4,16,22,66,55
Rk,Player,Age,Tm,G,GS,MP,FG,FGA,FG%,3P,3PA,3P%,FT,FTA,FT%,ORB,DRB,TRB,AST,STL,BLK,TOV,PF,PTS
361,Vladimir Radmanovic,31,ATL,49,3,755,74,197,.376,50,135,.370,22,29,.759,34,109,143,54,21,15,35,62,220
362,Anthony Randolph,22,MIN,34,5,517,94,200,.470,0,1,.000,64,84,.762,42,81,123,19,13,35,40,56,252
363,Zach Randolph,30,MEM,28,8,735,132,285,.463,2,8,.250,58,88,.659,78,147,225,48,21,4,40,57,324
364,Michael Redd,32,PHO,51,2,770,144,360,.400,42,132,.318,88,111,.793,14,63,77,33,13,0,37,29,418
365,J.J. Redick,27,ORL,65,22,1765,248,584,.425,112,268,.418,143,157,.911,18,132,150,164,27,6,68,92,751
366,Ryan Reid,25,OKC,5,0,17,4,5,.800,0,0,,0,0,,1,1,2,0,0,0,1,1,8
367,Jason Richardson,31,ORL,54,54,1591,243,596,.408,102,277,.368,41,69,.594,36,158,194,107,53,22,60,91,629
368,Quentin Richardson,31,ORL,48,3,866,74,197,.376,42,121,.347,25,30,.833,15,108,123,38,28,6,29,74,215
369,Luke Ridnour,30,MIN,53,53,1750,242,550,.440,49,152,.322,106,119,.891,19,122,141,252,56,16,96,136,639
370,Nate Robinson,27,GSW,51,9,1192,205,484,.424,66,181,.365,94,113,.832,15,85,100,231,59,2,75,118,570
371,Rajon Rondo,25,BOS,53,53,1957,256,572,.448,10,42,.238,108,181,.597,62,195,257,620,95,3,193,99,630
372,Derrick Rose,23,CHI,39,39,1375,302,695,.435,54,173,.312,194,239,.812,26,105,131,307,35,28,119,52,852
373,Ricky Rubio,21,MIN,41,31,1404,139,389,.357,32,94,.340,126,157,.803,21,150,171,336,91,8,131,97,436
374,Brandon Rush,26,GSW,65,1,1717,235,469,.501,99,219,.452,65,82,.793,33,218,251,88,35,58,68,64,634
375,Walker Russell,29,DET,28,0,357,33,95,.347,4,13,.308,14,22,.636,7,19,26,58,18,1,33,29,84
376,John Salmons,32,SAC,46,32,1250,141,345,.409,33,112,.295,29,45,.644,20,114,134,93,37,7,45,77,344
377,Samardo Samuels,23,CLE,54,0,825,105,231,.455,0,0,,82,117,.701,63,117,180,20,20,20,56,113,292
378,Larry Sanders,23,MIL,52,0,643,84,184,.457,0,2,.000,18,38,.474,62,98,160,33,32,76,43,133,186
379,Brian Scalabrine,33,CHI,28,0,122,14,30,.467,1,7,.143,3,6,.500,8,13,21,15,5,6,9,9,32
380,Luis Scola,31,HOU,66,66,2067,436,888,.491,0,3,.000,153,198,.773,122,306,428,140,35,24,153,214,1025
Rk,Player,Age,Tm,G,GS,MP,FG,FGA,FG%,3P,3PA,3P%,FT,FTA,FT%,ORB,DRB,TRB,AST,STL,BLK,TOV,PF,PTS
381,Thabo Sefolosha,27,OKC,42,42,914,67,155,.432,31,71,.437,38,43,.884,21,107,128,47,37,17,40,78,203
382,Josh Selby,20,MEM,28,0,237,25,72,.347,2,15,.133,11,14,.786,2,13,15,30,7,0,29,17,63
383,Kevin Seraphin,22,WAS,57,21,1176,203,382,.531,0,1,.000,47,70,.671,103,177,280,33,19,76,66,133,453
384,Ramon Sessions,25,TOT,64,23,1707,242,565,.428,43,97,.443,194,248,.782,33,181,214,354,44,3,141,100,721
384,Ramon Sessions,25,CLE,41,4,1006,141,354,.398,26,62,.419,122,147,.830,19,108,127,212,27,1,82,63,430
384,Ramon Sessions,25,LAL,23,19,701,101,211,.479,17,35,.486,72,101,.713,14,73,87,142,17,2,59,37,291
385,Iman Shumpert,21,NYK,59,35,1705,214,534,.401,48,157,.306,87,109,.798,42,144,186,164,101,8,111,173,563
386,Xavier Silas,24,PHI,2,0,39,4,15,.267,1,6,.167,2,3,.667,2,2,4,3,0,0,3,5,11
387,Bobby Simmons,31,LAC,28,0,418,28,90,.311,20,60,.333,4,7,.571,17,38,55,11,15,3,10,41,80
388,Chris Singleton,22,WAS,66,51,1431,116,312,.372,44,127,.346,30,44,.682,43,190,233,49,70,30,38,176,306
389,James Singleton,30,WAS,12,0,262,41,75,.547,2,9,.222,14,15,.933,25,56,81,15,9,8,10,27,98
390,Brian Skinner,35,MEM,1,0,4,0,1,.000,0,0,,0,0,,0,0,0,0,0,0,0,1,0
391,Donald Sloan,24,TOT,33,11,669,79,198,.399,2,25,.080,23,30,.767,18,49,67,105,13,3,49,37,183
391,Donald Sloan,24,ATL,5,0,20,3,8,.375,0,1,.000,0,0,,1,4,5,5,1,0,2,3,6
391,Donald Sloan,24,NOH,3,0,41,5,14,.357,0,2,.000,2,4,.500,2,1,3,8,2,0,5,2,12
391,Donald Sloan,24,CLE,25,11,608,71,176,.403,2,22,.091,21,26,.808,15,44,59,92,10,3,42,32,165
392,Craig Smith,28,POR,47,0,464,59,117,.504,0,1,.000,38,53,.717,33,77,110,19,16,5,24,55,156
393,Greg Smith,21,HOU,8,0,69,7,11,.636,0,0,,0,0,,5,15,20,1,2,5,1,17,14
394,Ishmael Smith,23,TOT,26,1,234,31,81,.383,3,9,.333,7,10,.700,7,28,35,41,15,2,13,15,72
394,Ishmael Smith,23,GSW,6,1,63,12,30,.400,2,5,.400,1,2,.500,2,7,9,9,4,0,1,4,27
394,Ishmael Smith,23,ORL,20,0,171,19,51,.373,1,4,.250,6,8,.750,5,21,26,32,11,2,12,11,45
395,J.R. Smith,26,NYK,35,1,967,165,405,.407,67,193,.347,39,55,.709,29,107,136,84,54,6,46,87,436
396,Jason Smith,25,NOH,40,29,947,181,348,.520,1,9,.111,33,47,.702,72,124,196,34,21,41,40,102,396
397,Jerry Smith,24,NJN,5,0,46,3,14,.214,1,6,.167,0,0,,2,5,7,4,5,0,0,5,7
398,Josh Smith,26,ATL,66,66,2329,504,1101,.458,28,109,.257,203,322,.630,136,496,632,257,93,115,164,172,1239
399,Nolan Smith,23,POR,44,4,541,67,180,.372,13,45,.289,20,28,.714,17,39,56,62,18,3,42,55,167
400,Marreese Speights,24,MEM,60,54,1345,221,488,.453,0,3,.000,84,109,.771,133,241,374,48,21,29,74,147,526
Rk,Player,Age,Tm,G,GS,MP,FG,FGA,FG%,3P,3PA,3P%,FT,FTA,FT%,ORB,DRB,TRB,AST,STL,BLK,TOV,PF,PTS
401,Tiago Splitter,27,SAS,59,2,1121,212,343,.618,0,0,,125,181,.691,93,213,306,65,21,47,87,134,549
402,Jerry Stackhouse,37,ATL,30,0,273,37,100,.370,13,38,.342,21,23,.913,6,17,23,14,10,3,13,12,108
403,Lance Stephenson,21,IND,42,1,442,47,125,.376,4,30,.133,8,17,.471,12,41,53,46,21,5,36,30,106
404,DeShawn Stevenson,30,NJN,51,30,960,49,172,.285,41,145,.283,9,16,.563,7,94,101,41,19,4,19,59,148
405,Greg Stiemsma,26,BOS,55,3,766,66,121,.545,0,0,,29,41,.707,48,129,177,28,37,85,33,144,161
406,Julyan Stone,23,DEN,22,2,179,13,31,.419,2,11,.182,8,11,.727,5,20,25,37,8,6,11,18,36
407,Amare Stoudemire,29,NYK,47,47,1543,316,654,.483,5,21,.238,186,243,.765,106,261,367,52,38,45,112,138,823
408,Rodney Stuckey,25,DET,55,48,1644,256,597,.429,33,104,.317,267,320,.834,38,104,142,210,44,10,106,124,812
409,DaJuan Summers,24,NOH,15,6,209,28,65,.431,5,16,.313,7,9,.778,8,15,23,10,7,0,8,31,68
410,Jeff Teague,23,ATL,66,66,2183,320,672,.476,51,149,.342,140,185,.757,21,138,159,321,106,37,134,145,831
411,Sebastian Telfair,26,PHO,60,1,895,141,342,.412,33,105,.314,53,67,.791,20,71,91,138,41,12,68,120,368
412,Jason Terry,34,DAL,63,1,2000,357,830,.430,138,365,.378,98,111,.883,16,133,149,226,73,11,127,69,950
413,Hasheem Thabeet,24,TOT,20,3,139,11,21,.524,0,0,,13,20,.650,16,26,42,0,1,10,8,20,35
413,Hasheem Thabeet,24,HOU,5,0,23,3,3,1.000,0,0,,0,0,,1,6,7,0,0,2,0,5,6
413,Hasheem Thabeet,24,POR,15,3,116,8,18,.444,0,0,,13,20,.650,15,20,35,0,1,8,8,15,29
414,Isaiah Thomas,22,SAC,65,37,1656,256,571,.448,83,219,.379,154,185,.832,48,120,168,266,53,8,105,121,749
415,Kurt Thomas,39,POR,53,3,803,73,157,.465,0,0,,14,20,.700,39,149,188,46,24,31,31,123,160
416,Lance Thomas,23,NOH,42,10,630,57,126,.452,0,1,.000,52,62,.839,49,77,126,12,10,7,24,78,166
417,Malcolm Thomas,23,SAS,3,0,15,0,3,.000,0,0,,1,2,.500,1,2,3,1,1,1,0,0,1
418,Tyrus Thomas,25,CHA,54,30,1013,120,327,.367,1,3,.333,63,83,.759,49,151,200,35,36,60,53,144,304
419,Trey Thompkins,21,LAC,24,0,119,24,61,.393,4,13,.308,5,7,.714,4,20,24,3,3,3,6,10,57
420,Jason Thompson,25,SAC,64,47,1657,237,443,.535,0,2,.000,109,181,.602,166,277,443,79,43,44,68,149,583
Rk,Player,Age,Tm,G,GS,MP,FG,FGA,FG%,3P,3PA,3P%,FT,FTA,FT%,ORB,DRB,TRB,AST,STL,BLK,TOV,PF,PTS
421,Klay Thompson,21,GSW,66,29,1608,318,718,.443,111,268,.414,79,91,.868,24,137,161,133,49,20,103,155,826
422,Mychel Thompson,23,CLE,5,3,95,7,24,.292,4,11,.364,0,0,,0,5,5,7,2,1,5,8,18
423,Tristan Thompson,20,CLE,60,25,1424,194,442,.439,0,2,.000,106,192,.552,187,202,389,27,27,62,81,134,494
424,Marcus Thornton,24,SAC,51,51,1780,352,803,.438,107,310,.345,141,163,.865,84,104,188,98,71,12,84,111,952
425,Jamaal Tinsley,33,UTA,37,1,507,57,141,.404,10,37,.270,13,17,.765,6,39,45,123,17,8,52,47,137
426,Anthony Tolliver,26,MIN,51,0,882,71,182,.390,25,101,.248,41,55,.745,50,103,153,22,18,19,35,86,208
427,Ronny Turiaf,29,TOT,17,5,279,19,33,.576,0,1,.000,13,22,.591,20,50,70,10,14,17,14,39,51
427,Ronny Turiaf,29,WAS,4,0,58,3,3,1.000,0,0,,0,0,,1,11,12,5,6,3,6,7,6
427,Ronny Turiaf,29,MIA,13,5,221,16,30,.533,0,1,.000,13,22,.591,19,39,58,5,8,14,8,32,45
428,Hedo Turkoglu,32,ORL,53,53,1653,209,504,.415,91,258,.353,67,95,.705,24,175,199,233,45,17,142,139,576
429,Evan Turner,23,PHI,65,20,1713,263,590,.446,11,49,.224,73,108,.676,27,349,376,180,40,20,105,117,610
430,Jeremy Tyler,20,GSW,42,23,568,88,209,.421,0,1,.000,29,52,.558,54,86,140,16,16,20,36,84,205
431,Edwin Ubiles,25,WAS,4,0,52,5,18,.278,1,5,.200,3,3,1.000,2,8,10,1,1,1,1,1,14
432,Ekpe Udoh,24,TOT,61,11,1290,127,295,.431,0,2,.000,86,114,.754,100,154,254,57,40,102,53,174,340
432,Ekpe Udoh,24,GSW,38,6,827,82,185,.443,0,0,,46,64,.719,58,89,147,31,25,65,35,115,210
432,Ekpe Udoh,24,MIL,23,5,463,45,110,.409,0,2,.000,40,50,.800,42,65,107,26,15,37,18,59,130
433,Beno Udrih,29,MIL,59,0,1080,146,332,.440,17,59,.288,39,55,.709,26,76,102,227,37,1,77,69,348
434,Ben Uzoh,23,TOT,18,8,370,35,99,.354,0,1,.000,11,19,.579,19,48,67,61,17,3,19,31,81
434,Ben Uzoh,23,CLE,2,0,13,2,5,.400,0,0,,0,0,,2,2,4,2,1,0,0,1,4
434,Ben Uzoh,23,TOR,16,8,357,33,94,.351,0,1,.000,11,19,.579,17,46,63,59,16,3,19,30,77
435,Anderson Varejao,29,CLE,25,25,785,114,222,.514,0,4,.000,43,64,.672,109,178,287,43,35,17,45,62,271
436,Greivis Vasquez,25,NOH,66,26,1706,225,523,.430,43,135,.319,96,117,.821,23,150,173,359,60,8,148,126,589
437,Jan Vesely,21,WAS,57,20,1078,117,218,.537,0,1,.000,33,62,.532,101,148,249,47,39,32,60,156,267
438,Charlie Villanueva,27,DET,13,0,180,35,91,.385,15,45,.333,6,7,.857,9,39,48,6,7,5,7,25,91
439,Nikola Vucevic,21,PHI,51,15,812,131,291,.450,3,8,.375,18,34,.529,88,158,246,31,20,34,33,111,283
440,Dwyane Wade,30,MIA,49,49,1625,416,837,.497,15,56,.268,235,297,.791,73,164,237,225,82,63,129,110,1082
Rk,Player,Age,Tm,G,GS,MP,FG,FGA,FG%,3P,3PA,3P%,FT,FTA,FT%,ORB,DRB,TRB,AST,STL,BLK,TOV,PF,PTS
441,Von Wafer,26,ORL,33,1,469,71,157,.452,14,39,.359,38,54,.704,6,39,45,29,10,3,35,26,194
442,Bill Walker,24,NYK,32,8,620,68,171,.398,36,113,.319,17,20,.850,9,71,80,37,19,7,35,84,189
443,Kemba Walker,21,CHA,66,25,1792,281,767,.366,69,226,.305,168,213,.789,30,204,234,289,60,20,119,79,799
444,John Wall,21,WAS,66,66,2386,378,894,.423,3,42,.071,317,402,.789,48,252,300,530,95,57,255,137,1076
445,Ben Wallace,37,DET,62,11,980,34,86,.395,1,4,.250,16,47,.340,81,188,269,43,47,51,34,60,85
446,Gerald Wallace,29,TOT,58,58,2076,287,632,.454,46,150,.307,180,225,.800,87,299,386,164,85,36,111,145,800
446,Gerald Wallace,29,POR,42,42,1503,203,430,.472,26,98,.265,125,161,.776,63,214,277,115,62,25,84,107,557
446,Gerald Wallace,29,NJN,16,16,573,84,202,.416,20,52,.385,55,64,.859,24,85,109,49,23,11,27,38,243
447,Luke Walton,31,TOT,30,0,364,24,65,.369,7,20,.350,0,0,,13,36,49,35,5,1,27,41,55
447,Luke Walton,31,LAL,9,0,65,6,14,.429,0,4,.000,0,0,,6,8,14,5,2,0,2,9,12
447,Luke Walton,31,CLE,21,0,299,18,51,.353,7,16,.438,0,0,,7,28,35,30,3,1,25,32,43
448,Hakim Warrick,29,PHO,35,0,503,74,180,.411,1,10,.100,76,99,.768,31,61,92,30,8,3,36,35,225
449,Darryl Watkins,27,NOH,5,0,98,7,14,.500,0,0,,9,18,.500,8,19,27,3,5,4,8,14,23
450,C.J. Watson,27,CHI,49,25,1159,161,437,.368,68,173,.393,84,104,.808,21,84,105,200,45,8,97,103,474
451,Earl Watson,32,UTA,50,2,1033,54,160,.338,10,52,.192,31,46,.674,30,91,121,217,54,22,85,105,149
452,Martell Webster,25,MIN,47,26,1140,115,272,.423,37,109,.339,57,72,.792,42,126,168,40,31,17,46,86,324
453,David West,31,IND,66,66,1925,349,716,.487,2,9,.222,142,176,.807,118,315,433,140,52,46,93,160,842
454,Delonte West,28,DAL,44,33,1060,166,360,.461,27,76,.355,62,70,.886,13,88,101,139,58,11,76,67,421
455,Russell Westbrook,23,OKC,66,66,2331,578,1266,.457,62,196,.316,340,413,.823,96,205,301,362,112,21,239,147,1558
456,D.J. White,25,CHA,58,11,1098,174,353,.493,1,1,1.000,43,61,.705,50,159,209,47,17,23,43,94,392
457,Hassan Whiteside,22,SAC,18,0,109,12,27,.444,0,0,,5,12,.417,16,23,39,0,3,15,5,12,29
458,Chris Wilcox,29,BOS,28,4,481,64,107,.598,0,0,,24,39,.615,38,84,122,12,11,9,30,64,152
459,Damien Wilkins,32,DET,60,2,922,76,193,.394,7,23,.304,34,54,.630,22,78,100,44,29,13,30,85,193
460,Deron Williams,27,NJN,55,55,1999,391,961,.407,115,342,.336,257,305,.843,23,160,183,481,67,20,219,121,1154
Rk,Player,Age,Tm,G,GS,MP,FG,FGA,FG%,3P,3PA,3P%,FT,FTA,FT%,ORB,DRB,TRB,AST,STL,BLK,TOV,PF,PTS
461,Derrick Williams,20,MIN,66,15,1418,205,498,.412,37,138,.268,136,195,.697,77,234,311,38,30,31,77,95,583
462,Elliot Williams,22,POR,24,0,149,37,74,.500,8,27,.296,6,18,.333,7,12,19,6,6,3,5,18,88
463,Jordan Williams,21,NJN,43,5,635,77,152,.507,0,0,,43,66,.652,66,90,156,11,21,15,23,61,197
464,Louis Williams,25,PHI,64,0,1682,318,782,.407,83,229,.362,237,292,.812,30,125,155,221,53,18,71,90,956
465,Marvin Williams,25,ATL,57,37,1500,203,470,.432,58,149,.389,115,146,.788,76,218,294,71,47,18,39,84,579
466,Mo Williams,29,LAC,52,1,1472,260,611,.426,93,239,.389,72,80,.900,23,76,99,160,51,7,86,103,685
467,Reggie Williams,25,CHA,33,13,747,106,255,.416,33,107,.308,29,40,.725,27,66,93,60,20,3,33,34,274
468,Sean Williams,25,TOT,11,0,107,14,22,.636,0,0,,12,13,.923,13,12,25,5,4,8,10,18,40
468,Sean Williams,25,DAL,8,0,65,12,16,.750,0,0,,5,6,.833,9,4,13,2,1,5,7,14,29
468,Sean Williams,25,BOS,3,0,42,2,6,.333,0,0,,7,7,1.000,4,8,12,3,3,3,3,4,11
469,Shawne Williams,25,NJN,25,6,514,42,147,.286,21,87,.241,8,11,.727,20,48,68,16,10,11,13,44,113
470,Shelden Williams,28,NJN,58,35,1276,96,201,.478,0,0,,76,104,.731,141,209,350,35,47,39,66,149,268
471,Terrence Williams,24,TOT,30,0,550,85,198,.429,16,46,.348,27,46,.587,13,89,102,65,20,7,43,35,213
471,Terrence Williams,24,HOU,12,0,181,20,57,.351,8,19,.421,6,12,.500,2,26,28,10,4,1,10,16,54
471,Terrence Williams,24,SAC,18,0,369,65,141,.461,8,27,.296,21,34,.618,11,63,74,55,16,6,33,19,159
472,Metta World Peace,32,LAL,64,45,1720,183,465,.394,56,189,.296,71,115,.617,71,147,218,140,69,27,69,137,493
473,Brandan Wright,24,DAL,49,0,791,144,233,.618,0,1,.000,52,82,.634,62,112,174,13,22,63,21,61,340
474,Chris Wright,23,GSW,24,1,186,23,45,.511,0,0,,24,31,.774,19,26,45,4,7,13,8,22,70
475,Dorell Wright,26,GSW,61,61,1650,222,526,.422,105,292,.360,80,98,.816,60,218,278,94,58,26,51,97,629
476,Nick Young,26,TOT,62,35,1729,316,784,.403,103,282,.365,144,169,.852,31,102,133,56,44,17,83,141,879
476,Nick Young,26,WAS,40,32,1211,240,591,.406,73,197,.371,112,130,.862,20,77,97,46,30,11,59,90,665
476,Nick Young,26,LAC,22,3,518,76,193,.394,30,85,.353,32,39,.821,11,25,36,10,14,6,24,51,214
477,Sam Young,26,TOT,35,2,375,45,127,.354,5,17,.294,19,26,.731,20,42,62,15,17,6,16,23,114
477,Sam Young,26,MEM,21,2,240,32,83,.386,0,9,.000,10,12,.833,14,27,41,9,11,2,9,12,74
477,Sam Young,26,PHI,14,0,135,13,44,.295,5,8,.625,9,14,.643,6,15,21,6,6,4,7,11,40
478,Thaddeus Young,23,PHI,63,1,1755,348,687,.507,1,4,.250,111,144,.771,137,188,325,74,64,41,55,127,808